500 7
0.772230 0.541118 0.577563 0.116902 0.778360 0.643300 0.066311 
0.440779 0.051566 0.257823 0.109714 0.402875 0.347565 0.564818 
0.501756 0.008649 0.215931 0.141322 0.923024 0.846661 0.280926 
0.689877 0.287752 0.796819 0.312290 0.326257 0.620289 0.366874 
0.085174 0.916351 0.490875 0.857404 0.457468 0.068439 0.974306 
0.235828 0.711739 0.040617 0.676607 0.763305 0.298441 0.786321 
0.166180 0.646006 0.351139 0.667936 0.654654 0.567070 0.809258 
0.577678 0.413731 0.090184 0.267555 0.701482 0.887004 0.579845 
0.027739 0.507293 0.946718 0.112913 0.423644 0.437594 0.970317 
0.881112 0.506032 0.944622 0.116940 0.217771 0.985240 0.793547 
0.981076 0.283680 0.579868 0.147255 0.929686 0.931007 0.815191 
0.584340 0.498076 0.624449 0.162018 0.911807 0.714634 0.429573 
0.613289 0.601637 0.009418 0.641029 0.108930 0.956136 0.753942 
0.532574 0.393730 0.724258 0.413686 0.899762 0.668881 0.530627 
0.117533 0.654120 0.324174 0.098609 0.937801 0.904042 0.245864 
0.867486 0.835048 0.061056 0.451827 0.333125 0.685505 0.613845 
0.244931 0.400139 0.043418 0.858221 0.001776 0.052836 0.499249 
0.110706 0.008973 0.253191 0.643280 0.402703 0.977449 0.056966 
0.302465 0.646330 0.587593 0.419998 0.300451 0.911767 0.518607 
0.238251 0.815809 0.764471 0.105738 0.650857 0.825527 0.557564 
0.983982 0.511032 0.171409 0.228913 0.911170 0.214827 0.087134 
0.912946 0.267664 0.586383 0.023652 0.276636 0.839574 0.666932 
0.679339 0.817024 0.723899 0.981804 0.463354 0.311492 0.401802 
0.763805 0.223259 0.920408 0.002056 0.039068 0.684880 0.107793 
0.689925 0.510406 0.665357 0.673907 0.021438 0.836766 0.902820 
0.932608 0.051594 0.989954 0.845555 0.319258 0.576337 0.869207 
0.595894 0.415911 0.536139 0.275233 0.232935 0.260038 0.257037 
0.696289 0.571530 0.658838 0.460093 0.794789 0.579247 0.462149 
0.833857 0.264126 0.569942 0.523782 0.774533 0.235300 0.197689 
0.795971 0.072066 0.100509 0.728579 0.123660 0.090463 0.574134 
0.442918 0.666800 0.443341 0.038812 0.082711 0.979480 0.314044 
0.315646 0.239518 0.571081 0.011935 0.811049 0.229919 0.472029 
0.605838 0.809166 0.934178 0.439695 0.073292 0.504120 0.963477 
0.847824 0.739420 0.161165 0.643795 0.811486 0.261674 0.372374 
0.935146 0.352137 0.946508 0.378064 0.018937 0.389849 0.416876 
0.101648 0.369329 0.730920 0.417295 0.608847 0.302001 0.429230 
0.419895 0.531920 0.901259 0.025733 0.341086 0.835437 0.465428 
0.414377 0.339557 0.428904 0.262202 0.078977 0.590070 0.905997 
0.890463 0.851744 0.278371 0.825610 0.203881 0.224879 0.203674 
0.222818 0.614727 0.620549 0.324467 0.984056 0.351469 0.741761 
0.592903 0.653470 0.170992 0.012798 0.185390 0.072250 0.038531 
0.526476 0.907687 0.503959 0.940853 0.247244 0.932863 0.203055 
0.326221 0.522933 0.109052 0.216685 0.374677 0.387423 0.042294 
0.578558 0.612301 0.245968 0.801377 0.227029 0.866517 0.125843 
0.211084 0.217987 0.867605 0.803987 0.871457 0.038596 0.816785 
0.056847 0.110847 0.855316 0.583323 0.018534 0.359274 0.524177 
0.265778 0.292137 0.727232 0.591999 0.815070 0.836283 0.808684 
0.189747 0.223706 0.850978 0.768305 0.836007 0.096946 0.569682 
0.063036 0.963464 0.695525 0.274120 0.181451 0.563130 0.078107 
0.052908 0.601727 0.894892 0.109755 0.712573 0.750207 0.693078 
0.731107 0.109482 0.217255 0.996885 0.401619 0.944487 0.588884 
0.216689 0.780770 0.397568 0.406436 0.004476 0.248546 0.174741 
0.840483 0.345492 0.744423 0.903519 0.308956 0.439948 0.177640 
0.490406 0.003079 0.255747 0.543314 0.604805 0.150639 0.653069 
0.317379 0.900846 0.346147 0.048486 0.010327 0.563402 0.045371 
0.411946 0.507888 0.634255 0.628635 0.288658 0.031823 0.035070 
0.293134 0.280368 0.209811 0.133618 0.625860 0.954234 0.037137 
0.934816 0.394183 0.214777 0.425223 0.397262 0.470523 0.968536 
0.002067 0.621162 0.621605 0.319446 0.522008 0.967752 0.367931 
0.532335 0.531154 0.413302 0.944281 0.039043 0.047557 0.572916 
0.327701 0.079379 0.607986 0.620835 0.359748 0.817798 0.754453 
0.985608 0.772032 0.791590 0.920424 0.166215 0.006367 0.345647 
0.563477 0.476890 0.314183 0.565543 0.098052 0.935789 0.884989 
0.620060 0.903541 0.252920 0.152395 0.434695 0.666222 0.096677 
0.473738 0.713779 0.669593 0.801439 0.793158 0.277579 0.422274 
0.152906 0.095377 0.176727 0.138514 0.867409 0.968318 0.058938 
0.033624 0.974685 0.404585 0.597101 0.451575 0.718768 0.162644 
0.549628 0.654557 0.047633 0.169688 0.558098 0.300553 0.322083 
0.992793 0.966775 0.418760 0.466530 0.680554 0.088353 0.267969 
0.473712 0.365932 0.690243 0.626618 0.461309 0.866970 0.765132 
0.328718 0.835288 0.824071 0.362342 0.809973 0.228656 0.959443 
0.261548 0.947424 0.122087 0.811176 0.601981 0.169720 0.980864 
0.160079 0.470273 0.302947 0.152872 0.437049 0.721707 0.619402 
0.117603 0.810059 0.887371 0.591315 0.175991 0.577614 0.217934 
0.637300 0.444584 0.983066 0.966018 0.279871 0.807137 0.328361 
0.089844 0.035792 0.287804 0.351392 0.983217 0.409891 0.162568 
0.585198 0.579611 0.143432 0.745277 0.049884 0.446378 0.898148 
0.486933 0.168085 0.517550 0.604536 0.978144 0.404921 0.195851 
0.154136 0.982534 0.413785 0.791436 0.427118 0.396851 0.757454 
0.706989 0.203987 0.085815 0.796834 0.239780 0.373619 0.148226 
0.222996 0.783509 0.310794 0.808194 0.363120 0.454226 0.553470 
0.413005 0.900604 0.451619 0.899938 0.068689 0.969169 0.504473 
0.046833 0.374089 0.700324 0.200968 0.356624 0.114109 0.992404 
0.783742 0.510959 0.749858 0.490731 0.714947 0.835673 0.287565 
0.954726 0.209292 0.435791 0.177723 0.992801 0.746585 0.985917 
0.355921 0.200810 0.539387 0.768926 0.101414 0.991006 0.668864 
0.170103 0.960174 0.173337 0.216936 0.334264 0.873661 0.417904 
0.690888 0.987770 0.410309 0.474629 0.498730 0.160167 0.965360 
0.213676 0.995840 0.252925 0.168403 0.205132 0.688716 0.346125 
0.197933 0.435301 0.332042 0.553854 0.636111 0.871429 0.322780 
0.737526 0.862434 0.991644 0.907629 0.822609 0.164981 0.124565 
0.156872 0.038642 0.542469 0.847760 0.026412 0.952778 0.322389 
0.525142 0.112944 0.287750 0.738818 0.108784 0.540675 0.907221 
0.313916 0.229391 0.253346 0.511849 0.664692 0.585388 0.065703 
0.300804 0.456817 0.388483 0.038329 0.319251 0.380127 0.945958 
0.141860 0.545108 0.070522 0.298732 0.583750 0.612991 0.146492 
0.610163 0.565769 0.468881 0.135304 0.678713 0.756630 0.874123 
0.787498 0.297305 0.781343 0.101414 0.526696 0.034690 0.613263 
0.191388 0.620077 0.678966 0.492192 0.076894 0.067449 0.530521 
0.396145 0.447576 0.476479 0.538004 0.992684 0.547001 0.836736 
0.576434 0.159993 0.983228 0.186597 0.725762 0.452109 0.321901 
0.404475 0.208739 0.196024 0.191973 0.506044 0.977367 0.293387 
0.032741 0.012057 0.906649 0.224129 0.632134 0.585615 0.716321 
0.709028 0.653064 0.246842 0.105173 0.100640 0.723321 0.643177 
0.093324 0.270323 0.479913 0.669758 0.430316 0.463141 0.856355 
0.156077 0.915250 0.178257 0.560552 0.123989 0.374281 0.752525 
0.630033 0.351648 0.045912 0.662774 0.363705 0.952561 0.886903 
0.995839 0.538176 0.603224 0.704867 0.191239 0.850066 0.810040 
0.291879 0.573388 0.453217 0.385203 0.843710 0.933130 0.054961 
0.274026 0.396272 0.911316 0.430103 0.311522 0.089573 0.990656 
0.435511 0.463854 0.743181 0.065544 0.815502 0.789093 0.728318 
0.179206 0.741654 0.615221 0.175045 0.279829 0.218445 0.879912 
0.471069 0.068512 0.689952 0.762947 0.641899 0.143169 0.148150 
0.485610 0.076300 0.203111 0.759636 0.472571 0.114428 0.189739 
0.784093 0.204001 0.180395 0.219604 0.667854 0.923576 0.285148 
0.483356 0.712668 0.013466 0.662562 0.454322 0.628687 0.837608 
0.734151 0.847132 0.717520 0.205220 0.915644 0.407472 0.968167 
0.557543 0.550641 0.116317 0.043152 0.626941 0.319429 0.802788 
0.099512 0.433856 0.992527 0.883605 0.637857 0.172922 0.103208 
0.305711 0.096497 0.388356 0.789067 0.809166 0.401821 0.451630 
0.263488 0.030508 0.289237 0.997639 0.877640 0.006757 0.202859 
0.793284 0.414229 0.171026 0.350827 0.964870 0.287344 0.393979 
0.591810 0.606772 0.196767 0.691322 0.040629 0.189294 0.574927 
0.678486 0.362216 0.678135 0.984197 0.458713 0.066491 0.773265 
0.267879 0.468312 0.224894 0.531366 0.498820 0.514131 0.529006 
0.376460 0.520888 0.731865 0.169744 0.935117 0.902891 0.520570 
0.899987 0.190235 0.914550 0.491797 0.797007 0.111317 0.183119 
0.837636 0.300611 0.758046 0.516122 0.662826 0.436181 0.500319 
0.121539 0.502672 0.273584 0.389417 0.970984 0.498478 0.920784 
0.469804 0.012610 0.449789 0.846264 0.533498 0.181654 0.016008 
0.468615 0.084545 0.536578 0.368602 0.274780 0.451128 0.860399 
0.071787 0.562444 0.043518 0.909424 0.863055 0.801564 0.425546 
0.525881 0.237745 0.925865 0.647420 0.740417 0.199449 0.036837 
0.711401 0.697927 0.957621 0.181204 0.710537 0.407410 0.027468 
0.244035 0.589064 0.043475 0.712650 0.673609 0.580053 0.081252 
0.948389 0.031181 0.941651 0.020177 0.593625 0.985169 0.929600 
0.456680 0.786733 0.355146 0.982560 0.024478 0.281011 0.629980 
0.764895 0.480460 0.666817 0.476296 0.178387 0.624437 0.657500 
0.888923 0.031848 0.684968 0.132958 0.620912 0.728443 0.845608 
0.294521 0.308497 0.926860 0.242910 0.339678 0.868510 0.263087 
0.933303 0.853679 0.192687 0.389983 0.640412 0.547833 0.372543 
0.664891 0.828843 0.002523 0.429786 0.309303 0.669340 0.906082 
0.487689 0.293777 0.563582 0.376613 0.325625 0.248550 0.509571 
0.946536 0.976993 0.355179 0.241057 0.285490 0.282039 0.483967 
0.625168 0.150549 0.747054 0.558470 0.004228 0.939741 0.948453 
0.644640 0.487573 0.320996 0.309531 0.316416 0.323519 0.739317 
0.625719 0.992859 0.645398 0.113408 0.286636 0.208980 0.490021 
0.612260 0.457530 0.999592 0.558797 0.434523 0.354771 0.799854 
0.720012 0.636810 0.283821 0.345180 0.787358 0.030875 0.903651 
0.791586 0.970615 0.852104 0.436226 0.458188 0.173100 0.745757 
0.774605 0.496619 0.485073 0.400324 0.489477 0.130472 0.513732 
0.776113 0.339452 0.003753 0.388374 0.796982 0.003345 0.947170 
0.231505 0.358117 0.747024 0.951517 0.994926 0.030845 0.296697 
0.782284 0.061720 0.200348 0.573870 0.032335 0.052451 0.010097 
0.490523 0.225551 0.755853 0.265128 0.722169 0.240927 0.665452 
0.211647 0.371399 0.179184 0.987760 0.710851 0.182937 0.376133 
0.507833 0.186282 0.323303 0.739337 0.544399 0.070328 0.690854 
0.539325 0.101173 0.987551 0.321609 0.162892 0.187899 0.895480 
0.195227 0.240350 0.905577 0.685751 0.465901 0.661430 0.950879 
0.188070 0.902357 0.616330 0.399717 0.273756 0.795514 0.387476 
0.984606 0.978451 0.763609 0.492439 0.164734 0.086913 0.231776 
0.709133 0.157240 0.922630 0.248458 0.258413 0.910181 0.570067 
0.421306 0.098080 0.465547 0.616533 0.338430 0.371124 0.302284 
0.804330 0.032554 0.253162 0.992400 0.934911 0.869493 0.392117 
0.208666 0.665007 0.779593 0.193273 0.643458 0.543202 0.685712 
0.808192 0.630115 0.917488 0.517324 0.787356 0.840118 0.765782 
0.045769 0.750299 0.335849 0.467074 0.848379 0.801396 0.083607 
0.186808 0.172520 0.385891 0.991139 0.205073 0.639053 0.983539 
0.139984 0.508546 0.375655 0.348651 0.173553 0.155248 0.541924 
0.817011 0.698450 0.227636 0.625202 0.328565 0.145123 0.142526 
0.115921 0.985241 0.908308 0.161690 0.735541 0.244157 0.628764 
0.583919 0.045553 0.712371 0.770728 0.218073 0.098262 0.761866 
0.423146 0.737315 0.745405 0.563131 0.245861 0.121060 0.911781 
0.419413 0.276308 0.453705 0.236424 0.974758 0.681340 0.861626 
0.303324 0.826464 0.004153 0.419245 0.811705 0.912461 0.580934 
0.547246 0.156618 0.209698 0.131165 0.202171 0.922069 0.901893 
0.420244 0.020331 0.663760 0.843391 0.757645 0.409165 0.406521 
0.003506 0.530225 0.318302 0.422920 0.806533 0.772007 0.659344 
0.781291 0.453348 0.520970 0.084615 0.279811 0.525123 0.503859 
0.091517 0.437584 0.084794 0.638763 0.594202 0.294491 0.769928 
0.796373 0.216560 0.671821 0.216617 0.236891 0.335580 0.060008 
0.994536 0.744745 0.466529 0.998042 0.274970 0.784831 0.420962 
0.081503 0.556838 0.080306 0.862794 0.010186 0.601276 0.947409 
0.289998 0.126398 0.451268 0.381514 0.563982 0.536062 0.020277 
0.158184 0.830553 0.790205 0.954557 0.047114 0.462025 0.171174 
0.284004 0.797606 0.231182 0.278541 0.542351 0.697711 0.276583 
0.817321 0.482542 0.697545 0.898823 0.039380 0.777850 0.761617 
0.049566 0.379126 0.709026 0.339564 0.505524 0.160294 0.721078 
0.069507 0.696356 0.741355 0.227690 0.526910 0.531559 0.182247 
0.574023 0.993585 0.353421 0.858028 0.791191 0.584603 0.136569 
0.333542 0.282314 0.413151 0.150862 0.764856 0.110696 0.049685 
0.804236 0.888547 0.811302 0.853803 0.267673 0.520328 0.193367 
0.773197 0.680623 0.914445 0.842704 0.376979 0.655800 0.070394 
0.903889 0.187359 0.252641 0.477912 0.180944 0.606063 0.335940 
0.972135 0.190666 0.472508 0.305677 0.472980 0.885660 0.456539 
0.237836 0.996356 0.506224 0.042072 0.884903 0.317526 0.895875 
0.152575 0.837855 0.089241 0.925772 0.518477 0.003686 0.768476 
0.895456 0.659486 0.838870 0.799345 0.846845 0.091511 0.277257 
0.027789 0.697574 0.613197 0.999924 0.888240 0.085705 0.305601 
0.361220 0.971365 0.762140 0.599056 0.967721 0.268363 0.641128 
0.852624 0.585890 0.537002 0.005199 0.423744 0.626243 0.930971 
0.942222 0.629929 0.699448 0.837678 0.289415 0.538318 0.637023 
0.136261 0.629829 0.914279 0.164050 0.327403 0.527476 0.163974 
0.215643 0.613181 0.469575 0.576864 0.584546 0.231715 0.175919 
0.552267 0.500078 0.817047 0.404890 0.085968 0.354049 0.410089 
0.509712 0.980292 0.341061 0.451934 0.610222 0.040508 0.289612 
0.899637 0.578826 0.926635 0.035898 0.208655 0.840914 0.199948 
0.536058 0.368390 0.363923 0.751701 0.981571 0.833498 0.328565 
0.566117 0.065213 0.504484 0.118383 0.565291 0.321531 0.523273 
0.651259 0.675580 0.933362 0.160972 0.655873 0.274423 0.612906 
0.266095 0.314931 0.902518 0.165732 0.893756 0.829152 0.201630 
0.102411 0.670066 0.401578 0.638469 0.038457 0.765501 0.390170 
0.020028 0.598999 0.718735 0.586144 0.664211 0.223219 0.704527 
0.229502 0.544750 0.227801 0.880762 0.220330 0.161163 0.041733 
0.876203 0.435586 0.654639 0.142297 0.750517 0.557157 0.308029 
0.644273 0.386309 0.509659 0.746684 0.056376 0.911237 0.385153 
0.094832 0.676738 0.775324 0.114860 0.275736 0.494059 0.701004 
0.939948 0.717278 0.405531 0.169450 0.262028 0.633332 0.050212 
0.482358 0.794495 0.091945 0.358560 0.230081 0.746584 0.500857 
0.980598 0.303741 0.808887 0.624871 0.690051 0.318546 0.371555 
0.746426 0.229783 0.756709 0.841259 0.906520 0.532032 0.956119 
0.182257 0.026091 0.657123 0.122204 0.743368 0.062654 0.291655 
0.005396 0.695986 0.341866 0.487753 0.490481 0.433812 0.846314 
0.720562 0.180396 0.347171 0.701160 0.484137 0.156058 0.326031 
0.174188 0.474603 0.697586 0.920614 0.704386 0.454295 0.761873 
0.610906 0.986327 0.717991 0.793163 0.012418 0.375114 0.915367 
0.755786 0.437768 0.207022 0.761182 0.133754 0.548888 0.248935 
0.624236 0.982700 0.095249 0.344798 0.163096 0.442420 0.045958 
0.647233 0.598478 0.371989 0.821421 0.073081 0.069575 0.742035 
0.777467 0.523870 0.503907 0.388373 0.510197 0.221899 0.181536 
0.522615 0.597013 0.096903 0.278400 0.034781 0.303925 0.039582 
0.168536 0.852813 0.288517 0.792771 0.835513 0.383766 0.137569 
0.998609 0.826186 0.183527 0.645841 0.424664 0.555516 0.467262 
0.497745 0.625091 0.209297 0.275212 0.148962 0.713204 0.663585 
0.659159 0.935103 0.845120 0.181773 0.532116 0.942023 0.460174 
0.566897 0.245948 0.499756 0.735433 0.098761 0.788273 0.528204 
0.934274 0.172039 0.665773 0.932882 0.998225 0.849300 0.578724 
0.422888 0.404816 0.045986 0.920633 0.029908 0.255282 0.195844 
0.178869 0.968486 0.859429 0.838028 0.903590 0.704549 0.019801 
0.435706 0.646573 0.479975 0.002603 0.892521 0.979731 0.738036 
0.991282 0.768004 0.266239 0.925555 0.940043 0.932013 0.858438 
0.938267 0.781313 0.437161 0.361155 0.186129 0.483147 0.281788 
0.216037 0.738429 0.477632 0.394907 0.706916 0.337061 0.232935 
0.610505 0.041611 0.252736 0.046211 0.688183 0.732711 0.048814 
0.580704 0.712442 0.786849 0.571985 0.480446 0.053089 0.497541 
0.420489 0.985101 0.355978 0.358756 0.766414 0.793140 0.719911 
0.952543 0.276287 0.001699 0.168580 0.014716 0.479332 0.563487 
0.721632 0.816393 0.796422 0.332137 0.858004 0.049158 0.378348 
0.546187 0.781869 0.427161 0.126891 0.494312 0.214010 0.698876 
0.974758 0.267099 0.196417 0.395247 0.252200 0.552396 0.754003 
0.018614 0.345535 0.473914 0.971157 0.621822 0.475613 0.139737 
0.636538 0.954945 0.703224 0.358169 0.771338 0.499646 0.690306 
0.629342 0.548804 0.068654 0.175529 0.330673 0.495815 0.302420 
0.824985 0.709825 0.001296 0.799743 0.976924 0.197713 0.194990 
0.229124 0.750109 0.948993 0.247738 0.095644 0.422907 0.218895 
0.717466 0.898520 0.358632 0.354003 0.853465 0.061857 0.712173 
0.624803 0.561503 0.402479 0.254145 0.110306 0.471132 0.429673 
0.440979 0.966947 0.732093 0.265964 0.676773 0.733389 0.065707 
0.653697 0.931102 0.260698 0.882821 0.681211 0.209691 0.130559 
0.776855 0.632598 0.349454 0.494321 0.531118 0.708087 0.848324 
0.384583 0.769943 0.560497 0.009386 0.331446 0.962976 0.263530 
0.441752 0.434108 0.693204 0.882732 0.401056 0.425297 0.148696 
0.077828 0.158686 0.214403 0.731526 0.089788 0.475101 0.614347 
0.771000 0.684792 0.744906 0.547855 0.317389 0.094361 0.042176 
0.848507 0.802448 0.890500 0.233090 0.572391 0.450997 0.242476 
0.903837 0.413973 0.506006 0.345589 0.848081 0.199210 0.228321 
0.249137 0.624507 0.377017 0.326965 0.783193 0.591420 0.058491 
0.872981 0.066521 0.672838 0.643981 0.751313 0.417744 0.191836 
0.068702 0.512105 0.234011 0.917209 0.314553 0.124512 0.150299 
0.886944 0.575509 0.392775 0.790781 0.989483 0.898781 0.136370 
0.837564 0.097991 0.364691 0.086701 0.722498 0.741708 0.413666 
0.505691 0.333128 0.472157 0.378672 0.399649 0.144995 0.022653 
0.150962 0.562739 0.214488 0.219664 0.074845 0.448500 0.136873 
0.389397 0.573011 0.287172 0.276341 0.148521 0.679947 0.067122 
0.138003 0.578728 0.203492 0.975567 0.676719 0.568183 0.062268 
0.399217 0.309891 0.475934 0.904908 0.643019 0.948091 0.283580 
0.042668 0.093086 0.306232 0.193630 0.655826 0.520720 0.413294 
0.730670 0.969220 0.550167 0.120068 0.542231 0.837338 0.396409 
0.690752 0.517285 0.463531 0.828756 0.096013 0.667023 0.804323 
0.772731 0.235207 0.866591 0.171948 0.545097 0.342525 0.076856 
0.188116 0.290616 0.360436 0.230784 0.383703 0.666668 0.424414 
0.039529 0.187388 0.837708 0.770199 0.156608 0.387875 0.890267 
0.698839 0.225213 0.286676 0.389592 0.742498 0.750207 0.218347 
0.838511 0.417231 0.022670 0.611242 0.652437 0.889261 0.783190 
0.197535 0.231786 0.860046 0.385651 0.522403 0.220482 0.616435 
0.906106 0.887150 0.040850 0.945634 0.074538 0.878558 0.715833 
0.231146 0.266433 0.606100 0.929985 0.491646 0.892776 0.319577 
0.234144 0.642983 0.537924 0.072655 0.060214 0.560594 0.683897 
0.712651 0.449856 0.467087 0.910185 0.681642 0.327134 0.295836 
0.204045 0.547616 0.912272 0.110151 0.434765 0.953121 0.055785 
0.509303 0.831679 0.771618 0.740449 0.098112 0.377718 0.670434 
0.589758 0.270494 0.990011 0.823902 0.913477 0.527935 0.896557 
0.973690 0.088529 0.580454 0.686341 0.538385 0.047542 0.596526 
0.220027 0.374675 0.892363 0.424072 0.922291 0.804635 0.534223 
0.357056 0.757756 0.590008 0.866359 0.589435 0.361626 0.606808 
0.687547 0.739344 0.277241 0.277305 0.009838 0.267252 0.101207 
0.923314 0.795186 0.997765 0.897005 0.883715 0.578219 0.583346 
0.422100 0.625761 0.179872 0.642127 0.000436 0.072235 0.066199 
0.922727 0.876869 0.600421 0.279783 0.634625 0.190429 0.146142 
0.224061 0.552055 0.752950 0.911608 0.291398 0.030191 0.188913 
0.301236 0.297443 0.290121 0.224550 0.092629 0.287885 0.121555 
0.976344 0.866104 0.704901 0.398444 0.491865 0.884773 0.040571 
0.492301 0.957008 0.106769 0.415028 0.833877 0.707191 0.694811 
0.468503 0.897619 0.840953 0.692563 0.449674 0.593903 0.604172 
0.741072 0.624093 0.793085 0.042308 0.921536 0.083206 0.266859 
0.014165 0.371091 0.388414 0.990509 0.237195 0.093315 0.388953 
0.729060 0.978088 0.429524 0.221360 0.935096 0.536293 0.636388 
0.768973 0.243484 0.331199 0.237476 0.141103 0.172152 0.930039 
0.590777 0.766055 0.534211 0.331849 0.390148 0.327296 0.374157 
0.311684 0.410501 0.641016 0.325848 0.781592 0.029430 0.316357 
0.018787 0.122744 0.705310 0.747847 0.100832 0.134834 0.969207 
0.035928 0.671127 0.605596 0.804901 0.914610 0.936795 0.042377 
0.055713 0.108947 0.972416 0.646490 0.875002 0.506627 0.978339 
0.265150 0.833923 0.352497 0.576833 0.244424 0.993513 0.902682 
0.026016 0.022942 0.219039 0.044803 0.145687 0.924349 0.792650 
0.246519 0.059182 0.761857 0.282446 0.730309 0.367453 0.087347 
0.644919 0.304248 0.129724 0.700633 0.413195 0.102140 0.347123 
0.288196 0.608767 0.325462 0.553346 0.442689 0.677959 0.130179 
0.687113 0.671471 0.032861 0.713129 0.694413 0.251900 0.757933 
0.840100 0.176249 0.550583 0.086619 0.235431 0.312440 0.369065 
0.965740 0.679893 0.456412 0.610660 0.984141 0.586136 0.311292 
0.397336 0.688275 0.658415 0.685532 0.297042 0.983877 0.238878 
0.739732 0.661836 0.369057 0.426845 0.333307 0.401918 0.139974 
0.027721 0.653818 0.897907 0.867821 0.830066 0.448490 0.954439 
0.065497 0.760930 0.323504 0.031237 0.440823 0.779916 0.641897 
0.424964 0.366052 0.953189 0.822299 0.054327 0.611605 0.507831 
0.351369 0.595482 0.746709 0.091101 0.257318 0.115767 0.517946 
0.590626 0.517685 0.657920 0.618347 0.171502 0.555827 0.486168 
0.001568 0.004317 0.440607 0.067066 0.765246 0.764111 0.098303 
0.206069 0.544027 0.740200 0.631033 0.910079 0.693389 0.453332 
0.964406 0.304994 0.961163 0.315775 0.900476 0.707873 0.406876 
0.157794 0.823639 0.924822 0.748420 0.341324 0.582742 0.366767 
0.512826 0.138569 0.852934 0.514395 0.142886 0.293541 0.581460 
0.908133 0.057652 0.679763 0.114202 0.601679 0.419963 0.745234 
0.511758 0.113352 0.198566 0.476164 0.418346 0.159730 0.791939 
0.318822 0.867603 0.198815 0.476616 0.691242 0.123637 0.225036 
0.032566 0.706379 0.591803 0.545392 0.844948 0.444737 0.059786 
0.987834 0.738278 0.641246 0.895967 0.795931 0.321009 0.010169 
0.397610 0.740972 0.755403 0.909368 0.854324 0.953970 0.385532 
0.272670 0.113699 0.177471 0.591493 0.981302 0.376286 0.068109 
0.672544 0.499923 0.293146 0.705110 0.206302 0.884949 0.250501 
0.051250 0.329686 0.310288 0.039085 0.067965 0.951534 0.935052 
0.863895 0.272544 0.945221 0.261505 0.013516 0.700624 0.170874 
0.867840 0.654593 0.556406 0.140511 0.768293 0.733877 0.732003 
0.749595 0.110163 0.800113 0.422139 0.610086 0.093258 0.127248 
0.816388 0.978207 0.377750 0.867638 0.307893 0.688038 0.906723 
0.375857 0.639572 0.841775 0.239753 0.912116 0.786996 0.501258 
0.925632 0.487619 0.672132 0.793472 0.142213 0.228538 0.933983 
0.910506 0.962415 0.665986 0.660101 0.072578 0.466099 0.082239 
0.682665 0.559357 0.209487 0.499053 0.537564 0.587237 0.366692 
0.845456 0.275275 0.273415 0.221314 0.914846 0.115190 0.461066 
0.826962 0.902185 0.962324 0.752594 0.389805 0.634456 0.546065 
0.532018 0.862993 0.480048 0.442523 0.825408 0.146035 0.102624 
0.897987 0.612133 0.184863 0.580652 0.171490 0.394351 0.079705 
0.709054 0.981588 0.446396 0.554510 0.256863 0.719811 0.775824 
0.171709 0.835001 0.236890 0.998671 0.737186 0.199214 0.751265 
0.126991 0.833669 0.297330 0.659009 0.696663 0.777378 0.101532 
0.522071 0.923413 0.204156 0.420058 0.535546 0.389020 0.000710 
0.707036 0.783371 0.080415 0.416090 0.764958 0.526811 0.970600 
0.021821 0.246622 0.746424 0.193530 0.081623 0.983314 0.192201 
0.818810 0.182527 0.943466 0.945801 0.016197 0.240796 0.604810 
0.712860 0.018174 0.706342 0.234931 0.941587 0.910499 0.654989 
0.477133 0.299518 0.655699 0.184170 0.082889 0.736113 0.600260 
0.847847 0.262924 0.570860 0.869669 0.509547 0.317284 0.063199 
0.591170 0.300597 0.255400 0.409980 0.483125 0.198866 0.355781 
0.499321 0.439661 0.960591 0.212181 0.457836 0.666933 0.447112 
0.399423 0.577432 0.102101 0.876556 0.876950 0.757800 0.060726 
0.959839 0.493913 0.660985 0.807687 0.756838 0.231845 0.677355 
0.266384 0.549129 0.740554 0.857555 0.849727 0.995954 0.267535 
0.332851 0.194819 0.623316 0.832173 0.634481 0.583906 0.044354 
0.092316 0.250840 0.491466 0.491739 0.828271 0.593568 0.368295 
0.705221 0.351368 0.429020 0.665060 0.845281 0.090006 0.472747 
0.602119 0.321851 0.150102 0.868503 0.870980 0.890656 0.726058 
0.720707 0.886609 0.993592 0.053559 0.081429 0.616908 0.885732 
0.715909 0.200814 0.930086 0.808226 0.451654 0.421552 0.299965 
0.279925 0.015120 0.668260 0.985146 0.366487 0.097280 0.650207 
0.211768 0.187286 0.122954 0.813887 0.509137 0.273056 0.682390 
0.380117 0.163711 0.408448 0.100825 0.050321 0.402040 0.154383 
0.131750 0.018948 0.040115 0.847659 0.219762 0.970201 0.655885 
0.671416 0.391753 0.955850 0.951341 0.406872 0.624109 0.936487 
0.773360 0.721389 0.586694 0.985128 0.908675 0.709647 0.799015 
0.417812 0.982703 0.481405 0.797930 0.146415 0.889853 0.898754 
0.196735 0.291892 0.053138 0.328485 0.310840 0.093252 0.176144 
0.530602 0.063453 0.832029 0.202018 0.455206 0.787878 0.153358 
0.862078 0.411988 0.089845 0.635438 0.133377 0.676539 0.620566 
0.042052 0.386186 0.419580 0.459864 0.368889 0.900985 0.257794 
0.515304 0.790838 0.156548 0.712039 0.082730 0.209686 0.040524 
0.393570 0.302938 0.216668 0.924172 0.366391 0.048696 0.126190 
0.821597 0.836575 0.279548 0.683676 0.248562 0.369394 0.319113 
0.381939 0.045933 0.939679 0.423992 0.432119 0.359260 0.883856 
0.801008 0.260245 0.141650 0.316312 0.051083 0.298198 0.028351 
0.133813 0.507884 0.068875 0.527383 0.810823 0.285543 0.451556 
0.177214 0.334240 0.577746 0.998811 0.170814 0.857294 0.682487 
0.419377 0.226688 0.001600 0.801316 0.272620 0.941279 0.225307 
0.704739 0.300539 0.109163 0.505747 0.560784 0.250813 0.822059 
0.611866 0.549012 0.850411 0.745679 0.056896 0.919286 0.273063 
0.867719 0.204829 0.724618 0.044933 0.539069 0.302364 0.043744 
0.709883 0.159658 0.726231 0.129259 0.386346 0.727831 0.930575 
0.658967 0.669110 0.155883 0.363706 0.969649 0.265046 0.869454 
0.530433 0.515859 0.691513 0.142300 0.064871 0.541924 0.887979 
0.121767 0.461209 0.161042 0.989486 0.666038 0.885660 0.034418 
0.205107 0.188024 0.078162 0.914990 0.347683 0.804393 0.044249 
0.734029 0.532224 0.974825 0.392996 0.201335 0.130707 0.756702 
0.170984 0.395753 0.626155 0.701417 0.911612 0.317668 0.843717 
0.976483 0.859592 0.731696 0.098250 0.320801 0.892737 0.087736 
0.986840 0.778397 0.122154 0.191947 0.966422 0.200317 0.106936 
0.314104 0.004710 0.151186 0.048133 0.536934 0.126010 0.441129 
0.738269 0.256717 0.197831 0.909253 0.652470 0.823987 0.610670 
0.564083 0.141655 0.454387 0.540566 0.001247 0.186083 0.638816 
0.322048 0.078820 0.726552 0.308888 0.857218 0.848707 0.500834 
0.823639 0.049023 0.607771 0.137744 0.053733 0.758956 0.185877 
0.590668 0.884966 0.627006 0.328937 0.141684 0.824837 0.238190 
0.794154 0.648824 0.848860 0.358236 0.790479 0.303247 0.898802 
0.791726 0.489329 0.537618 0.113774 0.568150 0.264171 0.422662 
0.425367 0.112877 0.923496 0.249006 0.161901 0.531267 0.386750 
0.215634 0.290224 0.572627 0.806302 0.175190 0.199634 0.135239 
0.316874 0.024471 0.373429 0.111027 0.673295 0.222289 0.469264 
0.463774 0.525535 0.368066 0.255500 0.014865 0.905685 0.369274 
0.583014 0.169855 0.791936 0.008381 0.282733 0.715432 0.257388 
0.444634 0.246700 0.644138 0.660268 0.536923 0.216765 0.466570 
0.712113 0.416399 0.601809 0.028987 0.440870 0.975238 0.140014 
0.114165 0.197526 0.609278 0.577940 0.723062 0.977344 0.833439 
0.737927 0.883029 0.202713 0.320941 0.052884 0.994649 0.329322 
0.335617 0.710082 0.586710 0.780250 0.956781 0.230848 0.440518 
0.493704 0.447614 0.907089 0.205817 0.864013 0.508898 0.234804 
0.304883 0.484136 0.374818 0.419049 0.681662 0.984097 0.996988 
0.404724 0.961441 0.830428 0.142651 0.844470 0.033141 0.463592 
0.897354 0.027790 0.792914 0.232970 0.737872 0.379625 0.013221 
0.694653 0.610473 0.453739 0.188357 0.058087 0.360828 0.394174 
0.922100 0.869726 0.628979 0.226983 0.353862 0.003797 0.646031 
0.035524 0.987894 0.643020 0.440248 0.949334 0.473447 0.582899 
0.793804 0.506588 0.046490 0.691157 0.534378 0.839405 0.924128 
0.272250 0.219029 0.937348 0.966903 0.829502 0.391088 0.155260 
0.887589 0.751915 0.549434 0.809688 0.621641 0.178413 0.036671 
0.975503 0.182210 0.682702 0.011027 0.170103 0.325722 0.451275 
0.119437 0.799169 0.034173 0.913241 0.305757 0.080664 0.604399 
0.840135 0.920068 0.528526 0.112385 0.139097 0.465875 0.079288 
0.968599 0.856962 0.234548 0.856188 0.608878 0.783982 0.665877 
0.230519 0.962395 0.702548 0.206022 0.144604 0.385250 0.217048 
0.314708 0.710972 0.668323 0.434145 0.510141 0.702496 0.347386 
0.815898 0.783160 0.951785 0.656034 0.703228 0.480311 0.768419 
0.842325 0.946186 0.847707 0.810925 0.803148 0.082255 0.667113 
0.412026 0.866237 0.332990 0.642545 0.828632 0.035537 0.848567 
0.973237 0.420787 0.065615 0.287944 0.131759 0.733938 0.722089 
0.641900 0.436434 0.069475 0.457798 0.219594 0.021260 0.113832 
0.922822 0.501572 0.882251 0.765148 0.447758 0.729958 0.576072 
0.250906 0.812213 0.243185 0.662932 0.678451 0.576175 0.305477 
0.507083 0.611712 0.154044 0.480320 0.032500 0.219659 0.768264 
0.164259 0.953597 0.490353 0.806159 0.390031 0.559828 0.263957 
0.609626 0.581089 0.377789 0.532448 0.082660 0.260040 0.297595 
0.530418 0.989998 0.873668 0.781325 0.802212 0.116853 0.444257 
0.480663 0.693028 0.749734 0.987746 0.304741 0.903777 0.468065 
0.337240 0.123436 0.236329 0.501499 0.077033 0.726682 0.307658 
0.467065 0.286510 0.571616 0.076690 0.867599 0.949405 0.609138 
0.950259 0.209446 0.906733 0.480678 0.199444 0.780401 0.262002 
0.001656 0.897254 0.706259 0.482319 0.590282 0.455993 0.470064 
0.895023 0.359770 0.938130 0.232263 0.483206 0.174459 0.733762 
0.560239 0.901141 0.041421 0.027304 0.187651 0.613037 0.103994 
0.055250 0.562442 0.713132 0.005509 0.771888 0.619865 0.486186 
0.971332 0.400266 0.748189 0.972988 0.297520 0.454448 0.455306 
0.887802 0.910440 0.925370 0.782825 0.270210 0.863500 0.015088 
0.753416 0.037959 0.748850 0.313656 0.939099 0.790271 0.340960 
0.126750 0.403308 0.444954 0.182000 0.965750 0.158086 0.187509 
0.737638 0.777951 0.673695 0.708969 0.178217 0.421884 0.681957 
0.475736 0.876331 0.137263 0.363539 0.786771 0.062633 0.146363 
0.056982 0.926133 0.161451 0.810398 0.964092 0.910302 0.124054 
0.903192 0.700573 0.465013 0.029942 0.103881 0.909967 0.211941 
0.069631 0.068052 0.399450 0.807268 0.846003 0.073145 0.516238 
0.024220 0.495029 0.198195 0.499956 0.371360 0.335458 0.863495 
0.158132 0.398091 0.009858 0.215114 0.324225 0.171309 0.025511 
0.288317 0.081611 0.149565 0.191508 0.782183 0.614578 0.221450 
0.886064 0.524545 0.433392 0.955694 0.592597 0.832842 0.762963 
0.438600 0.905987 0.279200 0.462820 0.401016 0.477395 0.962776 
0.772377 0.812853 0.826271 0.930509 0.210945 0.836129 0.145622 
0.535169 0.007438 0.171134 0.823486 0.089049 0.320699 0.014995 
0.871232 0.935277 0.236445 0.757296 0.459822 0.669837 0.712990 
0.052419 0.502678 0.475953 0.491019 0.408666 0.755153 0.953839 
0.809682 0.232548 0.916615 0.582058 0.045402 0.742886 0.512567 
0.256346 0.579015 0.658189 0.791515 0.586453 0.829323 0.615002 
0.675501 0.150021 0.629997 0.546733 0.085298 0.866441 0.304029 
0.545120 0.536278 0.017019 0.597539 0.038956 0.492972 0.088558 
0.447622 0.248125 0.042398 0.257304 0.480674 0.959013 0.839362 
0.526075 0.701899 0.351929 0.782422 0.280914 0.010118 0.573937 
0.867367 0.839441 0.188939 0.542868 0.989462 0.818935 0.089601 
0.074760 0.685377 0.393630 0.619880 0.221655 0.410649 0.217419 
0.260611 0.903621 0.305977 0.708233 0.151747 0.348375 0.965537 
0.632420 0.307388 0.804899 0.158496 0.009287 0.156828 0.940917 
0.290201 0.166946 0.514854 0.157567 0.006387 0.703793 0.700435 
0.995850 0.522728 0.790036 0.070610 0.208105 0.183666 0.690490 
0.429760 0.594315 0.907909 0.690371 0.497936 0.213886 0.398604 
0.649683 0.562261 0.364140 0.282103 0.869649 0.169039 0.440599 
0.878935 0.325867 0.381516 0.169136 0.492814 0.896371 0.326704 
0.499201 0.600163 0.027139 0.495051 0.122892 0.817175 0.565661 
0.330996 0.000841 0.256151 0.760756 0.595156 0.164060 0.451127 
0.093092 0.377946 0.849730 0.742775 0.940206 0.213871 0.024879 
0.809855 0.382910 0.465478 0.688790 0.708778 0.846994 0.857927 
0.201591 0.743365 0.184630 0.700793 0.343528 0.211769 0.195843 
0.466420 0.028944 0.761504 0.797416 0.029784 0.017655 0.558172 
0.624940 0.181715 0.009299 0.718033 0.559660 0.859029 0.460808 
0.499867 0.072900 0.485687 0.309722 0.455810 0.951165 0.998512 
