100 7
0.433137 0.272417 0.436185 0.356223 0.345128 0.450288 0.298943 
0.563809 0.483740 0.469473 0.366565 0.687697 0.373484 0.324937 
0.322988 0.621479 0.326245 0.579883 0.525201 0.624003 0.620895 
0.728198 0.477368 0.570445 0.535043 0.606498 0.529739 0.632043 
0.295836 0.432562 0.359074 0.297104 0.309560 0.411985 0.285755 
0.431571 0.349356 0.412979 0.364719 0.593835 0.355167 0.488318 
0.389185 0.389642 0.347736 0.425007 0.448855 0.558928 0.475529 
0.403309 0.349443 0.567602 0.563763 0.336999 0.395876 0.841664 
0.656935 0.767944 0.660387 0.802617 0.583503 0.787325 0.669447 
0.527280 0.802885 0.614472 0.556818 0.660245 0.610580 0.630843 
0.680044 0.481484 0.635568 0.533139 0.438689 0.716405 0.436012 
0.560403 0.587262 0.395235 0.583136 0.343850 0.658597 0.235735 
0.504870 0.564703 0.497557 0.356564 0.668464 0.367703 0.537091 
0.681007 0.772017 0.800874 0.714149 0.829681 0.779461 0.759535 
0.382743 0.433776 0.486929 0.454801 0.630552 0.362666 0.642520 
0.619469 0.427455 0.600549 0.589251 0.682469 0.523503 0.694294 
0.621728 0.563443 0.323571 0.746910 0.516330 0.472833 0.300442 
0.763543 0.499911 0.640796 0.824397 0.533584 0.736969 0.703270 
0.479250 0.392132 0.408938 0.590098 0.481088 0.490585 0.335975 
0.670047 0.412860 0.501987 0.445118 0.349411 0.503285 0.372348 
0.414895 0.616455 0.703131 0.139261 0.513142 0.609120 0.341206 
0.190027 0.572661 0.454745 0.255830 0.594498 0.352841 0.323810 
0.311269 0.466111 0.381744 0.511976 0.394059 0.367399 0.390190 
0.236108 0.345392 0.353244 0.408782 0.254478 0.321552 0.281228 
0.653399 0.501297 0.310558 0.464709 0.475751 0.504411 0.358825 
0.386550 0.697050 0.313905 0.589148 0.459024 0.499325 0.549760 
0.350554 0.401437 0.373114 0.403148 0.361956 0.286868 0.348592 
0.551195 0.669149 0.609723 0.683707 0.409850 0.714793 0.520968 
0.447231 0.479874 0.520462 0.478464 0.483550 0.622219 0.621997 
0.297115 0.227213 0.701769 0.544486 0.319461 0.552657 0.704301 
0.550716 0.524965 0.532325 0.578943 0.519316 0.693228 0.371840 
0.471044 0.487370 0.605100 0.597791 0.457686 0.435901 0.605930 
0.262864 0.462648 0.241136 0.313685 0.366799 0.383620 0.391544 
0.498232 0.454452 0.659222 0.486806 0.623169 0.385760 0.476485 
0.408331 0.374781 0.480776 0.286605 0.521706 0.396277 0.423143 
0.461396 0.427340 0.531975 0.460673 0.559801 0.474499 0.364532 
0.427839 0.362869 0.330990 0.603625 0.385712 0.325508 0.429418 
0.342864 0.464801 0.436566 0.479814 0.423286 0.477316 0.541079 
0.529829 0.582852 0.453322 0.348762 0.361180 0.575223 0.415659 
0.696495 0.469769 0.780944 0.515486 0.584208 0.637203 0.585182 
0.337577 0.446618 0.502410 0.622811 0.418120 0.474635 0.479977 
0.448585 0.382591 0.233285 0.379932 0.509527 0.223062 0.370483 
0.371962 0.410431 0.254204 0.347793 0.480162 0.370481 0.266193 
0.341070 0.411372 0.575285 0.248370 0.386863 0.524384 0.364123 
0.777238 0.752325 0.729176 0.532112 0.748737 0.742571 0.592957 
0.681945 0.608316 0.554483 0.449929 0.691269 0.644802 0.370384 
0.357590 0.539480 0.551831 0.254887 0.517255 0.470388 0.525857 
0.565086 0.342902 0.665468 0.412431 0.420436 0.410782 0.521636 
0.474916 0.325902 0.266813 0.427833 0.186961 0.343352 0.293662 
0.436427 0.614039 0.310474 0.502084 0.478924 0.446820 0.368191 
0.463195 0.377338 0.425237 0.354300 0.554879 0.375313 0.443409 
0.495925 0.437004 0.602992 0.677627 0.514997 0.240388 0.507217 
0.295960 0.518086 0.524394 0.197957 0.593141 0.370700 0.454391 
0.639849 0.528229 0.677563 0.698571 0.668850 0.627973 0.595901 
0.469596 0.587452 0.657561 0.545459 0.600428 0.578500 0.576191 
0.402743 0.508090 0.421169 0.366069 0.462635 0.527966 0.222167 
0.401691 0.477334 0.405284 0.413945 0.399897 0.448614 0.554057 
0.601914 0.737109 0.429435 0.746378 0.607677 0.646484 0.477464 
0.315713 0.566258 0.288329 0.599439 0.413103 0.543270 0.334026 
0.714352 0.280877 0.561496 0.437285 0.353713 0.585450 0.380192 
0.591201 0.617702 0.497323 0.875800 0.554271 0.475279 0.647162 
0.330614 0.358545 0.547204 0.431408 0.401674 0.449649 0.582551 
0.661990 0.546713 0.587897 0.510412 0.695134 0.614516 0.536399 
0.766966 0.510899 0.405948 0.550871 0.492148 0.657406 0.409462 
0.697166 0.384587 0.467642 0.664803 0.459140 0.435264 0.380323 
0.714244 0.845479 0.783805 0.641555 0.755416 0.756054 0.602011 
0.615552 0.493629 0.562891 0.660103 0.427880 0.650459 0.585624 
0.602137 0.729714 0.567250 0.686781 0.737882 0.681612 0.679938 
0.708768 0.479479 0.525385 0.585937 0.440104 0.445599 0.512192 
0.525168 0.216090 0.723428 0.360460 0.388213 0.423975 0.537030 
0.612654 0.539637 0.717819 0.641520 0.587684 0.602759 0.621926 
0.269127 0.410858 0.385144 0.319416 0.615228 0.186928 0.471751 
0.456087 0.518818 0.591177 0.400527 0.701620 0.512616 0.573452 
0.452485 0.326097 0.597089 0.439806 0.436759 0.523425 0.404885 
0.773330 0.480626 0.422183 0.501496 0.634030 0.542386 0.444150 
0.444892 0.624716 0.638128 0.695603 0.491720 0.595156 0.722228 
0.350778 0.396386 0.281463 0.539894 0.249756 0.397350 0.343639 
0.534738 0.705680 0.759032 0.578828 0.701822 0.651950 0.657935 
0.428667 0.374074 0.391958 0.451268 0.282521 0.517322 0.272990 
0.237770 0.561169 0.531484 0.294666 0.454371 0.508029 0.473859 
0.469253 0.360225 0.139436 0.431389 0.259958 0.429236 0.311571 
0.428940 0.424743 0.483635 0.500702 0.424338 0.563791 0.335619 
0.702812 0.294215 0.576653 0.455267 0.340685 0.458759 0.559225 
0.580616 0.535017 0.406901 0.619348 0.478073 0.558227 0.674878 
0.691390 0.734578 0.794823 0.786297 0.598941 0.795082 0.719211 
0.551888 0.527755 0.450625 0.525642 0.714866 0.441796 0.626982 
0.434979 0.395059 0.246243 0.469987 0.547598 0.223925 0.632463 
0.373493 0.499568 0.339365 0.346696 0.446196 0.366805 0.606849 
0.400065 0.413609 0.531537 0.398043 0.458682 0.480933 0.387460 
0.461312 0.325222 0.415022 0.565032 0.207547 0.519103 0.306931 
0.365982 0.658143 0.560067 0.514739 0.501130 0.520798 0.603843 
0.589676 0.479035 0.475033 0.713812 0.568702 0.479491 0.677037 
0.621537 0.554897 0.584379 0.598912 0.454260 0.693888 0.657185 
0.471161 0.172579 0.338721 0.485755 0.374179 0.396457 0.369518 
0.617612 0.506415 0.456035 0.423340 0.648836 0.473603 0.367109 
0.364702 0.188902 0.355925 0.263983 0.179732 0.292553 0.306580 
0.577822 0.565148 0.444836 0.609837 0.688186 0.471493 0.677461 
0.580396 0.477379 0.485759 0.641816 0.622348 0.577384 0.758229 
0.358815 0.284106 0.366836 0.318442 0.235895 0.397843 0.291646 
0.504446 0.335908 0.443520 0.619793 0.403890 0.661901 0.286271 
