2000 3
0.797025 0.565220 0.241832 
0.395179 0.343594 0.100105 
0.327089 0.321475 0.304518 
0.923458 0.929199 0.290024 
0.843695 0.225940 0.151394 
0.699903 0.708842 0.487998 
0.625218 0.444447 0.684658 
0.986850 0.222018 0.813808 
0.969667 0.512632 0.100135 
0.120882 0.731240 0.406958 
0.444444 0.528265 0.972178 
0.686276 0.923444 0.315772 
0.786381 0.250534 0.637248 
0.090899 0.173992 0.566447 
0.380923 0.017687 0.792387 
0.532317 0.717590 0.501229 
0.020314 0.342808 0.945676 
0.704972 0.329659 0.167693 
0.518780 0.299325 0.680325 
0.618915 0.420207 0.411565 
0.025873 0.864651 0.939830 
0.998051 0.550927 0.863275 
0.313824 0.337308 0.113808 
0.951072 0.428207 0.287800 
0.517519 0.809130 0.305487 
0.309906 0.341446 0.023078 
0.811135 0.361761 0.365886 
0.756810 0.066733 0.695545 
0.924504 0.585512 0.994870 
0.604829 0.204427 0.415078 
0.016394 0.230300 0.279729 
0.956225 0.228352 0.830656 
0.819499 0.542175 0.167964 
0.933308 0.493247 0.596171 
0.221108 0.010766 0.405301 
0.526595 0.320672 0.746748 
0.549673 0.131806 0.108508 
0.915559 0.888617 0.175241 
0.611104 0.813121 0.760753 
0.605974 0.417950 0.965181 
0.021051 0.434344 0.195481 
0.300780 0.390569 0.423833 
0.131436 0.210068 0.966008 
0.299400 0.143376 0.459255 
0.895571 0.364484 0.470021 
0.300872 0.891079 0.790693 
0.047620 0.440752 0.922499 
0.156128 0.356311 0.811115 
0.331369 0.967414 0.624236 
0.092122 0.573388 0.042186 
0.057303 0.594439 0.476530 
0.252784 0.895219 0.867099 
0.676617 0.026655 0.077168 
0.642625 0.326055 0.220544 
0.101880 0.221626 0.585028 
0.571901 0.522499 0.476107 
0.362594 0.570118 0.916859 
0.285093 0.726246 0.273170 
0.096208 0.057616 0.240584 
0.720444 0.149738 0.813972 
0.762630 0.207041 0.408411 
0.239160 0.459825 0.303630 
0.106259 0.136442 0.330286 
0.183427 0.779067 0.656341 
0.403970 0.880947 0.877967 
0.988998 0.452848 0.400466 
0.465105 0.815442 0.970584 
0.381964 0.100535 0.696831 
0.655133 0.196743 0.754446 
0.895717 0.917187 0.904184 
0.709689 0.679817 0.111226 
0.118100 0.918977 0.571051 
0.421731 0.025236 0.707493 
0.752016 0.208663 0.486560 
0.408357 0.612634 0.367507 
0.286324 0.601632 0.820356 
0.686790 0.066737 0.635798 
0.657374 0.448700 0.736333 
0.354205 0.103833 0.933076 
0.108651 0.999550 0.850263 
0.012836 0.709239 0.530080 
0.124061 0.827340 0.449057 
0.695112 0.249070 0.474294 
0.402606 0.001086 0.682957 
0.889166 0.409443 0.295591 
0.256673 0.695768 0.897223 
0.077029 0.382558 0.963959 
0.712826 0.039932 0.412659 
0.449159 0.394137 0.516493 
0.382235 0.502788 0.516043 
0.232498 0.515624 0.225283 
0.762578 0.639686 0.052622 
0.211635 0.334798 0.301692 
0.685929 0.737404 0.302779 
0.368886 0.626569 0.712222 
0.664477 0.883242 0.407990 
0.561699 0.960271 0.790547 
0.525659 0.673097 0.830480 
0.938318 0.122257 0.224617 
0.454811 0.504492 0.727405 
0.970854 0.736990 0.243029 
0.196136 0.499568 0.882715 
0.248759 0.711203 0.217513 
0.550451 0.397132 0.954917 
0.853229 0.766018 0.581486 
0.565451 0.430495 0.464729 
0.973441 0.992194 0.425000 
0.763989 0.517853 0.098097 
0.594468 0.456171 0.220354 
0.819085 0.910982 0.724845 
0.546490 0.881836 0.461835 
0.789519 0.077972 0.961402 
0.672234 0.326731 0.672605 
0.889748 0.877182 0.069738 
0.844665 0.730411 0.835756 
0.426151 0.295862 0.266251 
0.890880 0.269303 0.258445 
0.315880 0.033292 0.776299 
0.413977 0.627760 0.232470 
0.634330 0.446845 0.143451 
0.359175 0.993334 0.025287 
0.821010 0.782854 0.103259 
0.782413 0.455088 0.429990 
0.455018 0.344835 0.307172 
0.524756 0.189500 0.037583 
0.360512 0.615651 0.333445 
0.626763 0.506531 0.602748 
0.885208 0.822410 0.636040 
0.661507 0.236387 0.263801 
0.893976 0.870717 0.710645 
0.037427 0.229893 0.703980 
0.062714 0.050903 0.486833 
0.165974 0.833315 0.941921 
0.595963 0.288333 0.286756 
0.903135 0.813089 0.476256 
0.940718 0.173600 0.091907 
0.274162 0.800363 0.598438 
0.876911 0.685571 0.420848 
0.512951 0.347078 0.657235 
0.776752 0.241054 0.527952 
0.487397 0.278481 0.757845 
0.191377 0.341195 0.808748 
0.678210 0.507169 0.642063 
0.620131 0.103132 0.930396 
0.906887 0.006267 0.743485 
0.383143 0.946985 0.917086 
0.475050 0.221147 0.717449 
0.073487 0.098058 0.403020 
0.494335 0.611010 0.750097 
0.151570 0.387762 0.991151 
0.679522 0.875159 0.269632 
0.437367 0.066535 0.610827 
0.246115 0.744745 0.117996 
0.888178 0.364876 0.221129 
0.818574 0.271763 0.227396 
0.562060 0.654906 0.174381 
0.479145 0.129956 0.395528 
0.196594 0.203443 0.493587 
0.599614 0.697778 0.104596 
0.349711 0.849349 0.492358 
0.340862 0.528871 0.367517 
0.610494 0.966238 0.434052 
0.221322 0.212353 0.178797 
0.339318 0.100531 0.543673 
0.560446 0.919106 0.815436 
0.787842 0.481166 0.470342 
0.962223 0.960311 0.600297 
0.357752 0.156905 0.803740 
0.851338 0.756519 0.501519 
0.955935 0.106230 0.350867 
0.448293 0.447092 0.879738 
0.815809 0.057587 0.845976 
0.249861 0.278908 0.058330 
0.428658 0.618226 0.158861 
0.972331 0.178673 0.077967 
0.787767 0.966515 0.559133 
0.258109 0.928738 0.519444 
0.858406 0.286490 0.676349 
0.662146 0.137829 0.432868 
0.163665 0.093763 0.539098 
0.514532 0.542056 0.986190 
0.394270 0.357866 0.043777 
0.240246 0.607727 0.322685 
0.298576 0.036385 0.940911 
0.457438 0.008716 0.119584 
0.535405 0.796483 0.086099 
0.094538 0.054592 0.014837 
0.613982 0.912998 0.301328 
0.290330 0.575144 0.439156 
0.723198 0.738809 0.532920 
0.262296 0.253341 0.074976 
0.248486 0.647611 0.432841 
0.292263 0.887857 0.040568 
0.614948 0.186434 0.076953 
0.555860 0.643871 0.085670 
0.675444 0.179276 0.882153 
0.761543 0.273814 0.936745 
0.776380 0.887796 0.849743 
0.077708 0.178126 0.424888 
0.516864 0.901324 0.163697 
0.049783 0.163620 0.417038 
0.124759 0.412106 0.064649 
0.557601 0.704369 0.952506 
0.598169 0.319317 0.138940 
0.675122 0.875177 0.782811 
0.760792 0.550621 0.962088 
0.642945 0.312163 0.235902 
0.579690 0.088544 0.123697 
0.429434 0.166251 0.301823 
0.854321 0.683115 0.203147 
0.018018 0.732898 0.366767 
0.435056 0.857657 0.778873 
0.499705 0.415258 0.483242 
0.452211 0.013427 0.802560 
0.591151 0.688550 0.677737 
0.373962 0.449342 0.228358 
0.336050 0.092287 0.540521 
0.571951 0.671978 0.629065 
0.695648 0.101411 0.795316 
0.997471 0.955732 0.478431 
0.200618 0.973751 0.211329 
0.567385 0.408807 0.068987 
0.346258 0.908511 0.484245 
0.829501 0.360722 0.497672 
0.632060 0.951873 0.186222 
0.309797 0.325836 0.635563 
0.538154 0.661885 0.727851 
0.078675 0.233837 0.399828 
0.707740 0.929485 0.501239 
0.503056 0.926956 0.456972 
0.981487 0.127575 0.430722 
0.192816 0.694960 0.839529 
0.261803 0.041219 0.748040 
0.746047 0.870719 0.108762 
0.243719 0.502779 0.060636 
0.429941 0.812576 0.386471 
0.065504 0.350730 0.048357 
0.793355 0.429406 0.282193 
0.193183 0.137146 0.211678 
0.694422 0.640202 0.138634 
0.151394 0.621688 0.266209 
0.582116 0.814504 0.961169 
0.421645 0.076307 0.002388 
0.169685 0.822354 0.873107 
0.278448 0.066073 0.375886 
0.339084 0.496014 0.188462 
0.725555 0.561519 0.539192 
0.773911 0.354874 0.968598 
0.056105 0.548057 0.105744 
0.267782 0.242479 0.745946 
0.406417 0.393873 0.367634 
0.672626 0.975989 0.182138 
0.633795 0.397635 0.258445 
0.636183 0.567320 0.080799 
0.509289 0.845768 0.146872 
0.885175 0.184851 0.642886 
0.073637 0.910406 0.204405 
0.612830 0.684317 0.559279 
0.581428 0.740422 0.107335 
0.687172 0.008204 0.349814 
0.433117 0.414621 0.743687 
0.800751 0.087247 0.719677 
0.982889 0.721042 0.117312 
0.241334 0.357225 0.684632 
0.322133 0.866514 0.530399 
0.469005 0.751689 0.715250 
0.111892 0.825327 0.625656 
0.316297 0.438157 0.309974 
0.875575 0.019584 0.050396 
0.982911 0.706756 0.058600 
0.332725 0.139874 0.473222 
0.076413 0.940625 0.560469 
0.796089 0.923514 0.281511 
0.913401 0.164848 0.638735 
0.598033 0.486981 0.505249 
0.128432 0.955986 0.256939 
0.843682 0.067878 0.082265 
0.469339 0.384174 0.520422 
0.779313 0.259750 0.540006 
0.829709 0.242660 0.246763 
0.888309 0.575385 0.386636 
0.361531 0.651798 0.327261 
0.921999 0.447887 0.250775 
0.203510 0.361288 0.415623 
0.842245 0.959321 0.902605 
0.347495 0.087753 0.858591 
0.604433 0.931435 0.926468 
0.686699 0.400774 0.310643 
0.207121 0.180087 0.570392 
0.747127 0.009795 0.813053 
0.993890 0.898104 0.388438 
0.380526 0.259635 0.040236 
0.707787 0.181634 0.488123 
0.958563 0.385144 0.849412 
0.374186 0.227389 0.808733 
0.276790 0.574884 0.896486 
0.135381 0.179317 0.827921 
0.061850 0.866016 0.228695 
0.372492 0.073137 0.408782 
0.942884 0.820264 0.418577 
0.755937 0.814154 0.316681 
0.144375 0.194680 0.576316 
0.184611 0.902467 0.757950 
0.672734 0.861030 0.143093 
0.522146 0.235215 0.370483 
0.330879 0.512006 0.945366 
0.227365 0.647387 0.124684 
0.055286 0.709237 0.990699 
0.283981 0.081729 0.063836 
0.692762 0.024613 0.884100 
0.111339 0.780550 0.698253 
0.428020 0.924926 0.892933 
0.004336 0.109537 0.795400 
0.762285 0.782271 0.656430 
0.905379 0.304417 0.891645 
0.275861 0.635296 0.403651 
0.221228 0.862660 0.051038 
0.345911 0.917946 0.760275 
0.336610 0.201927 0.842004 
0.400447 0.894689 0.866617 
0.284546 0.006028 0.647167 
0.982800 0.434048 0.572093 
0.875733 0.438384 0.681630 
0.671133 0.200669 0.463900 
0.327563 0.106048 0.768317 
0.219208 0.381909 0.403613 
0.622859 0.603136 0.266273 
0.673897 0.949047 0.184219 
0.434172 0.285658 0.386146 
0.276175 0.686104 0.280835 
0.142792 0.970651 0.286864 
0.789960 0.953451 0.720912 
0.362053 0.829183 0.159296 
0.043682 0.500316 0.359965 
0.507583 0.827879 0.466013 
0.275900 0.047087 0.847921 
0.679513 0.669945 0.451058 
0.945786 0.343842 0.400105 
0.130005 0.778014 0.685763 
0.516151 0.054190 0.371867 
0.796986 0.196982 0.342518 
0.083850 0.986942 0.295969 
0.804762 0.348995 0.125152 
0.964058 0.392677 0.625468 
0.324023 0.900260 0.453347 
0.790036 0.176160 0.500434 
0.637957 0.855673 0.170379 
0.089014 0.801459 0.514222 
0.489119 0.931464 0.292236 
0.174882 0.447615 0.346425 
0.546750 0.244602 0.543407 
0.889268 0.328452 0.530349 
0.185236 0.133214 0.879344 
0.310389 0.097272 0.272021 
0.935857 0.421295 0.172281 
0.389204 0.211330 0.348440 
0.889638 0.849287 0.204113 
0.060018 0.938302 0.005572 
0.574239 0.427421 0.937036 
0.866475 0.602304 0.384651 
0.212901 0.149053 0.629253 
0.756308 0.038321 0.957705 
0.286657 0.223558 0.090918 
0.166001 0.533946 0.188190 
0.438021 0.469803 0.609485 
0.610302 0.859008 0.820816 
0.958742 0.748646 0.670103 
0.162855 0.808664 0.608405 
0.168427 0.382903 0.035826 
0.105463 0.249379 0.638130 
0.490114 0.462279 0.787183 
0.119367 0.218587 0.825504 
0.077072 0.505244 0.049062 
0.167990 0.671244 0.583008 
0.356180 0.109266 0.052811 
0.965665 0.719567 0.911819 
0.786481 0.678310 0.660465 
0.456584 0.841165 0.469129 
0.064988 0.009592 0.852032 
0.100814 0.115055 0.101411 
0.738944 0.605169 0.563690 
0.526127 0.724536 0.782277 
0.351631 0.801608 0.287520 
0.400693 0.969598 0.958765 
0.983701 0.325778 0.068030 
0.036513 0.291444 0.787598 
0.948332 0.077924 0.465908 
0.608797 0.534508 0.307073 
0.077925 0.599496 0.316665 
0.929957 0.700311 0.431720 
0.031368 0.439255 0.036889 
0.595058 0.965381 0.761426 
0.377334 0.317013 0.563034 
0.664855 0.717706 0.532632 
0.623620 0.701407 0.858410 
0.691650 0.737920 0.149854 
0.479248 0.686251 0.227778 
0.945156 0.295048 0.762286 
0.252228 0.372973 0.361783 
0.568893 0.302931 0.062093 
0.000613 0.334299 0.501348 
0.037502 0.929356 0.466730 
0.798928 0.306691 0.783742 
0.361962 0.971545 0.501448 
0.894594 0.595165 0.202855 
0.753005 0.286815 0.940775 
0.902858 0.766063 0.627026 
0.130637 0.711218 0.922074 
0.892923 0.963447 0.295048 
0.254706 0.532340 0.597979 
0.316799 0.532952 0.932277 
0.818148 0.570455 0.861634 
0.284877 0.369383 0.168324 
0.068619 0.731345 0.139870 
0.570067 0.625939 0.735035 
0.772922 0.378944 0.021850 
0.713697 0.281802 0.787913 
0.340724 0.412439 0.499131 
0.262798 0.305362 0.462578 
0.557846 0.560068 0.994917 
0.155825 0.876868 0.527870 
0.088102 0.695015 0.098325 
0.949736 0.979892 0.467707 
0.118060 0.048512 0.199053 
0.257930 0.618579 0.824992 
0.992965 0.391501 0.203936 
0.014815 0.105198 0.485738 
0.802727 0.445922 0.898177 
0.301859 0.708720 0.203539 
0.764436 0.266566 0.763608 
0.759354 0.422391 0.640475 
0.287223 0.510493 0.335491 
0.385548 0.460229 0.315383 
0.853255 0.578289 0.363895 
0.052308 0.836219 0.982473 
0.877300 0.829184 0.373975 
0.081236 0.843999 0.479173 
0.566974 0.646727 0.925095 
0.465151 0.948585 0.633815 
0.668690 0.713021 0.900382 
0.432298 0.472375 0.322772 
0.072773 0.759598 0.833265 
0.408264 0.145146 0.293494 
0.723647 0.998402 0.871783 
0.087542 0.050710 0.708002 
0.070015 0.928010 0.537187 
0.443990 0.009245 0.381186 
0.923163 0.576219 0.027912 
0.848258 0.041370 0.976497 
0.482074 0.710060 0.689519 
0.382455 0.142358 0.161894 
0.705228 0.215132 0.921492 
0.538493 0.623396 0.066639 
0.831987 0.347042 0.065040 
0.703770 0.434584 0.115750 
0.411772 0.504599 0.043760 
0.948959 0.948588 0.053006 
0.330144 0.871751 0.629225 
0.358057 0.720009 0.670595 
0.334554 0.202083 0.380655 
0.024073 0.584538 0.523013 
0.185966 0.289766 0.738145 
0.107459 0.828258 0.361540 
0.174097 0.660245 0.708583 
0.239138 0.364015 0.143167 
0.354888 0.775787 0.647766 
0.398648 0.724746 0.596354 
0.451654 0.054890 0.468105 
0.080879 0.412947 0.188115 
0.751473 0.747501 0.390197 
0.132129 0.771574 0.974735 
0.655142 0.957540 0.264501 
0.393287 0.064999 0.092759 
0.754827 0.239096 0.753004 
0.463410 0.478233 0.117019 
0.606577 0.833121 0.892806 
0.254342 0.231769 0.617552 
0.850697 0.683423 0.672442 
0.318802 0.764302 0.085389 
0.506917 0.515775 0.832890 
0.897114 0.647904 0.604463 
0.871850 0.303046 0.562003 
0.136350 0.696332 0.627002 
0.229110 0.451159 0.866098 
0.982114 0.914569 0.344331 
0.099133 0.521146 0.177452 
0.991939 0.775488 0.409222 
0.609491 0.626185 0.092645 
0.281933 0.944987 0.856946 
0.367321 0.451903 0.372721 
0.200211 0.349017 0.020625 
0.804674 0.220867 0.323671 
0.366678 0.357218 0.020003 
0.993680 0.586327 0.471162 
0.859778 0.568441 0.385731 
0.204109 0.667574 0.906877 
0.381561 0.659514 0.682365 
0.790783 0.269005 0.308550 
0.883427 0.550937 0.253537 
0.740374 0.918259 0.705440 
0.113095 0.118470 0.054457 
0.133720 0.923144 0.275324 
0.457391 0.289822 0.632542 
0.477394 0.283502 0.218869 
0.948556 0.143279 0.787310 
0.334287 0.347388 0.454885 
0.241164 0.728949 0.114399 
0.923529 0.519731 0.383403 
0.232079 0.403159 0.934341 
0.485616 0.143532 0.852599 
0.191056 0.256627 0.971069 
0.245513 0.390348 0.894213 
0.520838 0.847739 0.184035 
0.153380 0.325132 0.467537 
0.372249 0.273688 0.610816 
0.159559 0.607975 0.958204 
0.614444 0.849139 0.687152 
0.728843 0.772668 0.206884 
0.112246 0.004748 0.610042 
0.046587 0.490364 0.753575 
0.899186 0.681420 0.010202 
0.870256 0.926933 0.400550 
0.764469 0.447771 0.248288 
0.948504 0.601151 0.573421 
0.416041 0.973400 0.847109 
0.026857 0.132959 0.455084 
0.985060 0.747404 0.304223 
0.672213 0.476247 0.076891 
0.879096 0.588493 0.081639 
0.489138 0.635080 0.572003 
0.242713 0.534267 0.253423 
0.252915 0.404522 0.180356 
0.653465 0.168991 0.628127 
0.901753 0.117496 0.229278 
0.475173 0.533536 0.202677 
0.322282 0.560393 0.335636 
0.777365 0.545453 0.083040 
0.081588 0.217666 0.559287 
0.158479 0.096762 0.147780 
0.240118 0.585900 0.782860 
0.812121 0.828613 0.317127 
0.065543 0.081528 0.721649 
0.245899 0.734993 0.890641 
0.874026 0.636746 0.008136 
0.103303 0.111919 0.541673 
0.305981 0.434201 0.102066 
0.641617 0.211566 0.647519 
0.724657 0.293154 0.865185 
0.283944 0.451634 0.961948 
0.431724 0.691752 0.547848 
0.214584 0.503872 0.376461 
0.531711 0.569416 0.457989 
0.253360 0.815314 0.192982 
0.144001 0.689340 0.829728 
0.152137 0.792643 0.941647 
0.693810 0.098624 0.375848 
0.795875 0.740241 0.587414 
0.443395 0.464898 0.880569 
0.308580 0.748842 0.332202 
0.270528 0.180566 0.023954 
0.818376 0.395150 0.527826 
0.194837 0.926860 0.097241 
0.652826 0.180220 0.912556 
0.845809 0.324221 0.601896 
0.675536 0.476358 0.394540 
0.617183 0.170168 0.493163 
0.993031 0.966043 0.233404 
0.580445 0.409438 0.698302 
0.461014 0.718018 0.447144 
0.793216 0.988546 0.627710 
0.817170 0.806921 0.022860 
0.344996 0.001758 0.949720 
0.442237 0.654584 0.129941 
0.354793 0.500393 0.454162 
0.956689 0.175929 0.930520 
0.351228 0.793113 0.100687 
0.844392 0.786144 0.066730 
0.077796 0.366589 0.476168 
0.776099 0.827603 0.194186 
0.223243 0.620819 0.182731 
0.850953 0.437989 0.989653 
0.873813 0.782984 0.991411 
0.823533 0.225221 0.645995 
0.953473 0.580014 0.146388 
0.407635 0.536703 0.322317 
0.338155 0.887932 0.115430 
0.438842 0.732323 0.901574 
0.505572 0.810120 0.268163 
0.981740 0.586219 0.095766 
0.175926 0.809462 0.716585 
0.358657 0.660415 0.154574 
0.348310 0.534227 0.937558 
0.339720 0.357760 0.162780 
0.985715 0.311233 0.742794 
0.132103 0.718868 0.279497 
0.454421 0.057023 0.167429 
0.569851 0.495865 0.899752 
0.471424 0.001438 0.709872 
0.739587 0.983178 0.296090 
0.835353 0.159104 0.105552 
0.551938 0.517761 0.765966 
0.706512 0.866071 0.300194 
0.644070 0.205791 0.657954 
0.806850 0.191506 0.969187 
0.549644 0.323610 0.688055 
0.829141 0.778031 0.745078 
0.996569 0.347881 0.240944 
0.896321 0.819306 0.242381 
0.606193 0.558893 0.225559 
0.902283 0.394246 0.384663 
0.007835 0.946184 0.902424 
0.773802 0.652696 0.768495 
0.073995 0.296766 0.974286 
0.731949 0.103616 0.165792 
0.701136 0.653259 0.489402 
0.389191 0.482400 0.267432 
0.134269 0.478969 0.615314 
0.375213 0.375290 0.434619 
0.617595 0.981483 0.993512 
0.843154 0.883767 0.387758 
0.227817 0.891602 0.333942 
0.130241 0.665404 0.986638 
0.898736 0.739399 0.283404 
0.873021 0.471348 0.387020 
0.038814 0.172484 0.040279 
0.528215 0.561675 0.522679 
0.795648 0.695944 0.001648 
0.410962 0.071157 0.376938 
0.845581 0.688752 0.358422 
0.839093 0.531905 0.242189 
0.226851 0.759722 0.133791 
0.560793 0.889963 0.799195 
0.547431 0.788699 0.538594 
0.830835 0.661720 0.009942 
0.217855 0.700534 0.182426 
0.258134 0.228749 0.744101 
0.780813 0.024397 0.440045 
0.782462 0.435359 0.511202 
0.159400 0.280940 0.199953 
0.517822 0.120033 0.731859 
0.760011 0.346884 0.491581 
0.893801 0.907677 0.381544 
0.692996 0.455108 0.170244 
0.231590 0.285943 0.831964 
0.241533 0.503798 0.532498 
0.423959 0.761932 0.761247 
0.168060 0.542745 0.785645 
0.608104 0.325207 0.221003 
0.119306 0.484607 0.501943 
0.319259 0.002429 0.621976 
0.051118 0.762439 0.968860 
0.542699 0.656240 0.876536 
0.924244 0.349237 0.331644 
0.094487 0.580827 0.617587 
0.926451 0.822360 0.121385 
0.458949 0.246318 0.883316 
0.220196 0.414378 0.426062 
0.005841 0.022483 0.751268 
0.226845 0.141789 0.235875 
0.728788 0.461048 0.238304 
0.350763 0.512166 0.000743 
0.319623 0.054865 0.656983 
0.196159 0.979109 0.006220 
0.527803 0.073596 0.587047 
0.145390 0.000047 0.409406 
0.266775 0.458996 0.655725 
0.150091 0.679192 0.070103 
0.576153 0.685033 0.092586 
0.327421 0.911878 0.234374 
0.563296 0.640666 0.695423 
0.801600 0.991429 0.207589 
0.802343 0.311052 0.262454 
0.459326 0.507211 0.241563 
0.465546 0.035015 0.315159 
0.052592 0.180405 0.315206 
0.461999 0.447180 0.774202 
0.117724 0.597271 0.453394 
0.187827 0.173424 0.138428 
0.280413 0.500845 0.050306 
0.514787 0.064141 0.690971 
0.210210 0.865741 0.682400 
0.417798 0.668083 0.993453 
0.680252 0.127409 0.500664 
0.921815 0.592955 0.535679 
0.236974 0.645547 0.716084 
0.552180 0.107546 0.163263 
0.326382 0.225270 0.760534 
0.779776 0.413097 0.933958 
0.918203 0.693510 0.434803 
0.968509 0.208298 0.498944 
0.659480 0.418507 0.364685 
0.341881 0.836306 0.032768 
0.335334 0.516558 0.160177 
0.835998 0.438374 0.753132 
0.371677 0.675348 0.398679 
0.087760 0.227528 0.506226 
0.251024 0.553909 0.731496 
0.011558 0.333685 0.144593 
0.945516 0.251888 0.838104 
0.380319 0.220398 0.046401 
0.879263 0.879878 0.464908 
0.243947 0.221759 0.301214 
0.276715 0.557093 0.817772 
0.436893 0.393090 0.256146 
0.190025 0.764767 0.931494 
0.588704 0.852527 0.159021 
0.094930 0.103551 0.712930 
0.826426 0.115109 0.046615 
0.971019 0.060625 0.298504 
0.809123 0.440944 0.518901 
0.855524 0.320207 0.398779 
0.320432 0.564154 0.620538 
0.621647 0.840870 0.177631 
0.439419 0.277762 0.570721 
0.695565 0.467787 0.335488 
0.627059 0.056491 0.188015 
0.786080 0.151421 0.291566 
0.499011 0.977847 0.406675 
0.545626 0.948866 0.467301 
0.844130 0.757988 0.908245 
0.363031 0.613512 0.228452 
0.761810 0.933945 0.792607 
0.382348 0.555591 0.633476 
0.559979 0.995010 0.911239 
0.130700 0.690575 0.379026 
0.466188 0.317634 0.435517 
0.654203 0.103714 0.586938 
0.945769 0.602725 0.564785 
0.352444 0.148351 0.513650 
0.819745 0.992481 0.271639 
0.727990 0.355512 0.885151 
0.956442 0.117322 0.819096 
0.749049 0.499670 0.374687 
0.382525 0.059650 0.369697 
0.293764 0.190350 0.060272 
0.672790 0.656538 0.377907 
0.108307 0.310741 0.481621 
0.695245 0.256510 0.084346 
0.260030 0.608954 0.232697 
0.773680 0.428699 0.225178 
0.045318 0.156689 0.580689 
0.930469 0.113131 0.698011 
0.749565 0.862180 0.197682 
0.124251 0.244705 0.257331 
0.493948 0.538469 0.447681 
0.554221 0.211259 0.104219 
0.932128 0.319566 0.414960 
0.413749 0.014811 0.671470 
0.498095 0.274840 0.280424 
0.730792 0.048520 0.709124 
0.955970 0.093838 0.865813 
0.536659 0.024307 0.978944 
0.234670 0.773872 0.841124 
0.432352 0.898123 0.085829 
0.689683 0.392072 0.624297 
0.137364 0.946293 0.835556 
0.241583 0.878420 0.155121 
0.656543 0.292169 0.169932 
0.328012 0.790264 0.444772 
0.608437 0.521056 0.493292 
0.317560 0.477025 0.587130 
0.183373 0.013684 0.611438 
0.162317 0.248354 0.385310 
0.003441 0.680706 0.283433 
0.089270 0.370388 0.675505 
0.713567 0.507752 0.621797 
0.549122 0.749335 0.500218 
0.704244 0.405877 0.792387 
0.874176 0.733890 0.582651 
0.318948 0.342326 0.103706 
0.812240 0.659887 0.580732 
0.399371 0.843260 0.594416 
0.010808 0.005577 0.842770 
0.396118 0.009018 0.523476 
0.679551 0.098288 0.893864 
0.355056 0.811855 0.401616 
0.976854 0.360977 0.150951 
0.477071 0.065221 0.556828 
0.269458 0.939397 0.290718 
0.852109 0.258344 0.633044 
0.955815 0.070585 0.292931 
0.536547 0.469955 0.136191 
0.130963 0.480764 0.141768 
0.973733 0.876882 0.150786 
0.497209 0.556433 0.249074 
0.391073 0.911490 0.060928 
0.792689 0.888343 0.421905 
0.943640 0.365415 0.487126 
0.500468 0.634873 0.426523 
0.791186 0.486982 0.684867 
0.424230 0.442797 0.755452 
0.717161 0.979344 0.225407 
0.853352 0.110307 0.706171 
0.995120 0.084040 0.583053 
0.145906 0.581249 0.139486 
0.394980 0.972322 0.050976 
0.455909 0.765011 0.939319 
0.877814 0.708651 0.304733 
0.364940 0.209118 0.939606 
0.791463 0.000304 0.426588 
0.476330 0.424534 0.869385 
0.231782 0.141695 0.848729 
0.457189 0.995047 0.959036 
0.163360 0.990167 0.043076 
0.746413 0.136073 0.624325 
0.885899 0.531054 0.596647 
0.936874 0.986962 0.361658 
0.876193 0.864776 0.070309 
0.180927 0.229717 0.279427 
0.120533 0.021180 0.279731 
0.547121 0.497510 0.704265 
0.416506 0.729292 0.845960 
0.265234 0.186482 0.841007 
0.224270 0.349842 0.831174 
0.267347 0.096254 0.967248 
0.891672 0.982153 0.498301 
0.488319 0.919027 0.485263 
0.849977 0.795220 0.350040 
0.920286 0.976147 0.579756 
0.199713 0.096680 0.600936 
0.479444 0.643800 0.098446 
0.183709 0.060306 0.827739 
0.029669 0.325540 0.014220 
0.870676 0.549811 0.364062 
0.701850 0.817157 0.460316 
0.669098 0.708829 0.442469 
0.167399 0.197148 0.361497 
0.652662 0.047126 0.156717 
0.002702 0.967412 0.132864 
0.582458 0.167124 0.229543 
0.183394 0.646568 0.873343 
0.281840 0.830277 0.933649 
0.109579 0.859946 0.259189 
0.123799 0.730622 0.809000 
0.487861 0.432472 0.626157 
0.948177 0.101570 0.334986 
0.390647 0.268969 0.532134 
0.752143 0.921631 0.579260 
0.908860 0.924333 0.546672 
0.041723 0.506791 0.713796 
0.271267 0.690185 0.360364 
0.144610 0.972026 0.190641 
0.078259 0.081605 0.050587 
0.337449 0.205404 0.781209 
0.146449 0.693265 0.213680 
0.772606 0.641442 0.315250 
0.107592 0.032089 0.584219 
0.639726 0.784232 0.505850 
0.218986 0.693092 0.430183 
0.765658 0.734815 0.936974 
0.479454 0.006082 0.627159 
0.839818 0.150692 0.599185 
0.030459 0.228951 0.680790 
0.081046 0.566400 0.886194 
0.862255 0.712849 0.579459 
0.075935 0.485455 0.220901 
0.391185 0.593046 0.252990 
0.975403 0.232773 0.037222 
0.481253 0.451759 0.730314 
0.911436 0.217417 0.465129 
0.848410 0.696871 0.471211 
0.475569 0.536689 0.621903 
0.074754 0.567148 0.850854 
0.755544 0.648194 0.417255 
0.641738 0.510449 0.130103 
0.221197 0.586384 0.615558 
0.442098 0.977568 0.208604 
0.695088 0.952972 0.441377 
0.732310 0.434225 0.893136 
0.462623 0.345661 0.110553 
0.927753 0.194070 0.807424 
0.398964 0.669639 0.344112 
0.020867 0.744394 0.911260 
0.871721 0.499938 0.559454 
0.288976 0.141676 0.069903 
0.419079 0.362873 0.656286 
0.034637 0.804971 0.633855 
0.243241 0.500059 0.586827 
0.684618 0.232369 0.021052 
0.577754 0.694992 0.366712 
0.688307 0.622745 0.560783 
0.495730 0.021708 0.230422 
0.839843 0.042575 0.974815 
0.751103 0.914296 0.474754 
0.310557 0.203271 0.616430 
0.380460 0.622350 0.979303 
0.036746 0.656987 0.784274 
0.670601 0.900228 0.284333 
0.257428 0.584846 0.516702 
0.278480 0.162600 0.211694 
0.645192 0.850906 0.834438 
0.205974 0.346637 0.856146 
0.436396 0.186479 0.898721 
0.411212 0.937582 0.813017 
0.885965 0.248139 0.016288 
0.502395 0.628598 0.638639 
0.481698 0.665345 0.295626 
0.265972 0.335946 0.195854 
0.550305 0.593374 0.780700 
0.067006 0.871853 0.943299 
0.278700 0.517045 0.794206 
0.113138 0.723020 0.140842 
0.969284 0.159416 0.327321 
0.868005 0.570628 0.264903 
0.681022 0.456593 0.513042 
0.697310 0.958988 0.141640 
0.335949 0.440686 0.806985 
0.631575 0.706658 0.142931 
0.827429 0.256963 0.736305 
0.608128 0.323970 0.608158 
0.551428 0.602670 0.125203 
0.345633 0.715808 0.848223 
0.486476 0.685092 0.007639 
0.813797 0.553097 0.578268 
0.078700 0.234119 0.034861 
0.591742 0.931430 0.993849 
0.733382 0.267379 0.434536 
0.540367 0.898954 0.141194 
0.683298 0.726382 0.398157 
0.419602 0.334511 0.722126 
0.027760 0.885938 0.324796 
0.152964 0.231572 0.040604 
0.001187 0.718047 0.725696 
0.008827 0.531844 0.278793 
0.587094 0.610544 0.512912 
0.621955 0.202286 0.444342 
0.615804 0.935668 0.711721 
0.050340 0.476035 0.610674 
0.191533 0.159333 0.337057 
0.589690 0.578935 0.671567 
0.311817 0.606695 0.557506 
0.636613 0.759659 0.789077 
0.677216 0.760846 0.507124 
0.402912 0.769673 0.038968 
0.681705 0.356767 0.649512 
0.194617 0.978721 0.851798 
0.638959 0.594525 0.787465 
0.350680 0.644865 0.263500 
0.961354 0.836398 0.422833 
0.298411 0.426089 0.001768 
0.969978 0.737905 0.608463 
0.527483 0.374518 0.368122 
0.316560 0.051735 0.128968 
0.823684 0.454647 0.898641 
0.862653 0.136352 0.255407 
0.512164 0.330969 0.234129 
0.363962 0.969928 0.828654 
0.151427 0.320607 0.473519 
0.414927 0.281961 0.309917 
0.837760 0.580372 0.736006 
0.839528 0.550350 0.473911 
0.447991 0.077833 0.848429 
0.816113 0.394393 0.900164 
0.945081 0.218078 0.354810 
0.843722 0.080730 0.491162 
0.099129 0.592895 0.822131 
0.333258 0.956856 0.792059 
0.161912 0.108284 0.112666 
0.635431 0.523211 0.394627 
0.945348 0.360971 0.974999 
0.681354 0.200498 0.525349 
0.155265 0.648489 0.603182 
0.003694 0.464602 0.997575 
0.903858 0.409683 0.215653 
0.258669 0.253404 0.296383 
0.749831 0.352533 0.889277 
0.571961 0.685791 0.846134 
0.364020 0.847703 0.954417 
0.476686 0.483134 0.477628 
0.871314 0.428482 0.838599 
0.846313 0.109836 0.039098 
0.371662 0.265102 0.687587 
0.974844 0.268796 0.152189 
0.972419 0.172654 0.561872 
0.188072 0.431323 0.815276 
0.484454 0.181153 0.167810 
0.373732 0.753115 0.853601 
0.219865 0.117135 0.701304 
0.174283 0.593821 0.184438 
0.651911 0.465135 0.612920 
0.490511 0.311448 0.722756 
0.529608 0.683110 0.987858 
0.217195 0.657954 0.256654 
0.369384 0.630373 0.429308 
0.931256 0.818444 0.860631 
0.746532 0.302898 0.041784 
0.914341 0.676630 0.794899 
0.767942 0.896496 0.912034 
0.469246 0.070778 0.505855 
0.653683 0.722690 0.970989 
0.266603 0.213200 0.282437 
0.989359 0.742809 0.965547 
0.977216 0.960004 0.623500 
0.233870 0.329388 0.253873 
0.663178 0.260644 0.072317 
0.523809 0.007175 0.375215 
0.565593 0.921517 0.051846 
0.360492 0.689459 0.948341 
0.272526 0.158704 0.019120 
0.778380 0.812387 0.741809 
0.749370 0.078990 0.955010 
0.031807 0.068349 0.697818 
0.997353 0.045565 0.657822 
0.620854 0.279435 0.987210 
0.874727 0.942614 0.247854 
0.947044 0.466422 0.255029 
0.322259 0.032016 0.176546 
0.374105 0.392507 0.866004 
0.322446 0.665033 0.024708 
0.341565 0.443413 0.837096 
0.083375 0.192783 0.916086 
0.038384 0.224590 0.984435 
0.736203 0.221943 0.030001 
0.394025 0.842797 0.309436 
0.381236 0.717524 0.252050 
0.629089 0.664567 0.718472 
0.884119 0.986827 0.750488 
0.060664 0.360931 0.142995 
0.926668 0.683377 0.808028 
0.951377 0.024942 0.251441 
0.788473 0.108317 0.444225 
0.704559 0.146701 0.668814 
0.688994 0.882904 0.890757 
0.718995 0.276930 0.733554 
0.028431 0.658165 0.451078 
0.280480 0.287255 0.115645 
0.998952 0.171373 0.102472 
0.749440 0.232037 0.463403 
0.892435 0.158706 0.146780 
0.700463 0.110083 0.171722 
0.951905 0.898556 0.280039 
0.396129 0.603115 0.426741 
0.064943 0.292109 0.309645 
0.955701 0.011103 0.586575 
0.689255 0.039534 0.244740 
0.140333 0.320014 0.531994 
0.255978 0.318967 0.703367 
0.358450 0.068407 0.935405 
0.821853 0.960842 0.094111 
0.968633 0.661305 0.204193 
0.140355 0.613209 0.102749 
0.420395 0.009338 0.705863 
0.847135 0.074282 0.997972 
0.156780 0.029982 0.009075 
0.743355 0.719237 0.048609 
0.988094 0.859570 0.368624 
0.520089 0.115548 0.687591 
0.223456 0.473998 0.755997 
0.158861 0.295851 0.716839 
0.252972 0.264484 0.378144 
0.457165 0.404839 0.991353 
0.559914 0.825234 0.000692 
0.265777 0.672369 0.074973 
0.263749 0.829149 0.104955 
0.272824 0.572504 0.824192 
0.321434 0.560598 0.683762 
0.690058 0.080687 0.799310 
0.377648 0.304144 0.273307 
0.133646 0.463005 0.569158 
0.850485 0.715976 0.833642 
0.228628 0.173141 0.238480 
0.219982 0.733055 0.063714 
0.220673 0.998832 0.736083 
0.295646 0.262581 0.565232 
0.400602 0.535405 0.137736 
0.224794 0.856839 0.698334 
0.908556 0.546896 0.779022 
0.707866 0.924545 0.083165 
0.981174 0.058190 0.546170 
0.550332 0.908675 0.262146 
0.383973 0.137303 0.435287 
0.622454 0.357285 0.168342 
0.686168 0.577958 0.167174 
0.422251 0.873604 0.429755 
0.987482 0.274206 0.965160 
0.125218 0.499000 0.821999 
0.823553 0.407556 0.368895 
0.602574 0.115423 0.293440 
0.685739 0.096596 0.351630 
0.231909 0.646928 0.260304 
0.494055 0.030901 0.397607 
0.929342 0.653355 0.754892 
0.097684 0.339523 0.332850 
0.264857 0.761773 0.206454 
0.694612 0.749256 0.480659 
0.659772 0.874474 0.979659 
0.481771 0.698027 0.387215 
0.850666 0.300601 0.502638 
0.144106 0.986340 0.599234 
0.495736 0.218249 0.246162 
0.756041 0.712303 0.277064 
0.153648 0.641645 0.930419 
0.908540 0.739329 0.269942 
0.241390 0.004186 0.031715 
0.447843 0.698798 0.780971 
0.928503 0.358571 0.655445 
0.908162 0.840342 0.353472 
0.295377 0.691008 0.654072 
0.798015 0.835114 0.640413 
0.397249 0.330850 0.858661 
0.643412 0.086891 0.570965 
0.920475 0.240539 0.212610 
0.850894 0.149079 0.951939 
0.120836 0.390469 0.956125 
0.152551 0.838312 0.654924 
0.933521 0.766815 0.013494 
0.588966 0.674976 0.853836 
0.942438 0.970353 0.544844 
0.596510 0.768368 0.379959 
0.236923 0.165617 0.710809 
0.095584 0.809029 0.797700 
0.666549 0.729504 0.038239 
0.879159 0.580399 0.187318 
0.831098 0.701234 0.577787 
0.787223 0.853785 0.416099 
0.442147 0.787307 0.182913 
0.455641 0.376273 0.857890 
0.309477 0.318711 0.828243 
0.854321 0.915221 0.596611 
0.234280 0.152144 0.762229 
0.945089 0.247728 0.571258 
0.742789 0.914277 0.300762 
0.781028 0.793436 0.881160 
0.968346 0.624534 0.582395 
0.546133 0.411758 0.436180 
0.962232 0.853904 0.223487 
0.145146 0.309545 0.599759 
0.003035 0.619022 0.918470 
0.831278 0.473343 0.833691 
0.427890 0.707623 0.985834 
0.190118 0.652712 0.233562 
0.761376 0.395501 0.147839 
0.062138 0.176529 0.941276 
0.943298 0.144875 0.565810 
0.525693 0.691009 0.977567 
0.961873 0.653241 0.831472 
0.185360 0.798387 0.141017 
0.785119 0.801422 0.760039 
0.703589 0.632701 0.233382 
0.537280 0.060590 0.941004 
0.523114 0.250708 0.593716 
0.756676 0.012084 0.989217 
0.904516 0.074222 0.165746 
0.845791 0.017520 0.310621 
0.411601 0.543213 0.001630 
0.389169 0.505086 0.654871 
0.220640 0.690446 0.453258 
0.361657 0.475565 0.254680 
0.121695 0.179153 0.887380 
0.355077 0.716433 0.947971 
0.296081 0.239547 0.198679 
0.889798 0.996223 0.210763 
0.879015 0.900739 0.284985 
0.044760 0.746530 0.302505 
0.355382 0.158131 0.845718 
0.357012 0.547299 0.350804 
0.011883 0.767940 0.041250 
0.465141 0.129596 0.516815 
0.719821 0.251292 0.695968 
0.607201 0.606369 0.412401 
0.555172 0.902450 0.651948 
0.753851 0.792248 0.648171 
0.964614 0.671262 0.548910 
0.249599 0.716023 0.295440 
0.552104 0.071404 0.453571 
0.397822 0.428416 0.000870 
0.748627 0.440299 0.768810 
0.789877 0.905440 0.898406 
0.306692 0.625261 0.149698 
0.002660 0.232462 0.756067 
0.415061 0.787634 0.658517 
0.067009 0.541484 0.450764 
0.715181 0.506098 0.122026 
0.264091 0.755697 0.838049 
0.559531 0.307800 0.909453 
0.013102 0.705623 0.337870 
0.013972 0.454249 0.778169 
0.782782 0.244126 0.683609 
0.681188 0.550818 0.308870 
0.830886 0.553478 0.541332 
0.586953 0.968539 0.328965 
0.245469 0.035548 0.870449 
0.696234 0.750728 0.376547 
0.818260 0.014819 0.132244 
0.656309 0.574350 0.440044 
0.565762 0.587452 0.145667 
0.903631 0.601424 0.599916 
0.681800 0.384206 0.844042 
0.365409 0.065395 0.394860 
0.674279 0.896281 0.948338 
0.215611 0.483234 0.916876 
0.544576 0.728703 0.952424 
0.415025 0.424937 0.703153 
0.791572 0.243196 0.717972 
0.923816 0.899505 0.292322 
0.363860 0.465267 0.879774 
0.509527 0.368898 0.481198 
0.109443 0.050698 0.865404 
0.953485 0.416107 0.930799 
0.348346 0.090386 0.827080 
0.296683 0.305997 0.310313 
0.213560 0.850573 0.039017 
0.165984 0.265598 0.463953 
0.869137 0.057170 0.707150 
0.587109 0.980986 0.606654 
0.879431 0.344846 0.071921 
0.759205 0.854373 0.440819 
0.240403 0.963816 0.491517 
0.105807 0.917301 0.907624 
0.036605 0.265646 0.998011 
0.863685 0.562330 0.304008 
0.173998 0.775889 0.154580 
0.213015 0.941873 0.420178 
0.676968 0.811010 0.477348 
0.384118 0.398119 0.458333 
0.990772 0.277549 0.803179 
0.062693 0.036754 0.657552 
0.503512 0.277157 0.621367 
0.995029 0.382963 0.538668 
0.902654 0.419569 0.804315 
0.900665 0.283254 0.366644 
0.204672 0.457252 0.142534 
0.359252 0.670267 0.084407 
0.779430 0.347235 0.895417 
0.256778 0.731353 0.293536 
0.715111 0.722125 0.571085 
0.518291 0.784818 0.607839 
0.175842 0.288331 0.884996 
0.797209 0.283360 0.267959 
0.335878 0.186014 0.687528 
0.140192 0.086679 0.970781 
0.506837 0.291351 0.428033 
0.649370 0.650603 0.098300 
0.733778 0.430033 0.445535 
0.629195 0.686811 0.176888 
0.922731 0.401923 0.899013 
0.493816 0.920213 0.683832 
0.101655 0.096056 0.972162 
0.986651 0.893265 0.255522 
0.254609 0.229143 0.441536 
0.942137 0.369335 0.528215 
0.912918 0.876171 0.819566 
0.340952 0.525542 0.470169 
0.439252 0.259319 0.900202 
0.884787 0.888514 0.587013 
0.061676 0.811245 0.988936 
0.960689 0.305060 0.909149 
0.644520 0.406715 0.005204 
0.616683 0.393366 0.898469 
0.872205 0.647975 0.127612 
0.313742 0.590112 0.496947 
0.841957 0.503030 0.373118 
0.661522 0.843982 0.898660 
0.131691 0.283234 0.157980 
0.031893 0.168021 0.046494 
0.618906 0.229697 0.857738 
0.607842 0.190385 0.162799 
0.516991 0.834906 0.569514 
0.522195 0.451589 0.962879 
0.420664 0.323794 0.610854 
0.548277 0.637536 0.200967 
0.045223 0.479493 0.703997 
0.418342 0.141015 0.547979 
0.317002 0.272706 0.831213 
0.474982 0.304599 0.999234 
0.521476 0.923505 0.228930 
0.379214 0.531346 0.419316 
0.542012 0.048337 0.254222 
0.111526 0.570532 0.705810 
0.074405 0.991196 0.029605 
0.685260 0.539473 0.667140 
0.886227 0.584696 0.146633 
0.590224 0.003038 0.287648 
0.138202 0.320040 0.560354 
0.969415 0.795022 0.864952 
0.968649 0.316497 0.788457 
0.197579 0.695711 0.319803 
0.616895 0.237724 0.368140 
0.871116 0.349250 0.938672 
0.576927 0.423655 0.929868 
0.606531 0.108915 0.469340 
0.273672 0.995142 0.054036 
0.420304 0.585365 0.057074 
0.707952 0.723568 0.377115 
0.268306 0.692983 0.172136 
0.133258 0.661632 0.488634 
0.921715 0.859211 0.184345 
0.241518 0.476105 0.422069 
0.609658 0.347222 0.771319 
0.548329 0.924149 0.194974 
0.478197 0.530680 0.303889 
0.947537 0.804352 0.299031 
0.001574 0.224656 0.884397 
0.058648 0.932608 0.607965 
0.435763 0.200914 0.300948 
0.607899 0.334172 0.962579 
0.096533 0.255886 0.821790 
0.280878 0.497404 0.297895 
0.702947 0.107062 0.645117 
0.474266 0.655391 0.569265 
0.669240 0.133588 0.099945 
0.973130 0.081125 0.904297 
0.272161 0.082699 0.128953 
0.156558 0.141347 0.061561 
0.764522 0.577109 0.262474 
0.065470 0.185008 0.596646 
0.028049 0.281541 0.852532 
0.849839 0.562420 0.349936 
0.147734 0.265367 0.456998 
0.792851 0.739633 0.112389 
0.362116 0.408873 0.245977 
0.462061 0.382002 0.327102 
0.366358 0.654163 0.409801 
0.495311 0.810721 0.551147 
0.556872 0.575243 0.128257 
0.819346 0.640714 0.313265 
0.415992 0.668763 0.594807 
0.268524 0.518602 0.157226 
0.618461 0.666336 0.422593 
0.075459 0.459187 0.162226 
0.187848 0.821303 0.571098 
0.433825 0.283365 0.953100 
0.760927 0.649723 0.607264 
0.170728 0.145034 0.417985 
0.721875 0.701906 0.993228 
0.850132 0.521252 0.633941 
0.163397 0.937244 0.302704 
0.758204 0.205768 0.821306 
0.915430 0.824229 0.487642 
0.338023 0.899688 0.946829 
0.500248 0.087537 0.768132 
0.071347 0.521362 0.051497 
0.024447 0.282290 0.701220 
0.631711 0.453018 0.846254 
0.049695 0.174893 0.548159 
0.042923 0.025026 0.069411 
0.676864 0.188423 0.006655 
0.979569 0.946627 0.212424 
0.800875 0.862057 0.036653 
0.288517 0.200080 0.936341 
0.235346 0.700328 0.023878 
0.003478 0.771675 0.545241 
0.054975 0.796122 0.827530 
0.756195 0.427832 0.280548 
0.602448 0.477528 0.455442 
0.150608 0.520451 0.480467 
0.220019 0.197315 0.668890 
0.226674 0.176884 0.615517 
0.439097 0.977759 0.477574 
0.475750 0.266276 0.677653 
0.412091 0.501622 0.377982 
0.435970 0.505100 0.149656 
0.981210 0.560075 0.945778 
0.808740 0.316270 0.373611 
0.089289 0.918718 0.851138 
0.544731 0.069326 0.371589 
0.025198 0.289345 0.568904 
0.694088 0.516019 0.745788 
0.309605 0.955116 0.723546 
0.787179 0.430866 0.989822 
0.464832 0.842957 0.491444 
0.842814 0.278927 0.996544 
0.992470 0.260137 0.556619 
0.938248 0.068877 0.872889 
0.311859 0.158166 0.791607 
0.162997 0.702897 0.860933 
0.534586 0.728095 0.150277 
0.103490 0.422183 0.666296 
0.849278 0.731788 0.621412 
0.572824 0.518966 0.052278 
0.562646 0.983798 0.895235 
0.054089 0.826612 0.174162 
0.050633 0.819082 0.434299 
0.607252 0.757330 0.503176 
0.480140 0.069189 0.661342 
0.271747 0.232186 0.364239 
0.132680 0.766773 0.092334 
0.282957 0.870263 0.514516 
0.949253 0.719540 0.246304 
0.570665 0.292364 0.765270 
0.622942 0.855010 0.749068 
0.518178 0.909099 0.575680 
0.692340 0.959732 0.394761 
0.126639 0.566984 0.152091 
0.629815 0.047124 0.221280 
0.291157 0.318871 0.453466 
0.655396 0.451550 0.220239 
0.747730 0.734507 0.090502 
0.262246 0.683760 0.810042 
0.508550 0.254425 0.102406 
0.273820 0.877368 0.957416 
0.022888 0.395545 0.866515 
0.598568 0.087885 0.826247 
0.993329 0.214523 0.393231 
0.145420 0.844338 0.440355 
0.366701 0.135495 0.759225 
0.820167 0.790892 0.210776 
0.040406 0.538622 0.945283 
0.130908 0.800868 0.629044 
0.940950 0.309418 0.883469 
0.043356 0.583238 0.760836 
0.000772 0.606127 0.156382 
0.867287 0.204695 0.244266 
0.693535 0.198024 0.458790 
0.086766 0.343445 0.303128 
0.527120 0.710145 0.438624 
0.286346 0.530312 0.229515 
0.497121 0.570718 0.768137 
0.442405 0.701626 0.569005 
0.071448 0.642575 0.878423 
0.954917 0.685931 0.461661 
0.715753 0.686703 0.067788 
0.872135 0.553991 0.272483 
0.116401 0.247525 0.470507 
0.575191 0.334291 0.813952 
0.878320 0.861411 0.524097 
0.316943 0.147757 0.054410 
0.546459 0.644878 0.625128 
0.314596 0.087283 0.326754 
0.883600 0.158731 0.969329 
0.762023 0.113648 0.655260 
0.223685 0.829402 0.341964 
0.291473 0.701537 0.895955 
0.563956 0.817938 0.143480 
0.034463 0.393130 0.477771 
0.848415 0.271449 0.339182 
0.372512 0.588393 0.486939 
0.426922 0.134851 0.131818 
0.052050 0.449447 0.219101 
0.378803 0.333047 0.377832 
0.348133 0.095071 0.491481 
0.003393 0.318755 0.320883 
0.345357 0.610228 0.022420 
0.241311 0.174184 0.840358 
0.384791 0.208647 0.233488 
0.862562 0.057062 0.504937 
0.201745 0.429574 0.093330 
0.688684 0.856496 0.228181 
0.820502 0.908546 0.677628 
0.039603 0.287349 0.010675 
0.417435 0.635482 0.105746 
0.908916 0.638875 0.424501 
0.229798 0.984232 0.034729 
0.252218 0.225543 0.208913 
0.092576 0.610335 0.417559 
0.326064 0.472897 0.474621 
0.831001 0.674642 0.904195 
0.924331 0.363326 0.760691 
0.152512 0.183827 0.669237 
0.830139 0.223430 0.956586 
0.840814 0.640865 0.592068 
0.946560 0.549780 0.230943 
0.371061 0.779578 0.215174 
0.405790 0.031796 0.440717 
0.614703 0.124372 0.051052 
0.032262 0.450436 0.523949 
0.506882 0.281436 0.198590 
0.411077 0.205767 0.561916 
0.171768 0.358279 0.745743 
0.841005 0.188418 0.969173 
0.797591 0.029232 0.610037 
0.389658 0.975792 0.159818 
0.620601 0.346853 0.939396 
0.835775 0.752643 0.971192 
0.276492 0.367346 0.095564 
0.327544 0.399608 0.546000 
0.851493 0.906490 0.827436 
0.050083 0.317567 0.033203 
0.611999 0.489335 0.391482 
0.357743 0.330340 0.579900 
0.326916 0.127931 0.609132 
0.936953 0.517589 0.584924 
0.096771 0.138190 0.931777 
0.036167 0.973965 0.684420 
0.007359 0.250457 0.051766 
0.102923 0.578001 0.451374 
0.648923 0.429494 0.357864 
0.476359 0.479578 0.675431 
0.509562 0.091577 0.164767 
0.901044 0.449320 0.495107 
0.480943 0.776235 0.623037 
0.090075 0.713188 0.140626 
0.674999 0.809959 0.278816 
0.606776 0.846126 0.252781 
0.291196 0.853484 0.503238 
0.342962 0.956407 0.081239 
0.794336 0.605330 0.510734 
0.152200 0.081688 0.990311 
0.827631 0.591250 0.081888 
0.992398 0.492294 0.531208 
0.487505 0.973237 0.307443 
0.110542 0.063312 0.020631 
0.251168 0.738310 0.830591 
0.529984 0.345086 0.676716 
0.782765 0.636282 0.530201 
0.286003 0.979244 0.486608 
0.367243 0.773581 0.091937 
0.877976 0.925781 0.173626 
0.868287 0.753412 0.764876 
0.950176 0.745810 0.257170 
0.481383 0.233314 0.230407 
0.788826 0.343856 0.293718 
0.809458 0.595024 0.032028 
0.640048 0.125009 0.377114 
0.316765 0.907774 0.013397 
0.846965 0.193777 0.992641 
0.333573 0.561020 0.766222 
0.425510 0.438996 0.692002 
0.599136 0.307283 0.445414 
0.364012 0.257459 0.191224 
0.621182 0.738842 0.424539 
0.851588 0.527669 0.768395 
0.145306 0.337126 0.363419 
0.177335 0.977175 0.488428 
0.554449 0.293939 0.396202 
0.567846 0.140905 0.589979 
0.560487 0.474477 0.150998 
0.326708 0.899988 0.589994 
0.018710 0.499124 0.897278 
0.464125 0.863135 0.154736 
0.655349 0.484317 0.893579 
0.079887 0.335905 0.421247 
0.848282 0.481211 0.758374 
0.211702 0.658546 0.735548 
0.700129 0.212996 0.029488 
0.096331 0.780841 0.170393 
0.686310 0.341328 0.644870 
0.837308 0.668036 0.544858 
0.427302 0.686747 0.043981 
0.324580 0.150871 0.907117 
0.479316 0.806220 0.391433 
0.372895 0.886107 0.727339 
0.794142 0.734390 0.208550 
0.552516 0.946091 0.867096 
0.288064 0.646220 0.080092 
0.317552 0.742551 0.860933 
0.487945 0.428861 0.202261 
0.132815 0.266169 0.870297 
0.677673 0.693471 0.557044 
0.721654 0.018051 0.707915 
0.628770 0.497368 0.514135 
0.020204 0.870263 0.400242 
0.747542 0.664405 0.134631 
0.956092 0.216921 0.080722 
0.823188 0.504986 0.726943 
0.903280 0.822538 0.469494 
0.764213 0.310483 0.898355 
0.966474 0.443298 0.164524 
0.836771 0.120970 0.857996 
0.393815 0.842624 0.876047 
0.101729 0.471394 0.373415 
0.615864 0.491598 0.243678 
0.016106 0.239140 0.908084 
0.150737 0.195232 0.125005 
0.231459 0.018421 0.629991 
0.958402 0.921701 0.452529 
0.427896 0.685914 0.763012 
0.326252 0.652388 0.206310 
0.490776 0.489159 0.327280 
0.348772 0.882973 0.169904 
0.224819 0.984702 0.641299 
0.598234 0.600566 0.132897 
0.841912 0.616672 0.372037 
0.749996 0.767409 0.567269 
0.875001 0.998868 0.585690 
0.504992 0.957271 0.507390 
0.957520 0.385167 0.193304 
0.720532 0.711419 0.845691 
0.926842 0.202194 0.334850 
0.254122 0.550966 0.217823 
0.424026 0.775785 0.202526 
0.065325 0.374019 0.803092 
0.198221 0.215931 0.419764 
0.570258 0.965927 0.187173 
0.137527 0.840928 0.186041 
0.723217 0.345920 0.143312 
0.230607 0.303440 0.528479 
0.423910 0.023972 0.239897 
0.269602 0.950814 0.442091 
0.604452 0.204936 0.993057 
0.822275 0.628963 0.768842 
0.024801 0.694287 0.142861 
0.827892 0.892509 0.358792 
0.247656 0.462767 0.324720 
0.434829 0.600294 0.165648 
0.620870 0.323511 0.511568 
0.764181 0.554117 0.815008 
0.292660 0.978028 0.838980 
0.532557 0.247630 0.789795 
0.974648 0.852081 0.994731 
0.967706 0.674356 0.623694 
0.736548 0.699157 0.317981 
0.879409 0.527049 0.210490 
0.238201 0.774705 0.673257 
0.562921 0.209534 0.273551 
0.728568 0.830403 0.597061 
0.240136 0.594585 0.151178 
0.055144 0.887244 0.129206 
0.894124 0.419801 0.376836 
0.683919 0.394449 0.228917 
0.678650 0.362154 0.903274 
0.302344 0.098702 0.602431 
0.620325 0.978111 0.129480 
0.830815 0.216312 0.904185 
0.504072 0.779233 0.113719 
0.777623 0.507801 0.944122 
0.374684 0.747937 0.538707 
0.525862 0.803081 0.425951 
0.655068 0.697206 0.845752 
0.031904 0.381125 0.240201 
0.260821 0.059775 0.602355 
0.164095 0.362119 0.701057 
0.766525 0.982444 0.679168 
0.896005 0.813259 0.895481 
0.800190 0.317331 0.674713 
0.913909 0.094953 0.182515 
0.858032 0.469637 0.930452 
0.396739 0.995500 0.733533 
0.822690 0.650568 0.430739 
0.668442 0.682472 0.811864 
0.908643 0.943294 0.871639 
0.510998 0.107389 0.233758 
0.212056 0.873914 0.216202 
0.891224 0.769919 0.029461 
0.786705 0.570110 0.346792 
0.461418 0.484019 0.441745 
0.643933 0.342051 0.911383 
0.574385 0.738790 0.906882 
0.307918 0.561480 0.557450 
0.738657 0.229922 0.239923 
0.550521 0.138565 0.183216 
0.422160 0.649563 0.290605 
0.655917 0.861619 0.164519 
0.872119 0.752843 0.934438 
0.901580 0.539547 0.504548 
0.248372 0.000965 0.988567 
0.690117 0.644898 0.330618 
0.601500 0.219283 0.069408 
0.508382 0.527201 0.630888 
0.065832 0.265858 0.860810 
0.305755 0.816379 0.999375 
0.488971 0.238539 0.648939 
0.779576 0.894456 0.510558 
0.944095 0.766575 0.263400 
0.878532 0.668155 0.802948 
0.383080 0.916527 0.803913 
0.371647 0.606644 0.448811 
0.702264 0.208144 0.668093 
0.771672 0.716525 0.195294 
0.402560 0.782358 0.461152 
0.263370 0.088112 0.277531 
0.262746 0.577084 0.516070 
0.911684 0.356659 0.410526 
0.422242 0.300754 0.177101 
0.685642 0.179286 0.845256 
0.488590 0.562366 0.761783 
0.292503 0.934013 0.368427 
0.741314 0.636277 0.576571 
0.409407 0.407949 0.293096 
0.604702 0.810510 0.075454 
0.065854 0.073880 0.163566 
0.343385 0.336626 0.740650 
0.859454 0.248310 0.097309 
0.269980 0.670552 0.398063 
0.447081 0.356195 0.577349 
0.292337 0.844785 0.139716 
0.054120 0.137288 0.073729 
0.422547 0.878602 0.710006 
0.999117 0.288009 0.117956 
0.292214 0.892711 0.928465 
0.367667 0.958564 0.002345 
0.531234 0.301949 0.338971 
0.271884 0.161403 0.587281 
0.369193 0.431383 0.257833 
0.767256 0.878464 0.614028 
0.344605 0.170800 0.458813 
0.484321 0.224920 0.596100 
0.558050 0.647467 0.474702 
0.268056 0.646584 0.762711 
0.386011 0.938798 0.655422 
0.314477 0.306465 0.613986 
0.316822 0.837699 0.915935 
0.655793 0.109583 0.077338 
0.243074 0.478775 0.508722 
0.500907 0.246031 0.387185 
0.114935 0.590637 0.557986 
0.573748 0.074958 0.782906 
0.169849 0.633007 0.430373 
0.644551 0.901063 0.076957 
0.407261 0.287075 0.015755 
0.062683 0.601552 0.322221 
0.676669 0.918373 0.159920 
0.592604 0.574166 0.269503 
0.669942 0.817240 0.748278 
0.178664 0.318148 0.994309 
0.565849 0.433083 0.584946 
0.123835 0.006832 0.659904 
0.906741 0.176680 0.292911 
0.337114 0.821231 0.193974 
0.414072 0.228492 0.481049 
0.429827 0.291175 0.082601 
0.752048 0.967844 0.000974 
0.911967 0.560448 0.575141 
0.181470 0.230390 0.392381 
0.929748 0.409054 0.710529 
0.924057 0.974903 0.143612 
0.509003 0.098739 0.150444 
0.168907 0.005480 0.327124 
0.461818 0.342595 0.148355 
0.655792 0.756667 0.376847 
0.136841 0.186493 0.668022 
0.219442 0.938541 0.635866 
0.220416 0.850508 0.196314 
0.795557 0.031978 0.426704 
0.187938 0.961726 0.835758 
0.898466 0.885783 0.810662 
0.042079 0.394786 0.909400 
0.192523 0.563693 0.914881 
0.519647 0.025510 0.257476 
0.668001 0.681302 0.014142 
0.044848 0.818144 0.200636 
0.712870 0.037585 0.139177 
0.348735 0.258001 0.989685 
0.545049 0.053558 0.021663 
0.971753 0.241496 0.983389 
0.807511 0.139962 0.869172 
0.618173 0.182041 0.263959 
0.527573 0.374564 0.827651 
0.442454 0.894210 0.853162 
0.699929 0.562211 0.534464 
0.714071 0.607059 0.352608 
0.914707 0.319929 0.390193 
0.053883 0.668664 0.648194 
0.043568 0.213713 0.701752 
0.065231 0.185466 0.943248 
0.048620 0.992978 0.083210 
0.917793 0.611150 0.265251 
0.181751 0.138723 0.639814 
0.009403 0.581177 0.534025 
0.862564 0.281106 0.096236 
0.397029 0.995177 0.703295 
0.749636 0.909884 0.023224 
0.139829 0.963768 0.691888 
0.788024 0.007336 0.905602 
0.489776 0.072567 0.091068 
0.433024 0.121188 0.084046 
0.516234 0.038980 0.695196 
0.781485 0.220731 0.833919 
0.421300 0.230134 0.415096 
0.955324 0.092698 0.696202 
0.051560 0.489727 0.691379 
0.754855 0.239363 0.601264 
0.778080 0.379193 0.565031 
0.469968 0.167217 0.572367 
0.375570 0.656993 0.644934 
0.466638 0.090017 0.766122 
0.550684 0.606252 0.805102 
0.245880 0.387737 0.025834 
0.079799 0.809037 0.255968 
0.494895 0.764361 0.348666 
0.191097 0.815921 0.838393 
0.882477 0.570777 0.077756 
0.483740 0.348856 0.456949 
0.048772 0.818824 0.624165 
0.621139 0.194394 0.281158 
0.266074 0.661032 0.371175 
0.032196 0.211717 0.977427 
0.837298 0.457597 0.365164 
0.863132 0.537396 0.174201 
0.119099 0.032291 0.938562 
0.467765 0.223388 0.754484 
0.306158 0.105865 0.325261 
0.383914 0.589606 0.674117 
0.840862 0.638377 0.492941 
0.465027 0.259516 0.687336 
0.746186 0.525590 0.348368 
0.117361 0.557786 0.560085 
0.094788 0.395084 0.017681 
0.459953 0.258215 0.555077 
0.634154 0.377314 0.587369 
0.572716 0.845080 0.810757 
0.327200 0.151238 0.916622 
0.652461 0.535151 0.506228 
0.326578 0.376014 0.144605 
0.819519 0.841041 0.404122 
0.506855 0.587227 0.929712 
0.855223 0.704588 0.487497 
0.415308 0.799376 0.882581 
0.432989 0.259329 0.140796 
0.988067 0.893483 0.518111 
0.575435 0.466199 0.363190 
0.386192 0.793399 0.514428 
0.302815 0.445860 0.049579 
0.809042 0.772438 0.425593 
0.953648 0.591957 0.266634 
0.357770 0.098811 0.853861 
0.287481 0.954034 0.558449 
0.774979 0.369342 0.357825 
0.657560 0.802331 0.617155 
0.798356 0.790398 0.510638 
0.316467 0.365833 0.976837 
0.679657 0.752025 0.770236 
0.194085 0.054840 0.216097 
0.243664 0.863882 0.988534 
0.669257 0.817530 0.580491 
0.935892 0.175300 0.679302 
0.789753 0.462781 0.633337 
0.348202 0.237760 0.002679 
0.706028 0.895320 0.805010 
0.323182 0.693676 0.595408 
0.833820 0.010142 0.961241 
0.810657 0.689799 0.713266 
0.580893 0.883884 0.768106 
0.796990 0.127548 0.631988 
0.785524 0.796806 0.449518 
0.366015 0.732697 0.624818 
0.045317 0.522450 0.087599 
0.678654 0.870652 0.325359 
0.681333 0.576680 0.220679 
0.486343 0.899862 0.914355 
0.081751 0.733682 0.924498 
0.042992 0.544339 0.614297 
0.756258 0.125232 0.498181 
0.524364 0.922221 0.625730 
0.156352 0.707745 0.422535 
0.605870 0.073760 0.155233 
0.230688 0.119077 0.677683 
0.318287 0.797731 0.548336 
0.643647 0.479064 0.125016 
0.864326 0.965407 0.024878 
0.778681 0.047157 0.758560 
0.703178 0.090149 0.302898 
0.317475 0.846407 0.428130 
0.815657 0.370771 0.350351 
0.441386 0.527123 0.058097 
0.863921 0.132994 0.131857 
0.019154 0.363682 0.250934 
0.696837 0.681970 0.048665 
0.245173 0.325616 0.527729 
0.370189 0.189942 0.493135 
0.395066 0.968623 0.540293 
0.153626 0.671802 0.630442 
0.456524 0.989277 0.476849 
0.884654 0.804934 0.847620 
0.235005 0.246320 0.374744 
0.293102 0.110241 0.507738 
0.424959 0.129395 0.871420 
0.675893 0.826232 0.553389 
0.724558 0.071405 0.879006 
0.252287 0.441594 0.068948 
0.745422 0.836660 0.037571 
0.285715 0.990286 0.709373 
0.916157 0.446810 0.698650 
0.393006 0.331465 0.503584 
0.240627 0.566470 0.749903 
0.615371 0.859572 0.860144 
0.123108 0.284531 0.989540 
0.994528 0.960424 0.815772 
0.547918 0.684982 0.887177 
0.426924 0.937269 0.328771 
0.495872 0.682692 0.165432 
0.533443 0.968407 0.155718 
0.242816 0.884564 0.602528 
0.941466 0.277570 0.933993 
0.445050 0.518197 0.500463 
0.194953 0.133568 0.360035 
0.055098 0.256676 0.644566 
0.044637 0.251204 0.604990 
0.860409 0.799122 0.289972 
0.747587 0.226045 0.227242 
0.076358 0.721917 0.909934 
0.241790 0.255360 0.878341 
0.397508 0.498177 0.762905 
0.000036 0.439643 0.040475 
0.934029 0.884693 0.558673 
0.434492 0.079646 0.692240 
0.794527 0.134744 0.948916 
0.439093 0.179381 0.200120 
0.044083 0.039791 0.999242 
0.334056 0.787378 0.225288 
0.561298 0.863736 0.947205 
0.471232 0.105526 0.202565 
0.349573 0.503033 0.700742 
0.112478 0.503070 0.140385 
0.152953 0.437099 0.025078 
0.711626 0.871591 0.104724 
0.403866 0.666119 0.239468 
0.352782 0.105212 0.418849 
0.552903 0.149296 0.458640 
0.552145 0.483352 0.246018 
0.777433 0.044649 0.109753 
0.724638 0.515881 0.215279 
0.927204 0.865454 0.718312 
0.627946 0.977932 0.221382 
0.768331 0.130885 0.658481 
0.793409 0.842511 0.530073 
0.898133 0.246377 0.196192 
0.137601 0.599159 0.301404 
0.556450 0.152062 0.450700 
0.015091 0.704207 0.934051 
0.261108 0.481640 0.978701 
0.370862 0.206278 0.494582 
0.586141 0.133482 0.360036 
0.304453 0.761427 0.337967 
0.525835 0.529758 0.468852 
0.184317 0.323167 0.311363 
0.714390 0.221299 0.557740 
0.910581 0.358900 0.156899 
0.211985 0.915351 0.308961 
0.662685 0.930441 0.013169 
0.596736 0.191550 0.494809 
0.575436 0.562411 0.701087 
0.070018 0.148552 0.834569 
0.430054 0.453005 0.595996 
0.768021 0.978840 0.125754 
0.236874 0.163157 0.448921 
0.548237 0.877547 0.670220 
0.105977 0.788128 0.029121 
0.262877 0.000113 0.944471 
0.571838 0.662798 0.874913 
0.585007 0.259534 0.066462 
0.079815 0.834970 0.628873 
0.780902 0.904988 0.777425 
0.615471 0.335042 0.230430 
0.211468 0.103063 0.209270 
0.337222 0.339937 0.372427 
0.786143 0.888174 0.249974 
0.456364 0.994151 0.038102 
0.485484 0.257028 0.038215 
0.429956 0.828866 0.701013 
0.304868 0.413873 0.960546 
0.371331 0.493688 0.795516 
0.000204 0.274590 0.700505 
0.777629 0.890062 0.035547 
0.008059 0.101529 0.138610 
0.217329 0.438751 0.478547 
0.589756 0.224895 0.366722 
0.839730 0.681258 0.360873 
0.877832 0.166743 0.617901 
0.916046 0.596699 0.446767 
0.617059 0.901567 0.860640 
0.577605 0.272898 0.354328 
0.373122 0.273101 0.628918 
0.073626 0.050730 0.518979 
0.109173 0.058789 0.620509 
0.247783 0.276118 0.059260 
0.726331 0.865874 0.284155 
0.093053 0.705604 0.965413 
0.453926 0.583436 0.132156 
0.071827 0.499482 0.728854 
0.518594 0.116541 0.630421 
0.379234 0.694147 0.903319 
0.733561 0.067268 0.176420 
0.362479 0.140895 0.227151 
0.881459 0.250068 0.285940 
0.501967 0.497851 0.562058 
0.561228 0.224182 0.427932 
0.845382 0.317235 0.133536 
0.810795 0.771161 0.716972 
0.942951 0.842988 0.216454 
0.671806 0.361582 0.332995 
0.302227 0.740815 0.027142 
0.205546 0.474377 0.094410 
0.381966 0.836856 0.235305 
0.609117 0.718315 0.485373 
0.895056 0.220283 0.983224 
0.457114 0.781510 0.207407 
0.885046 0.626892 0.524642 
0.018582 0.437688 0.295802 
0.735554 0.380639 0.138790 
0.952008 0.052444 0.500372 
0.285003 0.354671 0.241187 
0.312145 0.560217 0.715564 
0.406555 0.942183 0.552420 
0.641860 0.551300 0.270735 
0.127233 0.446357 0.491018 
0.110457 0.903471 0.272528 
0.317864 0.788517 0.899420 
0.842506 0.807099 0.337108 
0.138308 0.542653 0.717747 
0.277098 0.494661 0.770191 
0.777470 0.779665 0.124862 
0.018658 0.091810 0.685079 
0.734222 0.498366 0.627263 
0.286642 0.140226 0.178563 
0.557378 0.267459 0.624919 
0.048396 0.377917 0.528390 
0.320924 0.695781 0.316907 
0.220344 0.538287 0.124006 
0.557452 0.676595 0.666659 
0.275199 0.953693 0.161321 
0.045390 0.731163 0.940986 
0.170252 0.749821 0.032796 
0.855331 0.484043 0.531161 
0.482594 0.770685 0.671387 
0.661157 0.328063 0.938846 
0.286076 0.376459 0.316763 
0.814467 0.697383 0.012544 
0.131374 0.917727 0.550830 
0.255380 0.475179 0.227425 
