1000 5
0.404881 0.235990 0.419571 0.368550 0.244641 
0.068895 0.164408 0.188658 0.650053 0.989343 
0.250764 0.036644 0.524456 0.636922 0.708435 
0.328191 0.989840 0.431825 0.447196 0.746153 
0.720808 0.019449 0.022773 0.162912 0.622089 
0.126444 0.410578 0.496042 0.847367 0.483244 
0.538427 0.252248 0.719234 0.957998 0.620798 
0.963875 0.026893 0.785205 0.152533 0.676946 
0.774549 0.403297 0.713590 0.299005 0.040218 
0.422025 0.627196 0.030058 0.853850 0.074391 
0.776211 0.574658 0.093840 0.798984 0.737570 
0.715929 0.925428 0.148149 0.211971 0.772795 
0.631393 0.750398 0.025043 0.350627 0.708396 
0.645840 0.314502 0.735288 0.431045 0.467035 
0.412235 0.205594 0.870331 0.125825 0.504599 
0.910550 0.547849 0.131794 0.940608 0.401699 
0.206186 0.716819 0.976357 0.300026 0.515803 
0.713927 0.015955 0.441231 0.862076 0.227926 
0.214026 0.493469 0.978324 0.239069 0.844095 
0.686720 0.884909 0.158597 0.422008 0.315955 
0.625631 0.834243 0.521549 0.495963 0.960067 
0.026148 0.406512 0.507916 0.157942 0.347120 
0.909615 0.364128 0.063938 0.885973 0.664154 
0.579741 0.599900 0.680109 0.020972 0.461976 
0.908036 0.234999 0.955445 0.886360 0.474068 
0.799540 0.573079 0.358977 0.958137 0.995087 
0.674932 0.583768 0.829330 0.196481 0.079731 
0.789397 0.222629 0.486243 0.297313 0.380571 
0.833363 0.206928 0.744699 0.897301 0.092901 
0.408853 0.477043 0.692801 0.088962 0.498015 
0.154777 0.996998 0.733014 0.110222 0.883358 
0.207082 0.909762 0.456437 0.566059 0.867899 
0.451524 0.240991 0.451667 0.280854 0.437472 
0.531398 0.070251 0.660101 0.017641 0.367564 
0.040672 0.851004 0.574492 0.785371 0.748306 
0.667393 0.194224 0.225348 0.360195 0.283187 
0.723363 0.514972 0.280185 0.456377 0.625194 
0.163543 0.663458 0.534956 0.619979 0.229517 
0.402855 0.071504 0.470508 0.854522 0.352358 
0.907980 0.385921 0.422609 0.568081 0.403562 
0.790173 0.608753 0.254566 0.364665 0.394125 
0.002872 0.032058 0.588349 0.228220 0.392253 
0.871536 0.951583 0.907225 0.151721 0.407960 
0.532419 0.315263 0.071418 0.067376 0.935243 
0.300936 0.470231 0.006746 0.771444 0.324753 
0.359104 0.679424 0.710674 0.781713 0.247505 
0.114236 0.571885 0.856259 0.368802 0.936550 
0.250383 0.371674 0.968609 0.838732 0.599894 
0.360862 0.710268 0.551477 0.268087 0.861989 
0.959437 0.800506 0.177252 0.030855 0.867882 
0.112494 0.331791 0.338113 0.119241 0.103235 
0.662867 0.478345 0.782659 0.373541 0.260057 
0.030165 0.487777 0.831943 0.886423 0.856579 
0.768493 0.136807 0.228253 0.737101 0.975539 
0.828146 0.097963 0.685808 0.379623 0.366050 
0.547796 0.339060 0.166557 0.725048 0.369915 
0.034439 0.837543 0.701706 0.372552 0.956783 
0.804941 0.035418 0.435128 0.587601 0.408959 
0.695185 0.617765 0.896736 0.527128 0.504189 
0.753315 0.295621 0.640996 0.981568 0.032722 
0.616535 0.809714 0.130685 0.302342 0.189337 
0.496735 0.850139 0.528398 0.663292 0.575187 
0.898313 0.697731 0.412729 0.600019 0.070282 
0.369513 0.404961 0.105701 0.804641 0.992561 
0.514660 0.499826 0.610326 0.411396 0.026954 
0.114515 0.164711 0.322574 0.755511 0.146278 
0.355297 0.372045 0.955992 0.485982 0.674388 
0.145330 0.982717 0.524527 0.673727 0.646009 
0.099713 0.572040 0.343739 0.512443 0.172060 
0.414022 0.881955 0.577020 0.519723 0.686596 
0.569582 0.034382 0.186422 0.179908 0.445778 
0.213375 0.294423 0.610489 0.535950 0.049934 
0.756767 0.891246 0.421979 0.712760 0.377228 
0.096367 0.858089 0.359945 0.620894 0.531817 
0.005954 0.720607 0.103857 0.349694 0.233050 
0.275917 0.763716 0.115005 0.852937 0.283438 
0.801601 0.422519 0.317821 0.988023 0.602427 
0.763599 0.201398 0.896850 0.374088 0.737348 
0.946784 0.130855 0.628594 0.368763 0.843615 
0.005823 0.465131 0.701704 0.365768 0.086024 
0.233521 0.371722 0.806632 0.337378 0.721416 
0.039682 0.613294 0.485131 0.154687 0.466231 
0.768569 0.956288 0.888750 0.086390 0.944311 
0.491177 0.849989 0.145709 0.388027 0.224077 
0.883057 0.334811 0.354932 0.511651 0.703575 
0.198546 0.517474 0.168706 0.900251 0.883242 
0.254730 0.133771 0.254964 0.061362 0.471149 
0.976380 0.101043 0.084444 0.461511 0.255730 
0.550675 0.230080 0.212018 0.439426 0.316470 
0.156328 0.930603 0.166459 0.302037 0.318630 
0.390535 0.185094 0.653441 0.745467 0.696745 
0.357016 0.944013 0.214219 0.525722 0.844264 
0.097460 0.780452 0.978035 0.352424 0.841813 
0.449185 0.328804 0.942857 0.533629 0.790315 
0.198586 0.084304 0.020395 0.410604 0.523730 
0.336865 0.566932 0.454332 0.503323 0.868969 
0.772962 0.893859 0.054063 0.426403 0.639326 
0.750808 0.783420 0.583339 0.965026 0.309141 
0.427603 0.062487 0.089593 0.405638 0.414911 
0.931406 0.854823 0.743715 0.874263 0.388452 
0.534029 0.072849 0.472756 0.554424 0.483454 
0.996486 0.891288 0.050386 0.450818 0.394612 
0.919355 0.223780 0.288470 0.973418 0.650184 
0.927796 0.724226 0.433603 0.511135 0.689252 
0.742744 0.938738 0.751739 0.832337 0.344377 
0.166650 0.763743 0.199200 0.910365 0.638006 
0.587652 0.444395 0.710855 0.060408 0.998818 
0.194309 0.056893 0.890107 0.244695 0.507711 
0.284719 0.164050 0.731491 0.573189 0.137468 
0.381675 0.500985 0.861694 0.815278 0.012121 
0.550946 0.558022 0.950859 0.302686 0.390359 
0.295235 0.469336 0.154103 0.494435 0.379701 
0.792109 0.082087 0.824096 0.502964 0.142494 
0.822914 0.697273 0.199388 0.713021 0.941968 
0.707099 0.997740 0.106018 0.438591 0.570929 
0.243486 0.820265 0.071914 0.105181 0.635543 
0.084035 0.656127 0.193566 0.034894 0.958813 
0.583925 0.330129 0.428149 0.738027 0.824564 
0.807850 0.530136 0.906651 0.631946 0.033100 
0.049145 0.454860 0.730373 0.248533 0.167881 
0.672341 0.955632 0.165621 0.778360 0.394223 
0.736550 0.021846 0.214488 0.808465 0.127027 
0.850032 0.892500 0.783154 0.043597 0.927393 
0.741967 0.627522 0.257523 0.170116 0.365549 
0.082087 0.977966 0.895685 0.988738 0.609912 
0.928785 0.037883 0.064772 0.659159 0.286416 
0.232653 0.331500 0.242048 0.398274 0.109860 
0.636271 0.134824 0.131706 0.850759 0.943288 
0.258733 0.700791 0.835788 0.041887 0.744388 
0.763181 0.783853 0.371910 0.020704 0.953969 
0.737459 0.102791 0.931935 0.633145 0.091528 
0.541846 0.561930 0.129411 0.606618 0.221089 
0.415827 0.839270 0.552589 0.657876 0.237544 
0.662449 0.294147 0.372367 0.794155 0.144906 
0.315655 0.052888 0.845697 0.151443 0.094774 
0.590085 0.914624 0.878628 0.961995 0.935328 
0.832597 0.699454 0.038118 0.764531 0.332599 
0.129647 0.306377 0.894529 0.259058 0.912995 
0.115618 0.674885 0.752265 0.668207 0.332761 
0.989809 0.330656 0.626907 0.362176 0.124811 
0.771813 0.677832 0.177699 0.617510 0.829275 
0.272473 0.207595 0.743899 0.151101 0.169589 
0.679227 0.983698 0.869044 0.717345 0.748229 
0.201642 0.846992 0.054606 0.096171 0.106050 
0.967601 0.211789 0.780935 0.719867 0.879996 
0.113696 0.709676 0.210652 0.740603 0.071852 
0.335463 0.512416 0.749683 0.513162 0.129926 
0.578958 0.785635 0.337521 0.322857 0.936736 
0.507110 0.002084 0.920433 0.376154 0.719429 
0.668662 0.577796 0.566421 0.723269 0.673967 
0.672471 0.690870 0.885756 0.453406 0.410736 
0.765752 0.567101 0.120412 0.976404 0.307704 
0.192264 0.311867 0.820120 0.941947 0.825029 
0.950046 0.520905 0.610664 0.287567 0.843762 
0.547400 0.794677 0.845846 0.467833 0.170831 
0.565275 0.136495 0.748627 0.131696 0.859764 
0.422594 0.804167 0.550634 0.308351 0.257572 
0.961370 0.074103 0.824674 0.081782 0.050507 
0.132378 0.274046 0.362374 0.952498 0.215993 
0.187403 0.902544 0.736898 0.798066 0.190111 
0.580661 0.345466 0.984789 0.426507 0.813299 
0.155620 0.991782 0.949794 0.904247 0.123479 
0.809558 0.326842 0.927646 0.360192 0.635192 
0.185218 0.321562 0.709295 0.009891 0.403344 
0.759802 0.142269 0.677389 0.122176 0.094767 
0.893383 0.309579 0.997311 0.630281 0.107646 
0.187423 0.210942 0.453112 0.172211 0.637449 
0.266411 0.327831 0.629231 0.216205 0.232079 
0.752710 0.025763 0.558920 0.680356 0.385954 
0.194113 0.865574 0.707516 0.903408 0.875465 
0.110860 0.663210 0.017734 0.788249 0.785387 
0.112501 0.681632 0.094966 0.109812 0.311913 
0.202611 0.297235 0.522855 0.655723 0.469446 
0.160304 0.922134 0.797277 0.789535 0.138338 
0.029356 0.542245 0.164101 0.588276 0.222601 
0.550056 0.782389 0.088174 0.257572 0.685797 
0.963639 0.368432 0.349007 0.981374 0.156681 
0.134394 0.093875 0.838313 0.229359 0.203687 
0.150226 0.431971 0.500921 0.673080 0.087693 
0.970367 0.833384 0.009827 0.767645 0.622919 
0.148165 0.797001 0.165164 0.312266 0.385277 
0.387765 0.862322 0.167666 0.475940 0.119894 
0.853463 0.439579 0.488325 0.202470 0.420953 
0.645006 0.336864 0.514827 0.483319 0.566223 
0.718514 0.633545 0.998193 0.219435 0.306625 
0.085887 0.189803 0.140009 0.095714 0.957448 
0.762928 0.243879 0.754449 0.928093 0.556145 
0.139726 0.315858 0.418467 0.307392 0.791798 
0.538361 0.160855 0.231377 0.026687 0.363325 
0.652330 0.671693 0.700189 0.167157 0.155012 
0.266412 0.885671 0.788557 0.264605 0.105106 
0.095182 0.350492 0.294909 0.235192 0.446206 
0.252357 0.998120 0.690085 0.006805 0.926213 
0.246230 0.146531 0.242071 0.664698 0.453924 
0.033869 0.203059 0.614779 0.265247 0.229746 
0.978104 0.917577 0.901439 0.678293 0.084734 
0.056451 0.944705 0.970405 0.845009 0.209310 
0.075511 0.940191 0.559802 0.370420 0.175383 
0.006008 0.622777 0.173503 0.696093 0.629583 
0.099716 0.942324 0.776114 0.341787 0.607022 
0.230038 0.375656 0.810081 0.844816 0.640903 
0.039827 0.822920 0.558480 0.941266 0.501213 
0.643213 0.997718 0.445918 0.613618 0.842726 
0.655228 0.689130 0.782917 0.215031 0.059550 
0.958300 0.221039 0.682327 0.131802 0.917133 
0.311910 0.231518 0.859457 0.088024 0.573305 
0.466478 0.318062 0.948961 0.276560 0.162878 
0.589864 0.316387 0.985798 0.148344 0.257653 
0.487011 0.791557 0.255371 0.932929 0.405175 
0.098097 0.588157 0.094305 0.881014 0.803188 
0.153855 0.839314 0.024227 0.836182 0.971117 
0.941360 0.148092 0.202635 0.800816 0.236116 
0.775940 0.267295 0.554178 0.724901 0.543854 
0.717056 0.314765 0.860241 0.702854 0.463109 
0.117894 0.189865 0.254666 0.373265 0.122794 
0.659841 0.471362 0.710952 0.754146 0.352376 
0.514140 0.908001 0.191690 0.538367 0.744184 
0.162807 0.479727 0.892276 0.365441 0.280543 
0.128392 0.141381 0.547838 0.682570 0.866282 
0.091692 0.399626 0.181047 0.951933 0.102480 
0.644156 0.069827 0.292345 0.898822 0.443092 
0.415139 0.558663 0.914454 0.126091 0.312809 
0.266830 0.640230 0.220811 0.458520 0.178597 
0.964995 0.621327 0.658324 0.857271 0.986769 
0.938867 0.985663 0.128150 0.486704 0.668233 
0.994431 0.578396 0.067859 0.175478 0.530330 
0.170339 0.819634 0.600157 0.462684 0.718455 
0.043249 0.877823 0.277118 0.957703 0.003914 
0.589927 0.224533 0.644144 0.810738 0.683054 
0.822742 0.775733 0.304381 0.481065 0.633003 
0.291149 0.419932 0.618666 0.419299 0.906636 
0.286899 0.413730 0.485033 0.354759 0.589209 
0.015363 0.525098 0.408842 0.615520 0.987782 
0.127298 0.658769 0.865605 0.404416 0.616472 
0.869519 0.994343 0.841006 0.513663 0.805082 
0.524059 0.336404 0.580814 0.828440 0.817470 
0.213817 0.119590 0.237402 0.832484 0.538888 
0.144038 0.119383 0.952619 0.629071 0.474142 
0.541827 0.644433 0.999239 0.950670 0.259953 
0.987021 0.077967 0.918722 0.852625 0.482383 
0.535194 0.722144 0.476727 0.376200 0.235807 
0.281808 0.900259 0.572211 0.862622 0.728700 
0.389681 0.076440 0.848289 0.627083 0.908924 
0.387178 0.771121 0.028307 0.339796 0.400192 
0.502448 0.881624 0.044625 0.501687 0.832293 
0.304579 0.488708 0.910261 0.223301 0.341333 
0.392644 0.758495 0.063477 0.869371 0.134695 
0.299284 0.151179 0.034955 0.871496 0.013801 
0.763654 0.261177 0.090241 0.611944 0.888260 
0.999165 0.999121 0.659381 0.027471 0.338917 
0.059573 0.529919 0.220541 0.104198 0.031607 
0.052834 0.408777 0.520314 0.963095 0.632078 
0.861648 0.355739 0.390573 0.925125 0.225109 
0.525268 0.224409 0.376288 0.560223 0.095905 
0.390090 0.323878 0.357082 0.480331 0.935821 
0.245341 0.479496 0.934942 0.904722 0.506967 
0.273860 0.964295 0.036887 0.494401 0.068494 
0.068494 0.547235 0.477271 0.588808 0.510329 
0.109349 0.450456 0.866068 0.499922 0.375581 
0.091177 0.025190 0.599990 0.467465 0.585414 
0.695895 0.857555 0.909291 0.052976 0.337886 
0.845112 0.298318 0.817382 0.780054 0.203040 
0.324350 0.053914 0.167336 0.361237 0.548315 
0.235829 0.429730 0.095549 0.713100 0.018538 
0.605879 0.822449 0.468994 0.471947 0.322371 
0.844574 0.563124 0.347562 0.444564 0.030589 
0.932975 0.140459 0.888144 0.842267 0.193435 
0.226030 0.687379 0.491753 0.043412 0.467433 
0.694793 0.367762 0.521347 0.862129 0.728998 
0.069662 0.097958 0.158729 0.165212 0.811058 
0.177267 0.771090 0.633508 0.646260 0.243037 
0.955879 0.490835 0.806161 0.303441 0.935399 
0.836750 0.236416 0.075858 0.724894 0.078683 
0.269293 0.950924 0.766061 0.761046 0.994337 
0.233495 0.455839 0.362099 0.754842 0.317968 
0.091097 0.824504 0.415926 0.249826 0.989716 
0.226984 0.427092 0.760806 0.860492 0.073353 
0.003843 0.816371 0.564188 0.810004 0.119812 
0.499587 0.646754 0.356228 0.575445 0.371648 
0.434911 0.844738 0.322573 0.200972 0.605783 
0.316910 0.434467 0.061622 0.679009 0.189309 
0.379590 0.770106 0.013813 0.795515 0.019932 
0.003529 0.022499 0.447024 0.764336 0.882991 
0.520377 0.768179 0.699362 0.084565 0.578183 
0.819174 0.584151 0.224937 0.175402 0.159596 
0.596586 0.610312 0.004333 0.919159 0.811284 
0.610117 0.236068 0.245751 0.671739 0.915077 
0.435060 0.051329 0.685183 0.448874 0.846844 
0.705115 0.452403 0.869344 0.152139 0.216738 
0.752335 0.672516 0.984917 0.451697 0.757081 
0.563100 0.270871 0.341232 0.788038 0.446273 
0.500828 0.384623 0.056585 0.505161 0.303782 
0.867869 0.115278 0.539850 0.113621 0.787017 
0.454927 0.548681 0.838346 0.140110 0.997554 
0.685191 0.845225 0.449957 0.554534 0.997364 
0.666696 0.306869 0.669880 0.651613 0.758566 
0.426960 0.214713 0.029437 0.768192 0.002751 
0.475710 0.269020 0.387374 0.532294 0.774182 
0.691156 0.400164 0.889460 0.231007 0.513784 
0.676477 0.685934 0.062465 0.514823 0.826044 
0.060019 0.200014 0.671269 0.509977 0.754548 
0.668633 0.176672 0.061417 0.338513 0.828285 
0.819984 0.765473 0.042999 0.849421 0.533665 
0.045749 0.325130 0.802686 0.433123 0.857425 
0.576867 0.124280 0.257588 0.466327 0.355286 
0.771372 0.142804 0.041220 0.833837 0.657628 
0.867264 0.893857 0.857642 0.538534 0.403834 
0.612190 0.207167 0.580506 0.673608 0.545679 
0.408791 0.493591 0.311152 0.451790 0.343012 
0.844818 0.497539 0.668142 0.647503 0.930663 
0.525566 0.224371 0.054942 0.783155 0.690698 
0.410228 0.554527 0.833502 0.451448 0.388365 
0.491130 0.318713 0.282221 0.348772 0.857247 
0.686055 0.960962 0.064413 0.266561 0.634569 
0.610092 0.675353 0.128161 0.921245 0.127143 
0.471172 0.766063 0.624682 0.139314 0.413566 
0.555344 0.664880 0.637937 0.610287 0.448035 
0.328634 0.020515 0.002562 0.162137 0.471963 
0.390926 0.653267 0.790676 0.673148 0.002038 
0.647923 0.359203 0.963000 0.712336 0.625764 
0.597570 0.322428 0.301117 0.725730 0.243673 
0.428259 0.196902 0.009736 0.052941 0.336216 
0.423302 0.608285 0.001097 0.061238 0.218572 
0.449131 0.389873 0.239087 0.451693 0.552009 
0.711050 0.842619 0.205276 0.501727 0.515767 
0.207315 0.149649 0.874970 0.170315 0.861985 
0.500734 0.767885 0.184414 0.801851 0.493615 
0.428087 0.230110 0.690517 0.437823 0.283051 
0.026734 0.861124 0.891336 0.027830 0.922363 
0.109908 0.476961 0.312235 0.348995 0.928655 
0.864245 0.060046 0.771274 0.069521 0.561772 
0.287041 0.276836 0.711421 0.162011 0.447151 
0.573407 0.662746 0.215035 0.757820 0.464596 
0.708650 0.185907 0.694706 0.399167 0.623730 
0.977757 0.425901 0.484854 0.869094 0.453731 
0.407217 0.979002 0.930693 0.719453 0.327997 
0.859347 0.583697 0.388043 0.630621 0.653219 
0.949815 0.917663 0.930054 0.661236 0.079674 
0.377205 0.234643 0.742420 0.592240 0.992463 
0.207016 0.300890 0.178371 0.901722 0.700058 
0.802101 0.879480 0.125959 0.286955 0.748573 
0.579690 0.694172 0.727575 0.510382 0.413625 
0.055572 0.369730 0.997322 0.443615 0.000351 
0.650541 0.393430 0.918014 0.580595 0.054666 
0.997688 0.957800 0.289309 0.740108 0.550040 
0.281772 0.947124 0.850930 0.460143 0.848846 
0.550987 0.262244 0.728326 0.676946 0.549199 
0.476899 0.256636 0.243371 0.204474 0.767018 
0.656996 0.260047 0.136748 0.654318 0.703662 
0.137099 0.304858 0.097092 0.055113 0.885453 
0.151758 0.052801 0.843253 0.441067 0.792908 
0.393293 0.722839 0.740032 0.244222 0.182982 
0.588878 0.795210 0.445226 0.317204 0.472156 
0.994425 0.794102 0.728791 0.237796 0.998577 
0.495810 0.894791 0.258623 0.632558 0.549109 
0.962285 0.769657 0.853967 0.059377 0.824770 
0.739420 0.211134 0.877571 0.582673 0.652201 
0.670479 0.975966 0.375040 0.410511 0.220189 
0.558022 0.999389 0.015398 0.003247 0.316593 
0.487554 0.997672 0.110695 0.216346 0.235467 
0.109272 0.712155 0.130259 0.367895 0.344713 
0.679367 0.330180 0.114370 0.533334 0.389557 
0.939139 0.272755 0.600691 0.816710 0.855428 
0.252892 0.487189 0.831394 0.627931 0.897700 
0.051583 0.185953 0.897089 0.066981 0.189200 
0.213682 0.554535 0.186872 0.324377 0.770881 
0.422339 0.433649 0.483036 0.552598 0.801544 
0.827749 0.231965 0.131724 0.942118 0.765299 
0.521281 0.881258 0.038054 0.121972 0.697968 
0.893482 0.374864 0.185157 0.724877 0.002795 
0.082857 0.776459 0.188748 0.979946 0.843441 
0.377947 0.193628 0.397976 0.564819 0.518005 
0.168857 0.987158 0.951654 0.651893 0.539756 
0.753197 0.479642 0.771721 0.884922 0.421760 
0.537020 0.406203 0.303018 0.575075 0.528174 
0.000985 0.468557 0.903038 0.186142 0.193434 
0.905833 0.268999 0.969893 0.094580 0.248944 
0.813334 0.472528 0.442572 0.211309 0.037347 
0.960577 0.380166 0.024505 0.912230 0.032059 
0.564261 0.665428 0.511700 0.335983 0.550349 
0.933460 0.873003 0.956552 0.236478 0.448078 
0.484726 0.237463 0.916635 0.387764 0.423605 
0.110069 0.293597 0.692603 0.079962 0.388177 
0.941548 0.893295 0.860705 0.384120 0.104605 
0.898052 0.344697 0.484771 0.922557 0.256927 
0.516829 0.486818 0.922354 0.028529 0.822801 
0.472704 0.961990 0.695804 0.429256 0.198467 
0.143882 0.913982 0.435930 0.060517 0.301746 
0.859535 0.170585 0.595343 0.552139 0.250547 
0.983520 0.493687 0.143842 0.844225 0.877806 
0.248446 0.742277 0.222503 0.733217 0.664834 
0.479430 0.250046 0.151652 0.401784 0.278576 
0.974453 0.874488 0.240565 0.670257 0.303743 
0.439032 0.814139 0.217725 0.874963 0.874655 
0.519472 0.734498 0.045240 0.114815 0.286637 
0.295787 0.098335 0.780323 0.439629 0.942560 
0.658130 0.688075 0.684836 0.880633 0.421292 
0.349670 0.360062 0.671339 0.501322 0.761846 
0.949914 0.475775 0.636334 0.190480 0.146032 
0.940077 0.629512 0.960171 0.157803 0.504475 
0.834826 0.677274 0.238973 0.880066 0.792089 
0.525610 0.175854 0.890424 0.305933 0.615483 
0.832983 0.964063 0.303558 0.517820 0.844696 
0.724850 0.867489 0.204758 0.396189 0.368811 
0.966604 0.346104 0.844586 0.602938 0.536583 
0.990618 0.543015 0.166095 0.950789 0.700818 
0.670570 0.785615 0.378092 0.909543 0.665681 
0.170181 0.435153 0.841535 0.060604 0.741087 
0.457017 0.893588 0.705150 0.760575 0.411407 
0.549846 0.485425 0.278897 0.754604 0.881615 
0.647708 0.721208 0.227718 0.492294 0.324146 
0.764302 0.482912 0.867161 0.930397 0.433701 
0.567978 0.600967 0.219315 0.946070 0.510510 
0.884996 0.116251 0.945664 0.726531 0.176855 
0.686751 0.183548 0.070443 0.391901 0.944123 
0.481850 0.941747 0.429549 0.760747 0.696351 
0.311163 0.408455 0.417559 0.538882 0.900749 
0.741704 0.303183 0.383662 0.608865 0.233580 
0.817362 0.176843 0.834547 0.036678 0.122913 
0.345058 0.921674 0.239164 0.290721 0.648205 
0.416019 0.977472 0.831753 0.486462 0.369373 
0.775877 0.968312 0.311120 0.205425 0.729059 
0.007471 0.516589 0.137514 0.425030 0.055470 
0.038264 0.166735 0.358653 0.421925 0.775600 
0.592233 0.239287 0.952443 0.426780 0.275965 
0.075357 0.771838 0.197639 0.314521 0.062559 
0.845844 0.730540 0.040032 0.677598 0.217002 
0.409405 0.453474 0.185314 0.720526 0.658900 
0.914373 0.727997 0.175488 0.051887 0.153027 
0.230958 0.090150 0.319762 0.589612 0.512075 
0.095362 0.181845 0.751363 0.047805 0.608626 
0.027328 0.123162 0.380463 0.224967 0.437682 
0.443023 0.070812 0.168222 0.483054 0.748409 
0.385224 0.892459 0.201884 0.570538 0.612985 
0.860783 0.484911 0.340982 0.036272 0.536798 
0.494009 0.267230 0.626948 0.813771 0.856842 
0.139024 0.909133 0.038687 0.890387 0.956937 
0.647313 0.917714 0.080099 0.027776 0.142682 
0.517781 0.470799 0.213493 0.686004 0.953853 
0.961902 0.071228 0.846313 0.163786 0.641766 
0.459298 0.024569 0.126677 0.800280 0.060841 
0.663475 0.294289 0.328071 0.290423 0.108060 
0.184913 0.429447 0.017192 0.223600 0.319833 
0.974129 0.870913 0.237548 0.054228 0.898689 
0.380229 0.572010 0.369488 0.593722 0.258014 
0.323341 0.555625 0.329242 0.169653 0.719411 
0.971008 0.628951 0.743980 0.097685 0.429230 
0.804821 0.761160 0.723519 0.132892 0.051583 
0.831579 0.317805 0.481030 0.848771 0.541405 
0.800863 0.822900 0.412317 0.038411 0.877128 
0.311006 0.418640 0.449138 0.680494 0.012362 
0.707152 0.003834 0.567987 0.036394 0.173488 
0.287398 0.007402 0.802438 0.031377 0.105087 
0.231669 0.836198 0.866247 0.955188 0.969090 
0.917830 0.786766 0.286895 0.398860 0.635537 
0.828299 0.199723 0.458437 0.240617 0.238134 
0.335565 0.551623 0.656774 0.784703 0.232117 
0.669137 0.491855 0.235951 0.237124 0.528249 
0.409439 0.524521 0.535650 0.211877 0.555899 
0.640737 0.443546 0.392097 0.506984 0.398734 
0.361187 0.424814 0.185500 0.648082 0.823674 
0.821036 0.476381 0.023397 0.279473 0.716998 
0.261531 0.615038 0.268621 0.918305 0.399742 
0.500738 0.587442 0.891597 0.736690 0.824566 
0.419846 0.146129 0.349087 0.955496 0.358006 
0.904985 0.596233 0.801552 0.297082 0.103217 
0.200286 0.658269 0.528031 0.385785 0.306350 
0.351704 0.206821 0.782731 0.375101 0.486294 
0.499729 0.636632 0.101332 0.768350 0.554938 
0.501074 0.269088 0.142380 0.392671 0.005778 
0.966945 0.812517 0.151907 0.316032 0.768013 
0.509913 0.221017 0.364246 0.311465 0.518099 
0.467463 0.511751 0.176368 0.995493 0.897536 
0.482718 0.347198 0.104357 0.265449 0.722299 
0.590652 0.765178 0.358932 0.691984 0.533528 
0.913869 0.193058 0.802617 0.056249 0.585729 
0.808395 0.023194 0.398246 0.960302 0.339226 
0.166258 0.470215 0.560243 0.530504 0.781680 
0.078342 0.997966 0.293431 0.254709 0.993460 
0.190967 0.737427 0.340657 0.295324 0.002876 
0.062956 0.885976 0.768054 0.421888 0.577960 
0.301583 0.335757 0.771018 0.104199 0.392006 
0.356747 0.912594 0.415200 0.754993 0.872896 
0.754426 0.921251 0.343111 0.314669 0.451755 
0.124790 0.393011 0.449721 0.418221 0.647720 
0.443181 0.609188 0.385147 0.783838 0.904512 
0.388023 0.846795 0.790487 0.156077 0.268683 
0.368447 0.457660 0.604440 0.139466 0.561859 
0.996446 0.496213 0.474453 0.411646 0.251206 
0.347349 0.166072 0.172457 0.690460 0.480741 
0.624212 0.815251 0.873752 0.073933 0.233472 
0.521471 0.517114 0.842659 0.906618 0.300952 
0.747171 0.294641 0.147746 0.537658 0.450718 
0.416429 0.906106 0.908378 0.020869 0.045572 
0.470237 0.017314 0.541785 0.944691 0.428961 
0.792991 0.292040 0.595033 0.965448 0.982500 
0.075774 0.589660 0.797751 0.949525 0.663593 
0.031222 0.470996 0.180707 0.873882 0.377615 
0.481659 0.621053 0.672256 0.629405 0.158711 
0.122974 0.045834 0.064817 0.031352 0.066703 
0.110389 0.501589 0.084017 0.652173 0.446279 
0.512978 0.445164 0.738320 0.108010 0.410612 
0.720820 0.183784 0.000272 0.518571 0.133309 
0.663865 0.549793 0.604305 0.844572 0.423675 
0.981920 0.326231 0.044727 0.654176 0.955636 
0.203438 0.777150 0.001470 0.268255 0.808502 
0.068172 0.378644 0.310090 0.152190 0.030818 
0.756370 0.665167 0.475982 0.494689 0.773177 
0.886594 0.215509 0.956961 0.886866 0.734080 
0.090270 0.550731 0.283873 0.694575 0.395303 
0.707547 0.676495 0.721534 0.752275 0.330671 
0.677169 0.955713 0.107821 0.678639 0.223969 
0.916322 0.746812 0.602613 0.226413 0.899001 
0.633430 0.982783 0.564169 0.109412 0.477472 
0.337346 0.996006 0.692981 0.294307 0.882872 
0.427061 0.384577 0.433603 0.710934 0.079153 
0.828906 0.418481 0.755648 0.550440 0.170756 
0.086319 0.227609 0.126469 0.194140 0.906248 
0.350438 0.110462 0.653060 0.953051 0.336874 
0.552061 0.586481 0.319657 0.116230 0.695893 
0.797129 0.453576 0.691900 0.490110 0.747883 
0.574772 0.917171 0.132461 0.008375 0.628105 
0.211613 0.837281 0.046586 0.967261 0.387720 
0.217342 0.053580 0.615330 0.343811 0.247720 
0.521578 0.694249 0.358182 0.174638 0.647299 
0.695056 0.726700 0.233780 0.014713 0.842930 
0.929674 0.811842 0.296506 0.621573 0.301953 
0.044389 0.196345 0.219124 0.176849 0.204720 
0.847229 0.388463 0.042001 0.893815 0.355724 
0.429721 0.111157 0.409304 0.045051 0.454967 
0.657024 0.566629 0.149216 0.015206 0.741267 
0.796515 0.710263 0.467967 0.030296 0.724976 
0.310896 0.959969 0.536818 0.607402 0.581543 
0.838771 0.651791 0.777888 0.057895 0.828640 
0.982608 0.905124 0.217103 0.024608 0.798939 
0.572827 0.454330 0.910095 0.982131 0.499380 
0.365063 0.639156 0.066009 0.514279 0.654362 
0.807276 0.310794 0.364625 0.275242 0.341090 
0.089601 0.586139 0.301059 0.626419 0.193540 
0.882602 0.465190 0.845331 0.660490 0.523085 
0.673971 0.643098 0.428209 0.891074 0.667706 
0.227147 0.463901 0.122036 0.137243 0.446032 
0.621416 0.502305 0.085188 0.687425 0.016584 
0.739550 0.494701 0.327378 0.104174 0.769943 
0.668467 0.193775 0.356082 0.969527 0.820194 
0.549622 0.852129 0.285384 0.394953 0.512619 
0.808470 0.068925 0.155716 0.236678 0.959999 
0.823422 0.463826 0.423899 0.945458 0.601068 
0.869931 0.566874 0.103374 0.955119 0.254299 
0.119957 0.694668 0.749000 0.447335 0.798843 
0.518943 0.115802 0.992618 0.875025 0.085329 
0.812812 0.424648 0.937458 0.098197 0.819601 
0.450076 0.906666 0.888526 0.605792 0.143345 
0.848524 0.429215 0.607171 0.272424 0.374673 
0.208239 0.142355 0.941547 0.311613 0.097474 
0.195846 0.431570 0.792143 0.944847 0.878905 
0.590985 0.463790 0.994707 0.583603 0.338815 
0.080036 0.396415 0.763463 0.017494 0.494612 
0.583064 0.467570 0.401278 0.471590 0.073362 
0.544623 0.320114 0.502577 0.151793 0.592538 
0.877250 0.360032 0.734893 0.818797 0.671645 
0.832367 0.014644 0.103215 0.624510 0.959490 
0.982119 0.215495 0.423280 0.976827 0.799098 
0.762096 0.056863 0.195513 0.525559 0.074357 
0.690125 0.108623 0.541926 0.091403 0.580212 
0.615289 0.636026 0.900326 0.117866 0.787819 
0.492864 0.995116 0.147851 0.227757 0.813913 
0.819496 0.060124 0.828557 0.922710 0.684633 
0.788047 0.904830 0.900128 0.211327 0.881656 
0.699226 0.973423 0.938519 0.894740 0.498982 
0.012876 0.584865 0.607604 0.554802 0.676268 
0.187816 0.170091 0.312294 0.088142 0.287956 
0.100113 0.581006 0.283072 0.247964 0.808763 
0.096985 0.067460 0.868887 0.925541 0.990170 
0.553520 0.713588 0.895000 0.453648 0.924915 
0.776656 0.152875 0.898338 0.715175 0.047614 
0.397320 0.728051 0.632479 0.004924 0.282853 
0.308747 0.192740 0.452944 0.621041 0.280883 
0.740901 0.721154 0.861889 0.023973 0.969118 
0.670652 0.120958 0.036577 0.539538 0.046499 
0.026747 0.093058 0.760087 0.921747 0.546707 
0.685003 0.698403 0.699581 0.583341 0.413579 
0.747196 0.980661 0.141630 0.379675 0.985585 
0.424483 0.688422 0.178326 0.877428 0.309463 
0.459209 0.618328 0.030617 0.321098 0.642301 
0.999735 0.991749 0.763259 0.036312 0.531288 
0.809758 0.063059 0.624346 0.569846 0.984806 
0.171053 0.254849 0.683210 0.870634 0.838190 
0.096788 0.617830 0.818851 0.238418 0.997504 
0.804437 0.662901 0.685927 0.982763 0.540329 
0.995390 0.441971 0.158657 0.026007 0.763069 
0.800958 0.025742 0.754818 0.564217 0.062054 
0.286106 0.373976 0.125113 0.910452 0.943821 
0.109919 0.081505 0.198670 0.793129 0.952139 
0.036860 0.889917 0.569969 0.855711 0.128335 
0.567473 0.660148 0.791236 0.253400 0.642911 
0.331565 0.248790 0.084882 0.490222 0.274797 
0.847951 0.291180 0.300539 0.602770 0.855397 
0.362593 0.888876 0.229373 0.487706 0.799328 
0.173194 0.597625 0.880834 0.371864 0.390754 
0.832973 0.408725 0.280671 0.402942 0.264436 
0.409006 0.970415 0.924584 0.200241 0.223815 
0.567495 0.531806 0.472605 0.652377 0.022028 
0.747402 0.500328 0.313208 0.047941 0.103098 
0.168605 0.410533 0.991974 0.397978 0.898239 
0.791302 0.571173 0.495864 0.672136 0.943037 
0.886618 0.505109 0.351762 0.167288 0.908050 
0.616198 0.576294 0.878465 0.540782 0.776535 
0.102279 0.108277 0.308342 0.574884 0.760654 
0.330369 0.322286 0.260982 0.643577 0.370226 
0.364080 0.812183 0.780760 0.356054 0.210161 
0.678999 0.147356 0.781334 0.174863 0.819492 
0.724371 0.061481 0.324601 0.076133 0.228769 
0.232651 0.692330 0.805063 0.111115 0.233112 
0.581598 0.213395 0.341389 0.889940 0.788279 
0.102043 0.220309 0.110565 0.363026 0.863887 
0.480791 0.727106 0.676069 0.261551 0.083160 
0.886230 0.940550 0.230517 0.667564 0.115413 
0.050009 0.391935 0.176893 0.374609 0.468067 
0.405663 0.607260 0.160398 0.210726 0.718375 
0.393510 0.792324 0.931770 0.734900 0.682264 
0.720049 0.836943 0.902574 0.830614 0.199969 
0.766460 0.311406 0.927075 0.442530 0.572957 
0.010236 0.328760 0.513507 0.240752 0.996324 
0.628920 0.290761 0.388258 0.805813 0.665370 
0.856326 0.211476 0.272630 0.016724 0.422201 
0.991006 0.410234 0.214525 0.922776 0.145134 
0.896789 0.642826 0.982077 0.799363 0.473440 
0.182046 0.565823 0.784846 0.109122 0.008353 
0.357803 0.119357 0.337112 0.871310 0.360110 
0.333436 0.500230 0.650871 0.721695 0.306043 
0.316241 0.578021 0.517518 0.588871 0.594744 
0.939720 0.579877 0.004979 0.154245 0.502653 
0.150113 0.051034 0.145479 0.132190 0.850397 
0.618919 0.314236 0.416220 0.403765 0.423358 
0.424573 0.761567 0.542715 0.761686 0.632877 
0.902824 0.095122 0.133107 0.553695 0.816816 
0.439149 0.869936 0.394837 0.956668 0.458807 
0.989581 0.896388 0.038684 0.994560 0.050633 
0.541337 0.144673 0.101667 0.686816 0.276863 
0.952065 0.305734 0.591099 0.368285 0.709499 
0.014456 0.792858 0.471066 0.557171 0.554544 
0.103944 0.459996 0.649665 0.237050 0.013690 
0.466482 0.676200 0.883626 0.861319 0.632868 
0.342433 0.850900 0.529255 0.381117 0.845460 
0.579888 0.922454 0.990133 0.681555 0.609270 
0.266996 0.633620 0.915004 0.858094 0.001905 
0.624503 0.872551 0.794763 0.095570 0.429722 
0.349307 0.199514 0.889718 0.998972 0.436564 
0.903408 0.465453 0.112764 0.787034 0.326772 
0.745631 0.129467 0.177672 0.274887 0.510585 
0.023132 0.854775 0.433039 0.013265 0.536330 
0.042309 0.280260 0.169950 0.957313 0.138355 
0.171855 0.581816 0.010906 0.966618 0.677386 
0.440628 0.315925 0.876900 0.330345 0.314896 
0.313464 0.233753 0.780350 0.426228 0.020788 
0.107122 0.171859 0.150255 0.284794 0.446746 
0.660840 0.307925 0.301521 0.093878 0.321190 
0.837851 0.136187 0.601451 0.007801 0.093500 
0.739806 0.179657 0.675316 0.750711 0.146275 
0.352703 0.191339 0.462200 0.229603 0.521685 
0.777096 0.543067 0.755438 0.557446 0.969294 
0.776226 0.664567 0.141153 0.926481 0.949361 
0.587899 0.587321 0.257286 0.889420 0.681199 
0.578477 0.727271 0.817386 0.179927 0.735072 
0.910886 0.919733 0.914729 0.586203 0.670444 
0.061004 0.938906 0.861784 0.523203 0.168508 
0.383468 0.300299 0.711575 0.138907 0.857745 
0.680869 0.915133 0.522313 0.822023 0.841614 
0.471674 0.409922 0.428934 0.728960 0.299341 
0.110133 0.307437 0.026612 0.927520 0.487364 
0.761685 0.838406 0.407097 0.676414 0.424608 
0.077541 0.737418 0.363514 0.939325 0.260621 
0.532022 0.322793 0.560920 0.243597 0.461700 
0.418665 0.924467 0.376833 0.940978 0.746490 
0.218446 0.412652 0.156411 0.647380 0.141612 
0.455753 0.757514 0.449048 0.482365 0.685033 
0.936412 0.244049 0.523439 0.343509 0.920463 
0.948047 0.421050 0.657880 0.311561 0.360375 
0.918501 0.843583 0.683168 0.479422 0.087181 
0.144868 0.898087 0.011648 0.521701 0.839065 
0.758137 0.740147 0.251717 0.914548 0.387527 
0.393328 0.370301 0.145041 0.842376 0.852666 
0.830074 0.778788 0.096715 0.353513 0.122297 
0.017178 0.301560 0.543347 0.675059 0.613121 
0.903722 0.593560 0.456705 0.586890 0.072982 
0.543885 0.731758 0.971069 0.555533 0.253459 
0.810134 0.313670 0.993606 0.061850 0.228218 
0.381133 0.455179 0.598519 0.526174 0.297555 
0.451185 0.356248 0.076343 0.547901 0.709761 
0.198641 0.565079 0.011321 0.741988 0.240137 
0.624442 0.645710 0.833698 0.081147 0.232600 
0.906679 0.625032 0.964359 0.877748 0.180565 
0.217818 0.687882 0.494235 0.211423 0.749732 
0.722453 0.592556 0.204911 0.320972 0.118730 
0.502466 0.772157 0.474977 0.578809 0.320058 
0.184738 0.777450 0.885137 0.196059 0.519438 
0.125274 0.820501 0.165148 0.958972 0.901648 
0.397748 0.865651 0.526680 0.362107 0.743399 
0.707245 0.579925 0.431281 0.201479 0.791348 
0.181013 0.923932 0.383905 0.385924 0.244904 
0.502634 0.888390 0.017062 0.977612 0.467199 
0.337120 0.162350 0.244649 0.222257 0.358409 
0.764086 0.347531 0.178911 0.929234 0.306502 
0.080559 0.326982 0.172153 0.607239 0.689089 
0.915552 0.314484 0.269014 0.346833 0.515963 
0.060363 0.527847 0.439896 0.444267 0.913771 
0.684800 0.946901 0.802161 0.701862 0.924513 
0.269360 0.038982 0.086863 0.514008 0.261239 
0.445272 0.278094 0.608769 0.624183 0.207328 
0.915272 0.704742 0.534310 0.087425 0.311981 
0.223400 0.002977 0.626465 0.492414 0.349811 
0.142428 0.552776 0.877657 0.582323 0.997043 
0.791428 0.267124 0.943945 0.593589 0.968986 
0.868458 0.862949 0.007968 0.955321 0.376957 
0.269206 0.400593 0.655051 0.877975 0.024776 
0.862380 0.793247 0.729517 0.396690 0.880672 
0.041498 0.620090 0.883649 0.667963 0.112504 
0.233460 0.810391 0.665280 0.111117 0.392714 
0.662323 0.902545 0.659838 0.606268 0.496134 
0.628823 0.474726 0.359083 0.636791 0.430047 
0.736039 0.905997 0.830640 0.391091 0.783972 
0.855416 0.253470 0.577219 0.584933 0.650161 
0.457891 0.626431 0.270250 0.341540 0.294394 
0.382754 0.575000 0.104785 0.048034 0.686117 
0.497499 0.710357 0.588662 0.157336 0.316625 
0.084796 0.786159 0.791351 0.443878 0.422950 
0.221398 0.179918 0.328947 0.052038 0.571009 
0.112919 0.907454 0.824479 0.690138 0.492387 
0.474640 0.148029 0.118818 0.744890 0.489569 
0.413212 0.127644 0.064569 0.517997 0.175677 
0.750686 0.015496 0.886034 0.339347 0.172832 
0.202659 0.424143 0.958991 0.994009 0.868021 
0.381942 0.215407 0.047939 0.710889 0.267445 
0.618948 0.823808 0.174898 0.443427 0.513946 
0.667285 0.918066 0.661976 0.786103 0.662956 
0.151545 0.199316 0.790600 0.216114 0.717313 
0.966277 0.966800 0.732809 0.852311 0.306148 
0.905641 0.054970 0.730291 0.864632 0.048979 
0.598312 0.246573 0.264386 0.646251 0.957462 
0.531831 0.265199 0.781270 0.706729 0.708625 
0.295217 0.374014 0.626692 0.957192 0.160117 
0.289648 0.108738 0.359433 0.080247 0.324852 
0.076746 0.046524 0.291652 0.809555 0.898835 
0.597800 0.715195 0.953805 0.328090 0.579827 
0.002784 0.926402 0.826401 0.267170 0.572653 
0.783863 0.799000 0.837852 0.565133 0.505729 
0.546478 0.860349 0.879743 0.173169 0.817542 
0.039860 0.462817 0.926279 0.399293 0.543064 
0.251132 0.476039 0.589588 0.542784 0.285593 
0.488423 0.140584 0.000788 0.442228 0.468674 
0.580616 0.445012 0.395076 0.407016 0.712182 
0.967730 0.190879 0.511182 0.805582 0.756012 
0.016911 0.352060 0.616361 0.896654 0.525229 
0.433903 0.936514 0.988046 0.360182 0.335807 
0.531110 0.611314 0.811845 0.120698 0.154098 
0.097438 0.609122 0.294681 0.098227 0.051350 
0.763355 0.678843 0.496362 0.158431 0.085859 
0.208543 0.126161 0.276738 0.719725 0.931743 
0.032749 0.736636 0.283803 0.649111 0.633290 
0.809032 0.083013 0.569804 0.797077 0.443196 
0.905610 0.328187 0.054509 0.717456 0.448885 
0.208607 0.814894 0.058007 0.503288 0.913121 
0.109357 0.266643 0.591964 0.605718 0.425075 
0.677822 0.814261 0.551236 0.954560 0.533987 
0.482979 0.987310 0.270623 0.766781 0.636420 
0.903913 0.575813 0.719434 0.473717 0.372890 
0.162629 0.379327 0.701077 0.217139 0.096783 
0.149963 0.425746 0.911677 0.207970 0.929034 
0.824798 0.317327 0.195677 0.416762 0.923045 
0.620751 0.094584 0.737307 0.171987 0.049144 
0.271293 0.654966 0.036454 0.541916 0.421747 
0.672874 0.445829 0.997560 0.392308 0.919546 
0.370450 0.554937 0.298873 0.071527 0.772075 
0.395656 0.221490 0.197821 0.307333 0.429460 
0.126855 0.132131 0.746787 0.322532 0.548893 
0.669832 0.943283 0.643477 0.407139 0.115270 
0.692621 0.678432 0.770236 0.729075 0.220348 
0.191983 0.401949 0.666177 0.189543 0.794257 
0.585723 0.559993 0.349194 0.884596 0.631521 
0.121269 0.280252 0.853011 0.319090 0.587585 
0.282471 0.445945 0.719716 0.029258 0.768477 
0.268608 0.699091 0.711760 0.912085 0.106229 
0.827030 0.604706 0.784662 0.597266 0.333782 
0.005010 0.789249 0.735731 0.671187 0.978792 
0.529988 0.256909 0.538785 0.879182 0.141505 
0.170306 0.000451 0.421757 0.023317 0.319541 
0.009341 0.305788 0.765486 0.729057 0.335046 
0.533962 0.997665 0.034137 0.245722 0.909750 
0.140366 0.072752 0.514457 0.925028 0.670018 
0.848239 0.930038 0.459267 0.583970 0.601224 
0.438059 0.113958 0.858133 0.976844 0.993139 
0.999638 0.147150 0.993590 0.421395 0.170466 
0.313131 0.430736 0.476254 0.078616 0.159793 
0.811301 0.612579 0.157458 0.845438 0.858301 
0.067209 0.985804 0.931052 0.581665 0.910832 
0.601070 0.429904 0.840870 0.060337 0.013874 
0.442094 0.498395 0.127831 0.300227 0.475239 
0.120971 0.299865 0.622388 0.114561 0.721260 
0.792855 0.427691 0.151996 0.269109 0.506308 
0.311789 0.080410 0.118886 0.469247 0.925847 
0.977187 0.536456 0.911652 0.908239 0.118121 
0.822484 0.509309 0.548025 0.663353 0.569646 
0.561899 0.105447 0.068041 0.689730 0.405674 
0.543280 0.810701 0.705539 0.165668 0.925261 
0.426799 0.958523 0.352953 0.578795 0.227632 
0.859261 0.890585 0.308042 0.978147 0.359832 
0.233889 0.955334 0.896288 0.145541 0.863573 
0.014409 0.968024 0.372883 0.562435 0.631378 
0.942529 0.124334 0.736825 0.010570 0.814064 
0.142499 0.553850 0.624765 0.848038 0.719518 
0.550026 0.274837 0.678041 0.902979 0.853632 
0.905673 0.762239 0.744217 0.213715 0.740386 
0.104049 0.447604 0.695720 0.000337 0.593144 
0.559294 0.014746 0.561169 0.932177 0.577181 
0.192547 0.874706 0.701515 0.929371 0.885276 
0.515579 0.071870 0.439126 0.140343 0.919908 
0.158644 0.690370 0.194745 0.836685 0.593348 
0.048377 0.742358 0.355588 0.792594 0.956073 
0.095974 0.896643 0.403676 0.791695 0.896980 
0.996821 0.350989 0.911726 0.557990 0.283165 
0.488907 0.750536 0.157871 0.190421 0.679908 
0.043147 0.706000 0.751778 0.482272 0.846343 
0.671686 0.640916 0.536713 0.866431 0.477601 
0.130061 0.914808 0.219959 0.485649 0.707402 
0.176031 0.581623 0.604045 0.579708 0.373318 
0.501025 0.576528 0.724307 0.412751 0.134518 
0.007472 0.901658 0.885054 0.165343 0.092080 
0.564962 0.208489 0.798079 0.316740 0.690762 
0.644423 0.988425 0.331677 0.181136 0.854856 
0.809278 0.311197 0.769664 0.029237 0.796846 
0.477066 0.205268 0.378469 0.081112 0.784976 
0.751787 0.582137 0.361504 0.476094 0.994888 
0.496022 0.483566 0.896546 0.381076 0.648908 
0.988626 0.946038 0.857398 0.786705 0.262778 
0.548159 0.431128 0.251203 0.879837 0.612264 
0.106059 0.689115 0.923461 0.875724 0.718352 
0.720307 0.352790 0.923621 0.098776 0.433902 
0.708597 0.850563 0.016038 0.070101 0.326657 
0.010927 0.566123 0.810223 0.907473 0.947199 
0.459131 0.896099 0.893237 0.316529 0.682804 
0.156015 0.864688 0.113932 0.407218 0.744525 
0.726196 0.513278 0.433640 0.649657 0.389001 
0.151992 0.369963 0.741791 0.075613 0.468739 
0.175693 0.784210 0.319302 0.191731 0.854311 
0.645959 0.202658 0.420434 0.456182 0.110131 
0.367633 0.915313 0.006230 0.260870 0.231841 
0.689035 0.416886 0.096529 0.802967 0.824104 
0.841054 0.529163 0.337382 0.274694 0.178820 
0.726383 0.426687 0.548783 0.468174 0.502300 
0.017522 0.643867 0.286509 0.336824 0.835598 
0.140820 0.982783 0.038256 0.561253 0.438965 
0.148387 0.928886 0.354278 0.154617 0.189757 
0.586119 0.843652 0.606642 0.682648 0.646619 
0.430746 0.523703 0.175782 0.768128 0.798397 
0.354602 0.494511 0.225084 0.903385 0.962685 
0.727383 0.920907 0.606551 0.013892 0.257731 
0.442149 0.154712 0.240514 0.480405 0.715966 
0.679479 0.628792 0.644852 0.033756 0.783409 
0.834609 0.619875 0.627061 0.441251 0.302524 
0.273679 0.871998 0.826226 0.449461 0.640126 
0.624623 0.804063 0.134637 0.849707 0.707447 
0.097321 0.577090 0.628354 0.703873 0.590983 
0.886085 0.146022 0.745695 0.126599 0.626427 
0.461661 0.806078 0.255219 0.106513 0.839834 
0.038628 0.941122 0.459710 0.665689 0.382373 
0.762233 0.939368 0.254371 0.588460 0.388829 
0.894497 0.213083 0.192892 0.029133 0.062790 
0.900339 0.126455 0.639880 0.528693 0.830328 
0.230863 0.414778 0.976350 0.976558 0.541377 
0.602777 0.438219 0.347455 0.857997 0.544732 
0.187289 0.896625 0.485853 0.646999 0.562314 
0.868226 0.409232 0.501683 0.122597 0.997692 
0.890512 0.017094 0.210775 0.083404 0.046228 
0.273565 0.983743 0.172683 0.913446 0.512437 
0.003010 0.144309 0.927215 0.979361 0.120867 
0.468592 0.582138 0.559086 0.816047 0.440135 
0.103818 0.003337 0.336760 0.589671 0.650336 
0.899075 0.457898 0.059568 0.400757 0.580495 
0.057260 0.291269 0.597589 0.268036 0.374673 
0.643817 0.541601 0.358416 0.816500 0.455047 
0.870853 0.819510 0.599356 0.798068 0.798871 
0.720223 0.266660 0.381009 0.279310 0.082708 
0.821144 0.383128 0.086044 0.157904 0.972799 
0.736380 0.056979 0.430697 0.795948 0.457736 
0.011192 0.853209 0.749005 0.608781 0.121244 
0.123678 0.252598 0.662845 0.482094 0.069098 
0.117892 0.352946 0.888608 0.717248 0.151014 
0.687479 0.437471 0.417674 0.068488 0.716781 
0.500382 0.889632 0.099909 0.586426 0.047536 
0.072708 0.322806 0.104514 0.503404 0.118755 
0.562250 0.514596 0.971964 0.311254 0.123377 
0.093208 0.434932 0.375976 0.756054 0.917025 
0.445074 0.873946 0.269972 0.333682 0.591194 
0.420986 0.021161 0.028665 0.838660 0.089649 
0.745446 0.339042 0.979281 0.845355 0.925468 
0.026816 0.918063 0.248275 0.131330 0.421467 
0.367030 0.693580 0.936063 0.338993 0.004835 
0.059441 0.432201 0.439766 0.435417 0.188255 
0.356792 0.880491 0.062201 0.626764 0.214173 
0.653394 0.047750 0.235334 0.682059 0.886410 
0.324983 0.427506 0.225452 0.304264 0.272861 
0.150921 0.331081 0.190923 0.399195 0.462411 
0.612390 0.766225 0.155991 0.548454 0.105218 
0.160826 0.607895 0.537420 0.600592 0.043311 
0.725674 0.957384 0.923802 0.787875 0.584148 
0.137975 0.441269 0.631898 0.373309 0.123329 
0.518308 0.698293 0.550834 0.743760 0.002557 
0.823695 0.894681 0.333637 0.014618 0.293877 
0.796048 0.627009 0.060102 0.952039 0.175462 
0.165320 0.112865 0.783357 0.702739 0.713457 
0.826669 0.428414 0.670841 0.750471 0.216289 
0.254988 0.888445 0.657558 0.886886 0.261755 
0.780886 0.405194 0.960047 0.331721 0.148954 
0.962604 0.155416 0.043635 0.296241 0.170034 
0.337512 0.092289 0.797043 0.397614 0.044329 
0.972505 0.562934 0.157193 0.755862 0.265673 
0.870650 0.582531 0.694086 0.541491 0.333001 
0.910375 0.796479 0.221447 0.567933 0.683366 
0.483201 0.348819 0.088560 0.443248 0.680540 
0.237514 0.405852 0.835956 0.281149 0.702093 
0.005990 0.618661 0.794383 0.803032 0.016275 
0.838711 0.775537 0.579209 0.995905 0.531400 
0.844881 0.866555 0.113930 0.538968 0.408046 
0.446932 0.449343 0.204526 0.668378 0.017276 
0.887891 0.151579 0.366095 0.976451 0.594828 
0.046635 0.213965 0.000680 0.882591 0.495114 
0.702773 0.888581 0.113775 0.497156 0.691613 
0.130050 0.335867 0.467151 0.709259 0.331772 
0.998550 0.554140 0.198327 0.112481 0.093108 
0.606373 0.559412 0.542451 0.810899 0.227790 
0.559727 0.698790 0.379370 0.925822 0.675241 
0.974197 0.972458 0.889205 0.974877 0.855049 
0.384319 0.677650 0.743630 0.498094 0.174806 
0.435243 0.628145 0.510673 0.902394 0.337403 
0.842445 0.900944 0.891544 0.040773 0.013424 
0.984652 0.647146 0.572836 0.527103 0.458045 
0.800627 0.086830 0.156835 0.179996 0.012653 
0.832075 0.154194 0.985110 0.721281 0.129071 
0.840159 0.105600 0.806721 0.583789 0.603694 
0.981527 0.019032 0.231839 0.492201 0.921426 
0.569242 0.334646 0.822369 0.460786 0.375419 
0.835794 0.445438 0.022565 0.408630 0.972541 
0.480610 0.209256 0.059372 0.637445 0.389253 
0.072024 0.469520 0.543446 0.057135 0.190801 
0.672517 0.897294 0.296400 0.479238 0.481083 
0.900095 0.460766 0.500115 0.131933 0.952967 
0.421541 0.701175 0.287613 0.243910 0.161961 
0.663032 0.079703 0.607399 0.685597 0.488333 
0.579940 0.166207 0.697590 0.639312 0.803651 
0.086843 0.711336 0.273171 0.630289 0.768471 
0.463972 0.302806 0.665765 0.760372 0.782045 
0.146848 0.660467 0.242810 0.646964 0.792400 
0.195777 0.068504 0.493575 0.483390 0.312414 
0.655537 0.146422 0.392118 0.262936 0.832019 
0.880451 0.842876 0.998226 0.578041 0.482188 
0.801877 0.664883 0.193524 0.075048 0.295172 
0.961996 0.539020 0.597978 0.627761 0.299393 
0.380023 0.774609 0.959859 0.622833 0.421573 
0.752260 0.818610 0.490077 0.245835 0.302000 
0.802491 0.901371 0.448422 0.194609 0.164307 
0.280442 0.075060 0.007183 0.278667 0.653100 
0.489371 0.080544 0.317983 0.682896 0.155593 
0.613156 0.644891 0.694613 0.211134 0.272652 
0.994005 0.591156 0.047261 0.953865 0.213990 
0.468834 0.706124 0.032600 0.958911 0.951959 
0.334600 0.761403 0.853331 0.783022 0.956012 
0.017638 0.063464 0.031071 0.024821 0.342131 
0.684172 0.514192 0.422676 0.002155 0.197088 
0.578269 0.615311 0.841980 0.272881 0.826444 
0.114632 0.266887 0.417601 0.161893 0.220752 
0.631590 0.630727 0.926876 0.664190 0.589639 
0.878835 0.998790 0.351042 0.732166 0.781812 
0.307053 0.749804 0.845276 0.338124 0.774625 
0.187408 0.022296 0.288818 0.610083 0.024451 
0.485906 0.188352 0.639761 0.327886 0.461233 
0.466206 0.442517 0.728120 0.883806 0.604410 
0.948872 0.515397 0.235138 0.875748 0.179586 
0.824777 0.754584 0.178376 0.175818 0.486750 
0.960188 0.482871 0.236554 0.805465 0.820996 
0.011180 0.992872 0.843292 0.299997 0.602956 
0.867743 0.785903 0.791308 0.507504 0.113789 
0.252541 0.973710 0.556306 0.980662 0.857516 
0.160717 0.929534 0.372913 0.395855 0.805282 
0.552499 0.220631 0.559865 0.730875 0.396450 
0.046615 0.691064 0.879321 0.283169 0.496529 
0.700317 0.294349 0.489401 0.543609 0.594346 
0.092357 0.411351 0.380250 0.883665 0.918856 
0.494039 0.136206 0.892565 0.050345 0.116868 
0.750082 0.211062 0.046401 0.122994 0.606916 
0.851683 0.675494 0.827548 0.411548 0.406369 
0.223997 0.458164 0.097433 0.103318 0.741333 
0.593961 0.803635 0.035682 0.083362 0.347244 
0.630028 0.175719 0.758595 0.010278 0.059384 
0.677451 0.504317 0.195589 0.570016 0.554662 
0.312457 0.320098 0.765724 0.358858 0.443092 
0.372640 0.210541 0.118586 0.200187 0.622090 
0.524955 0.424185 0.080253 0.622387 0.527503 
0.821586 0.216349 0.331138 0.857268 0.299711 
0.678382 0.487296 0.475430 0.436978 0.497574 
