2000 4
0.492265 0.646669 0.080453 0.484070 
0.434679 0.223862 0.619799 0.346936 
0.126799 0.830193 0.739041 0.246850 
0.999116 0.705342 0.179471 0.255295 
0.592525 0.701747 0.476252 0.182475 
0.499248 0.348645 0.892217 0.361411 
0.623682 0.468444 0.593298 0.426951 
0.828576 0.301959 0.295310 0.575103 
0.256131 0.473860 0.983098 0.455433 
0.138123 0.613988 0.497921 0.751242 
0.566353 0.638638 0.359246 0.518482 
0.934705 0.445294 0.173929 0.386322 
0.648068 0.389356 0.805926 0.214143 
0.898340 0.222701 0.455678 0.477038 
0.691716 0.561513 0.386055 0.419216 
0.219358 0.718353 0.452316 0.526545 
0.400469 0.526340 0.220403 0.623903 
0.647494 0.059007 0.133112 0.961429 
0.626817 0.975647 0.214183 0.352960 
0.655862 0.618341 0.425332 0.768184 
0.495086 0.787699 0.425944 0.081837 
0.379471 0.257381 0.604612 0.717119 
0.843292 0.183684 0.802057 0.188452 
0.526063 0.058865 0.798321 0.527047 
0.249058 0.831653 0.194088 0.781790 
0.795413 0.397256 0.209836 0.505289 
0.759370 0.540224 0.243069 0.432581 
0.698248 0.936943 0.106692 0.379359 
0.642102 0.725639 0.717720 0.127165 
0.259502 0.871514 0.077857 0.873586 
0.850130 0.166078 0.812931 0.101479 
0.428413 0.747029 0.209778 0.559236 
0.439599 0.343034 0.557678 0.547210 
0.407988 0.537927 0.906883 0.119348 
0.725284 0.552892 0.647249 0.294796 
0.495979 0.501323 0.777328 0.331091 
0.592158 0.202835 0.614787 0.617336 
0.220600 0.650309 0.416522 0.453230 
0.489603 0.603963 0.817772 0.080388 
0.549571 0.249094 0.726681 0.363443 
0.614423 0.608320 0.411341 0.302539 
0.412515 0.126254 0.613407 0.884857 
0.951791 0.558987 0.503645 0.001556 
0.114595 0.471155 0.440048 0.923195 
0.889984 0.304102 0.491267 0.429687 
0.077124 0.420426 0.895543 0.318893 
0.367171 0.646657 0.710651 0.316229 
0.969900 0.702975 0.483709 0.008710 
0.261123 0.279049 0.540088 0.720758 
0.512698 0.808389 0.273303 0.122462 
0.451037 0.478206 0.769349 0.502198 
0.540551 0.716810 0.029739 0.536935 
0.679265 0.381628 0.645023 0.239335 
0.514218 0.562134 0.090917 0.759163 
0.564931 0.710057 0.700595 0.104766 
0.837147 0.039690 0.031900 0.672005 
0.040191 0.802061 0.623125 0.542453 
0.627423 0.149662 0.562934 0.483726 
0.614691 0.853105 0.360968 0.494032 
0.812155 0.048785 0.554450 0.646163 
0.638703 0.500070 0.914357 0.031116 
0.784976 0.659537 0.377826 0.241934 
0.797116 0.216595 0.532650 0.734263 
0.313696 0.582540 0.645707 0.435236 
0.459583 0.793303 0.293221 0.668753 
0.734584 0.310454 0.518435 0.205254 
0.116849 0.789243 0.287636 0.996309 
0.487605 0.494490 0.216840 0.483988 
0.884956 0.215650 0.227039 0.279787 
0.481008 0.607253 0.236979 0.856784 
0.729810 0.384505 0.965757 0.196487 
0.707417 0.141544 0.445939 0.602713 
0.739286 0.150600 0.434430 0.312230 
0.708445 0.724668 0.187093 0.249852 
0.588333 0.044538 0.647468 0.544827 
0.929882 0.173768 0.058109 0.819026 
0.755409 0.238090 0.440430 0.416166 
0.509910 0.568495 0.049006 0.736649 
0.845960 0.270662 0.323474 0.812796 
0.558420 0.577780 0.268929 0.813930 
0.741039 0.274499 0.895892 0.190537 
0.639079 0.023455 0.690862 0.736727 
0.861228 0.023824 0.890368 0.133075 
0.263706 0.714293 0.648726 0.143817 
0.858081 0.664084 0.479423 0.393182 
0.046693 0.327968 0.704564 0.385700 
0.900322 0.152657 0.177480 0.641144 
0.164054 0.953450 0.201669 0.321387 
0.691912 0.152191 0.104478 0.940283 
0.358678 0.881751 0.423591 0.530885 
0.432547 0.785543 0.663028 0.087313 
0.133524 0.616314 0.664587 0.845624 
0.605560 0.742013 0.373732 0.381421 
0.041958 0.441251 0.533559 0.737418 
0.224933 0.522729 0.228297 0.982355 
0.547453 0.512651 0.536643 0.370363 
0.316002 0.598166 0.716518 0.047951 
0.479975 0.503924 0.327355 0.674701 
0.379354 0.671216 0.897248 0.065571 
0.248468 0.777017 0.791455 0.372749 
0.695057 0.668445 0.485507 0.146516 
0.709890 0.545937 0.462348 0.389139 
0.651711 0.785610 0.697387 0.033876 
0.363143 0.411821 0.918327 0.436363 
0.813734 0.417992 0.288039 0.440188 
0.392955 0.450534 0.441476 0.771230 
0.786546 0.088592 0.969440 0.502704 
0.538330 0.726218 0.347513 0.141428 
0.287411 0.840571 0.124899 0.801965 
0.892449 0.146755 0.913375 0.158897 
0.484308 0.438377 0.584652 0.323170 
0.603251 0.875476 0.286272 0.673534 
0.775895 0.783219 0.390155 0.054193 
0.279075 0.558922 0.940920 0.047908 
0.731050 0.225562 0.665213 0.412450 
0.317820 0.259041 0.758752 0.792006 
0.453750 0.449952 0.571351 0.555230 
0.273684 0.291915 0.964575 0.459066 
0.176174 0.451662 0.625014 0.566635 
0.252424 0.756524 0.292091 0.734767 
0.108593 0.928783 0.320407 0.582984 
0.145136 0.614556 0.319929 0.899798 
0.154356 0.933322 0.265164 0.543044 
0.726675 0.302970 0.693528 0.367053 
0.355572 0.766941 0.342046 0.594725 
0.500628 0.110661 0.930034 0.390622 
0.480604 0.456679 0.324995 0.525383 
0.405017 0.316929 0.435719 0.561539 
0.629224 0.461616 0.557209 0.457407 
0.454917 0.532862 0.489949 0.296259 
0.552900 0.063794 0.351071 0.970522 
0.621677 0.370486 0.576440 0.825697 
0.556325 0.448086 0.430719 0.253130 
0.523458 0.469994 0.725496 0.056976 
0.839776 0.374784 0.397196 0.322454 
0.020175 0.982983 0.265253 0.591101 
0.370872 0.748984 0.130346 0.606958 
0.369695 0.749537 0.125224 0.840765 
0.075589 0.667047 0.404505 0.855146 
0.523500 0.540238 0.779525 0.372519 
0.024566 0.853819 0.262369 0.737305 
0.643817 0.274029 0.808065 0.239405 
0.463716 0.683536 0.622271 0.242490 
0.171647 0.493825 0.820041 0.432607 
0.276014 0.891687 0.215510 0.596489 
0.529981 0.157968 0.515131 0.792949 
0.269809 0.663716 0.644683 0.270744 
0.808123 0.519268 0.000741 0.550729 
0.393716 0.197980 0.853973 0.521092 
0.512753 0.656179 0.827502 0.371352 
0.459272 0.442370 0.490671 0.374616 
0.525921 0.216712 0.783315 0.300808 
0.875306 0.238314 0.744231 0.238936 
0.486189 0.837580 0.278425 0.517066 
0.437979 0.636643 0.565511 0.163418 
0.690686 0.295740 0.765987 0.226965 
0.081566 0.059762 0.855583 0.809959 
0.787574 0.481538 0.470475 0.046058 
0.221905 0.619828 0.878515 0.415788 
0.702562 0.396502 0.541908 0.405899 
0.661249 0.777853 0.208278 0.368197 
0.830797 0.445090 0.404532 0.564997 
0.966845 0.559447 0.237903 0.492364 
0.365210 0.578007 0.631316 0.537156 
0.938778 0.199000 0.670959 0.503039 
0.919348 0.153606 0.290399 0.502673 
0.642199 0.450913 0.357481 0.729770 
0.498866 0.517430 0.129506 0.610069 
0.307551 0.747131 0.784117 0.291215 
0.574565 0.076117 0.942620 0.433555 
0.327078 0.226306 0.881875 0.268534 
0.339340 0.755614 0.299064 0.542312 
0.828070 0.025281 0.318806 0.763700 
0.434537 0.150581 0.887115 0.401116 
0.336714 0.031122 0.947571 0.833038 
0.808460 0.587347 0.158714 0.491937 
0.670121 0.518543 0.517089 0.363599 
0.536535 0.387903 0.071064 0.881959 
0.587541 0.750606 0.293398 0.091347 
0.420643 0.408786 0.105550 0.885343 
0.082680 0.854073 0.530264 0.565420 
0.920728 0.416404 0.066896 0.665216 
0.604084 0.081553 0.482013 0.959213 
0.429272 0.945527 0.032294 0.781800 
0.040641 0.499952 0.760080 0.503352 
0.063684 0.382942 0.832938 0.684930 
0.395635 0.289916 0.539169 0.914325 
0.740262 0.558458 0.474275 0.264720 
0.858768 0.669355 0.207490 0.258432 
0.835552 0.590605 0.137107 0.260730 
0.426345 0.853102 0.034504 0.574303 
0.522663 0.702460 0.258199 0.571547 
0.513574 0.063298 0.322503 0.982452 
0.203121 0.572614 0.384020 0.706701 
0.218878 0.714565 0.080756 0.537173 
0.636436 0.206669 0.794491 0.325832 
0.407879 0.439500 0.503232 0.924778 
0.891941 0.033534 0.676046 0.326562 
0.349510 0.467234 0.922999 0.314920 
0.726919 0.821583 0.279777 0.442633 
0.866352 0.308452 0.834623 0.063256 
0.564229 0.515220 0.269627 0.603372 
0.674368 0.108943 0.631098 0.374682 
0.127780 0.760959 0.717840 0.278072 
0.425348 0.359833 0.566866 0.332427 
0.470892 0.358777 0.509751 0.720627 
0.997308 0.104907 0.982300 0.040735 
0.135173 0.388870 0.686494 0.341143 
0.497201 0.629532 0.068944 0.744217 
0.339747 0.648024 0.635905 0.210241 
0.734622 0.410312 0.354404 0.393234 
0.914306 0.200259 0.528357 0.320538 
0.304059 0.514939 0.859527 0.318203 
0.461271 0.027175 0.973102 0.789041 
0.311767 0.472062 0.540653 0.551862 
0.438508 0.049610 0.803404 0.794738 
0.652599 0.349695 0.763444 0.232351 
0.542352 0.644111 0.358687 0.208768 
0.562526 0.213822 0.556311 0.522117 
0.176695 0.236734 0.455510 0.942572 
0.596738 0.908366 0.419716 0.156960 
0.230871 0.305140 0.809111 0.696616 
0.583139 0.146731 0.213289 0.995665 
0.294112 0.897349 0.672367 0.283215 
0.069188 0.972627 0.227294 0.890966 
0.804316 0.581002 0.155029 0.402637 
0.526680 0.147907 0.264371 0.499347 
0.437531 0.759334 0.398463 0.350905 
0.486430 0.697895 0.570684 0.488596 
0.463826 0.111375 0.808462 0.508511 
0.701670 0.476867 0.382868 0.172791 
0.314705 0.375094 0.859584 0.688188 
0.690050 0.204173 0.967246 0.301816 
0.127148 0.340473 0.841892 0.644975 
0.056683 0.514025 0.995757 0.664339 
0.601861 0.341447 0.513672 0.571684 
0.443351 0.652519 0.490416 0.232570 
0.217652 0.305703 0.463892 0.952299 
0.234412 0.066696 0.764578 0.732669 
0.994879 0.480236 0.349559 0.357101 
0.987351 0.057477 0.059100 0.628340 
0.394516 0.968092 0.524442 0.138161 
0.412294 0.925211 0.219733 0.397427 
0.630963 0.808668 0.137452 0.675975 
0.372392 0.943869 0.684113 0.251164 
0.363417 0.555974 0.195205 0.855142 
0.213928 0.775360 0.630594 0.628673 
0.754499 0.490010 0.277950 0.705168 
0.429732 0.610395 0.870120 0.247879 
0.445001 0.788360 0.281321 0.749790 
0.761522 0.215163 0.086884 0.779049 
0.885981 0.239290 0.783068 0.499839 
0.054114 0.211003 0.893858 0.640223 
0.044721 0.857588 0.658400 0.533492 
0.750238 0.307678 0.824036 0.313966 
0.606833 0.075162 0.613080 0.747489 
0.856975 0.925206 0.018803 0.285644 
0.186824 0.495965 0.872883 0.297124 
0.961058 0.153959 0.848772 0.052701 
0.579199 0.052880 0.863884 0.359296 
0.885940 0.122171 0.118029 0.695247 
0.296729 0.141278 0.965912 0.613039 
0.715444 0.649675 0.600042 0.302010 
0.631693 0.171195 0.786549 0.488384 
0.467724 0.263838 0.982055 0.362044 
0.262795 0.534338 0.376676 0.879174 
0.781015 0.265231 0.572863 0.307991 
0.447089 0.411937 0.680720 0.239593 
0.951006 0.343238 0.118223 0.570779 
0.331687 0.690508 0.124265 0.772795 
0.324386 0.318474 0.808908 0.573202 
0.427293 0.630343 0.915182 0.122169 
0.320464 0.436204 0.524048 0.612718 
0.157416 0.146114 0.806155 0.660451 
0.594060 0.560268 0.250964 0.518118 
0.596827 0.221780 0.655107 0.533547 
0.587145 0.534592 0.408812 0.719783 
0.634547 0.616497 0.225797 0.662095 
0.706347 0.699948 0.471370 0.029653 
0.746331 0.436077 0.760108 0.033832 
0.166219 0.903346 0.637948 0.281839 
0.063115 0.386263 0.439848 0.981206 
0.181774 0.645626 0.971859 0.128537 
0.539884 0.435285 0.707891 0.305339 
0.259383 0.662273 0.267650 0.770380 
0.844125 0.706611 0.327224 0.539226 
0.523734 0.222344 0.352907 0.901958 
0.807067 0.741857 0.032325 0.244778 
0.369482 0.584949 0.308708 0.720565 
0.957042 0.173906 0.041336 0.732796 
0.546055 0.795581 0.908350 0.044848 
0.456942 0.635132 0.614726 0.286595 
0.822641 0.173632 0.504777 0.721858 
0.148045 0.529996 0.846925 0.384460 
0.628460 0.457162 0.107593 0.763745 
0.528950 0.557661 0.383452 0.260338 
0.196708 0.335149 0.910041 0.417823 
0.457053 0.160882 0.799619 0.230112 
0.445599 0.812229 0.263739 0.160299 
0.298232 0.455265 0.711712 0.519179 
0.956882 0.309839 0.031083 0.625762 
0.910115 0.083122 0.849862 0.224473 
0.318041 0.823781 0.506836 0.350212 
0.813846 0.160014 0.574328 0.781126 
0.630011 0.488942 0.418780 0.376681 
0.005480 0.517452 0.993000 0.657435 
0.295084 0.818465 0.408131 0.284965 
0.334002 0.395377 0.664524 0.478254 
0.810170 0.059656 0.611814 0.394321 
0.445916 0.806892 0.300737 0.499732 
0.806772 0.492348 0.351352 0.466536 
0.751630 0.874388 0.477200 0.012830 
0.667443 0.147098 0.526028 0.770522 
0.286999 0.083179 0.758676 0.950355 
0.869039 0.116749 0.250644 0.685493 
0.235819 0.969655 0.054860 0.740651 
0.791002 0.404416 0.763029 0.491412 
0.652960 0.313268 0.553312 0.259199 
0.579661 0.394352 0.672396 0.191721 
0.836254 0.067250 0.570037 0.375282 
0.925601 0.468577 0.642007 0.051103 
0.580318 0.360113 0.585547 0.110734 
0.428389 0.931506 0.184890 0.697086 
0.392335 0.484145 0.319013 0.508358 
0.807810 0.138183 0.500046 0.041271 
0.032443 0.313553 0.884592 0.651052 
0.576121 0.970574 0.233618 0.450512 
0.847129 0.196468 0.734618 0.291053 
0.700416 0.182460 0.729799 0.403892 
0.578683 0.123988 0.936310 0.095659 
0.434723 0.811966 0.514203 0.472194 
0.982867 0.029755 0.920186 0.504931 
0.478476 0.760411 0.000797 0.664162 
0.511095 0.643902 0.486707 0.571524 
0.312170 0.910502 0.592363 0.129880 
0.495013 0.455105 0.898542 0.279696 
0.322920 0.941430 0.377299 0.428452 
0.432376 0.055673 0.965066 0.571451 
0.756425 0.592946 0.144342 0.376467 
0.022245 0.911809 0.428995 0.869337 
0.447738 0.778063 0.586346 0.414758 
0.360758 0.448563 0.544998 0.668635 
0.633071 0.615910 0.144516 0.306356 
0.862134 0.115134 0.529470 0.469633 
0.420153 0.992797 0.099765 0.334079 
0.459864 0.805335 0.692286 0.194311 
0.538164 0.466009 0.017815 0.696682 
0.159427 0.098651 0.727407 0.865787 
0.311750 0.402327 0.574196 0.506721 
0.393059 0.785093 0.648863 0.059842 
0.035376 0.725532 0.664812 0.396855 
0.865957 0.264038 0.021991 0.759681 
0.877085 0.328123 0.724333 0.136562 
0.674296 0.605709 0.834496 0.296013 
0.396061 0.523955 0.659155 0.409148 
0.898317 0.030740 0.625113 0.351776 
0.683514 0.657602 0.255615 0.139294 
0.398655 0.086442 0.922747 0.532636 
0.615256 0.569880 0.925642 0.073526 
0.023180 0.538434 0.792509 0.832676 
0.150348 0.714622 0.490278 0.656213 
0.117422 0.810760 0.630512 0.495522 
0.093964 0.624241 0.773053 0.785683 
0.429800 0.860420 0.643290 0.526296 
0.267011 0.438815 0.747972 0.511829 
0.288715 0.978719 0.383825 0.239739 
0.691606 0.001657 0.841104 0.860801 
0.155287 0.931714 0.533824 0.195931 
0.399579 0.055043 0.703716 0.702793 
0.631725 0.424095 0.223970 0.859196 
0.724406 0.052065 0.983694 0.253527 
0.809967 0.178063 0.606234 0.166858 
0.583817 0.947129 0.543922 0.016302 
0.452106 0.098060 0.379490 0.986528 
0.686802 0.564249 0.650430 0.307777 
0.501019 0.750309 0.451354 0.682897 
0.508385 0.241934 0.610326 0.491383 
0.069319 0.354122 0.559775 0.804009 
0.434440 0.420471 0.779549 0.413262 
0.368388 0.657626 0.654350 0.228909 
0.706124 0.699698 0.621891 0.208480 
0.611124 0.600365 0.466669 0.459802 
0.461586 0.703964 0.486389 0.090548 
0.261156 0.427212 0.695341 0.475907 
0.355189 0.511742 0.841093 0.175132 
0.204069 0.305981 0.512331 0.961133 
0.127894 0.622836 0.317688 0.687663 
0.356932 0.800450 0.640695 0.060420 
0.164113 0.599074 0.249744 0.819579 
0.493921 0.220372 0.852062 0.404326 
0.092049 0.435780 0.683797 0.576591 
0.288443 0.788143 0.510744 0.467431 
0.461658 0.486899 0.674084 0.663662 
0.881259 0.160186 0.271588 0.508381 
0.587308 0.426403 0.512741 0.516773 
0.511116 0.416770 0.610860 0.304302 
0.620378 0.565059 0.385772 0.407452 
0.856993 0.739970 0.179279 0.356318 
0.436056 0.826433 0.424473 0.019006 
0.486616 0.479909 0.523259 0.503178 
0.794329 0.979081 0.100215 0.055024 
0.129870 0.669403 0.851574 0.304025 
0.300809 0.818130 0.519135 0.026376 
0.765758 0.141038 0.904300 0.452480 
0.621194 0.464760 0.254669 0.550451 
0.705248 0.260196 0.130786 0.744391 
0.175043 0.129279 0.976962 0.636214 
0.405955 0.807942 0.093108 0.879129 
0.433492 0.449063 0.908250 0.155891 
0.162143 0.548014 0.587471 0.886231 
0.268173 0.798232 0.501059 0.663150 
0.719812 0.084846 0.619703 0.528208 
0.528833 0.156131 0.650858 0.624143 
0.338674 0.340674 0.233587 0.976780 
0.394371 0.479262 0.707953 0.622971 
0.195624 0.440162 0.348603 0.852837 
0.016669 0.927896 0.860306 0.316367 
0.000322 0.716313 0.842253 0.550895 
0.804252 0.176409 0.701339 0.230964 
0.263881 0.372786 0.464622 0.598634 
0.683945 0.359533 0.819933 0.276736 
0.491933 0.721622 0.386534 0.433116 
0.875431 0.203743 0.636731 0.275793 
0.809964 0.587131 0.679983 0.144294 
0.656633 0.302636 0.686359 0.230186 
0.715563 0.038875 0.474309 0.810112 
0.493823 0.846246 0.063710 0.605552 
0.641571 0.567864 0.634703 0.527603 
0.621850 0.390467 0.202696 0.800869 
0.520302 0.977623 0.049442 0.853246 
0.737261 0.141893 0.965780 0.292080 
0.275939 0.910324 0.309798 0.433253 
0.391155 0.631808 0.267213 0.866987 
0.728802 0.511702 0.311019 0.647033 
0.370349 0.834180 0.305893 0.488016 
0.497700 0.388088 0.544312 0.433683 
0.126000 0.574632 0.578712 0.588709 
0.176941 0.558477 0.760544 0.512623 
0.695252 0.397489 0.462889 0.310300 
0.383406 0.571924 0.545844 0.447027 
0.286357 0.126042 0.653688 0.978341 
0.447338 0.280074 0.781056 0.572653 
0.691029 0.311728 0.809150 0.105153 
0.448620 0.720697 0.062182 0.529213 
0.726606 0.566815 0.195425 0.303640 
0.293053 0.781705 0.636400 0.399469 
0.061491 0.358301 0.772624 0.839377 
0.313202 0.473128 0.916765 0.577620 
0.817741 0.490312 0.095131 0.723083 
0.513006 0.244576 0.897623 0.224968 
0.168206 0.597143 0.806593 0.099988 
0.607662 0.316047 0.322983 0.786790 
0.473325 0.124359 0.592479 0.540029 
0.248850 0.642741 0.569259 0.340913 
0.877115 0.380530 0.525675 0.749914 
0.158868 0.455223 0.553362 0.792341 
0.551447 0.163751 0.705218 0.620640 
0.382934 0.169486 0.724976 0.897420 
0.878758 0.065123 0.180479 0.738784 
0.565962 0.137918 0.463307 0.632558 
0.752175 0.165905 0.698244 0.007089 
0.144482 0.914741 0.228360 0.770615 
0.452079 0.994428 0.143260 0.470037 
0.175990 0.878036 0.603670 0.337205 
0.757735 0.106543 0.860925 0.018073 
0.510169 0.505774 0.327860 0.587728 
0.778697 0.253317 0.415662 0.390594 
0.446659 0.722428 0.057189 0.825914 
0.537760 0.432472 0.696319 0.319839 
0.246534 0.019249 0.586825 0.778525 
0.492511 0.397312 0.666461 0.639879 
0.600770 0.020402 0.847401 0.803527 
0.521659 0.393523 0.228225 0.652801 
0.480718 0.000954 0.899299 0.685760 
0.830909 0.081901 0.470453 0.550298 
0.361404 0.240265 0.307277 0.992020 
0.932537 0.043063 0.621190 0.440978 
0.528353 0.059794 0.925893 0.444080 
0.068940 0.608560 0.656906 0.925719 
0.201105 0.940768 0.445549 0.286737 
0.113687 0.867429 0.498684 0.050444 
0.662892 0.848825 0.108396 0.302070 
0.943204 0.067182 0.061687 0.950374 
0.723620 0.459878 0.678889 0.633721 
0.054284 0.637673 0.326723 0.990109 
0.964783 0.417694 0.504059 0.306348 
0.889693 0.252574 0.491046 0.687034 
0.152667 0.855909 0.667762 0.163399 
0.496832 0.328905 0.505547 0.526932 
0.518199 0.466994 0.448914 0.296567 
0.527123 0.669252 0.331487 0.570332 
0.321396 0.216178 0.912737 0.476433 
0.099598 0.932804 0.482428 0.372100 
0.933800 0.497848 0.251860 0.407722 
0.110668 0.784767 0.354524 0.962969 
0.501824 0.076612 0.449085 0.969283 
0.210752 0.309877 0.904843 0.605928 
0.633601 0.589105 0.125831 0.550077 
0.623431 0.224967 0.606704 0.478747 
0.386287 0.510302 0.095793 0.765362 
0.135906 0.620125 0.197880 0.865434 
0.965481 0.325327 0.503521 0.309080 
0.590003 0.197287 0.270256 0.832155 
0.101822 0.163171 0.959347 0.528749 
0.491850 0.674871 0.688943 0.392237 
0.414147 0.130708 0.793167 0.667002 
0.799749 0.679987 0.313942 0.456675 
0.238924 0.775525 0.399566 0.482530 
0.522735 0.586650 0.240127 0.517841 
0.556564 0.711909 0.557748 0.522827 
0.270996 0.741143 0.368884 0.691997 
0.585841 0.683781 0.188249 0.622006 
0.352713 0.284947 0.622414 0.712593 
0.652264 0.340438 0.374768 0.812531 
0.292415 0.934204 0.349910 0.314942 
0.320580 0.410837 0.796469 0.771722 
0.538831 0.697495 0.528234 0.451344 
0.831763 0.777774 0.043120 0.607923 
0.634968 0.308490 0.974274 0.328154 
0.751487 0.590072 0.249142 0.549058 
0.452876 0.548113 0.156504 0.630539 
0.629395 0.566069 0.227231 0.399889 
0.611978 0.722501 0.647884 0.072605 
0.156462 0.532728 0.881684 0.433836 
0.703119 0.898686 0.165498 0.218790 
0.273821 0.338436 0.984289 0.584248 
0.048432 0.495796 0.646232 0.664305 
0.293227 0.462533 0.645312 0.575789 
0.477354 0.244027 0.672842 0.537484 
0.029909 0.335692 0.752987 0.834181 
0.077263 0.904898 0.401329 0.288294 
0.401819 0.419639 0.973560 0.370929 
0.711913 0.874105 0.366304 0.168239 
0.608517 0.284698 0.689948 0.127794 
0.617819 0.406342 0.566441 0.238893 
0.657697 0.351750 0.631236 0.265664 
0.882330 0.170571 0.572587 0.283325 
0.062014 0.324184 0.771623 0.919285 
0.519158 0.819583 0.431073 0.092606 
0.920500 0.098578 0.536465 0.563391 
0.841598 0.171214 0.598708 0.329702 
0.526713 0.155977 0.689222 0.787092 
0.924092 0.181006 0.446436 0.578607 
0.630994 0.638959 0.476398 0.088354 
0.415757 0.733684 0.766859 0.099291 
0.573857 0.506485 0.228581 0.672888 
0.356273 0.731311 0.700768 0.338359 
0.143414 0.666434 0.460324 0.737415 
0.762912 0.498794 0.180368 0.314106 
0.424277 0.197477 0.878347 0.585235 
0.941757 0.314189 0.209749 0.607798 
0.664979 0.754944 0.260884 0.459240 
0.533193 0.251958 0.340785 0.445634 
0.761083 0.855158 0.224396 0.310790 
0.857770 0.206484 0.559248 0.273903 
0.151294 0.936645 0.522679 0.268923 
0.006522 0.958956 0.020269 0.898911 
0.746111 0.588503 0.228713 0.171659 
0.116590 0.061954 0.886692 0.846909 
0.615574 0.736314 0.098976 0.550025 
0.583138 0.548703 0.161197 0.807143 
0.446690 0.804193 0.594614 0.366969 
0.453614 0.881152 0.036307 0.764136 
0.969773 0.113414 0.375973 0.482846 
0.682549 0.241390 0.461848 0.259980 
0.365161 0.956452 0.501364 0.031345 
0.385299 0.846030 0.187524 0.431543 
0.257062 0.728207 0.460405 0.460608 
0.182515 0.591915 0.304975 0.778341 
0.714696 0.867896 0.404457 0.264199 
0.649659 0.125948 0.235208 0.828608 
0.252051 0.517167 0.328845 0.669985 
0.843891 0.594796 0.402451 0.225697 
0.347611 0.656201 0.311165 0.597201 
0.582307 0.166550 0.795231 0.670719 
0.429949 0.797030 0.522491 0.383655 
0.249389 0.833349 0.227429 0.477008 
0.473890 0.580356 0.738501 0.252339 
0.437242 0.306227 0.374541 0.898364 
0.677711 0.300244 0.561809 0.357006 
0.240009 0.850456 0.434783 0.544839 
0.548180 0.331800 0.669457 0.589060 
0.461996 0.504019 0.429178 0.685116 
0.183282 0.747838 0.538404 0.681887 
0.835361 0.332141 0.405525 0.522417 
0.392051 0.363872 0.042620 0.829341 
0.484661 0.443724 0.744366 0.377961 
0.335932 0.280463 0.371206 0.967074 
0.121158 0.909767 0.413326 0.545395 
0.105488 0.603340 0.888348 0.503214 
0.834948 0.575374 0.070330 0.313087 
0.487611 0.373334 0.585171 0.802734 
0.176254 0.915166 0.827492 0.209464 
0.262238 0.126260 0.925813 0.649947 
0.278991 0.711234 0.092256 0.912252 
0.506509 0.281493 0.570600 0.622528 
0.566347 0.957327 0.276783 0.301151 
0.148481 0.443714 0.438136 0.811038 
0.117036 0.761124 0.321619 0.844408 
0.369634 0.672962 0.469507 0.547535 
0.878487 0.392956 0.094611 0.672752 
0.605940 0.601254 0.003526 0.868397 
0.925565 0.980223 0.057055 0.108835 
0.483650 0.434709 0.215137 0.671226 
0.769810 0.104596 0.657436 0.505151 
0.489782 0.624070 0.469595 0.478329 
0.977746 0.226611 0.595238 0.128613 
0.390101 0.849983 0.322557 0.162698 
0.591062 0.832325 0.062601 0.979725 
0.846107 0.450406 0.464304 0.350028 
0.776523 0.364155 0.382363 0.484846 
0.642911 0.522791 0.350281 0.556850 
0.280265 0.289672 0.868215 0.726410 
0.175901 0.673184 0.881510 0.553384 
0.320596 0.590482 0.672472 0.536704 
0.776030 0.355015 0.685891 0.439523 
0.396425 0.300017 0.948348 0.420097 
0.108327 0.155209 0.924810 0.384183 
0.414243 0.491623 0.622145 0.581756 
0.643979 0.321541 0.732998 0.623796 
0.491696 0.989967 0.268828 0.326754 
0.797011 0.846676 0.094439 0.149439 
0.420379 0.594212 0.727652 0.439784 
0.902777 0.031557 0.615046 0.456240 
0.769396 0.305309 0.502908 0.396297 
0.418986 0.291882 0.592262 0.492387 
0.525023 0.667194 0.809255 0.248736 
0.511805 0.662952 0.519390 0.405297 
0.869726 0.178135 0.293948 0.836534 
0.384394 0.705706 0.073080 0.487017 
0.597464 0.001740 0.954960 0.180232 
0.366481 0.764292 0.340452 0.605503 
0.318543 0.164834 0.661601 0.873287 
0.458194 0.200575 0.549503 0.696784 
0.974131 0.140983 0.480755 0.344806 
0.063095 0.709951 0.651503 0.534169 
0.404449 0.163002 0.614692 0.460778 
0.134244 0.650428 0.664450 0.513766 
0.752270 0.339861 0.113090 0.773578 
0.622627 0.767591 0.334086 0.218691 
0.210753 0.501536 0.150702 0.913714 
0.695011 0.464935 0.105562 0.938172 
0.735695 0.330298 0.978559 0.463087 
0.052951 0.595570 0.395666 0.985902 
0.499951 0.835798 0.651360 0.154135 
0.832014 0.442845 0.408551 0.494839 
0.638423 0.367460 0.575888 0.288911 
0.359812 0.543884 0.422984 0.671671 
0.903817 0.570716 0.084568 0.549666 
0.575021 0.390772 0.347610 0.747559 
0.913610 0.448849 0.265093 0.342287 
0.181295 0.027900 0.784206 0.917496 
0.801843 0.487760 0.286948 0.444917 
0.535086 0.713343 0.933063 0.027122 
0.132986 0.917209 0.226941 0.907920 
0.131004 0.939151 0.147815 0.859570 
0.296373 0.904044 0.277087 0.544447 
0.878973 0.217498 0.320621 0.666473 
0.427657 0.022889 0.863922 0.615766 
0.444699 0.785878 0.253406 0.816064 
0.921364 0.529511 0.250224 0.134477 
0.032548 0.882142 0.002149 0.975793 
0.242861 0.609903 0.476459 0.627725 
0.895086 0.413010 0.281402 0.480850 
0.684511 0.399072 0.561898 0.213199 
0.642498 0.514026 0.178889 0.775971 
0.081312 0.983738 0.353158 0.693810 
0.803002 0.602655 0.344034 0.503701 
0.495166 0.404334 0.182960 0.903137 
0.278572 0.570845 0.726114 0.657180 
0.942533 0.396890 0.420837 0.144409 
0.304537 0.193371 0.508367 0.787859 
0.992060 0.362893 0.394222 0.345603 
0.809639 0.078495 0.845663 0.334079 
0.694575 0.771062 0.303293 0.082776 
0.751280 0.299400 0.396814 0.579138 
0.381068 0.537184 0.541606 0.460393 
0.692806 0.274377 0.164387 0.915324 
0.940479 0.144853 0.115686 0.851811 
0.217804 0.636164 0.572136 0.400824 
0.494673 0.666485 0.350485 0.823809 
0.939895 0.463286 0.069297 0.508143 
0.670037 0.809819 0.091440 0.703065 
0.120135 0.871291 0.675584 0.149305 
0.871295 0.341500 0.678347 0.022662 
0.205668 0.638436 0.545419 0.441684 
0.507550 0.042979 0.369183 0.981311 
0.607765 0.501398 0.470177 0.663481 
0.342300 0.788849 0.611002 0.291826 
0.751621 0.506219 0.433608 0.228920 
0.534355 0.661585 0.210954 0.843908 
0.151429 0.651203 0.580746 0.701039 
0.927750 0.256819 0.875041 0.144676 
0.501874 0.741534 0.841425 0.117538 
0.460340 0.178220 0.840472 0.342383 
0.708357 0.343268 0.425990 0.656707 
0.856470 0.327933 0.532995 0.054688 
0.371250 0.891120 0.552619 0.076962 
0.352932 0.900465 0.079543 0.521573 
0.883327 0.054747 0.349306 0.797551 
0.611484 0.627792 0.019389 0.544261 
0.266506 0.636620 0.267641 0.794815 
0.288440 0.795152 0.538160 0.445570 
0.727135 0.450335 0.702427 0.025600 
0.426761 0.782510 0.085969 0.682071 
0.578603 0.891187 0.264225 0.514315 
0.228994 0.682744 0.322311 0.501910 
0.388646 0.723795 0.303505 0.813879 
0.708167 0.481097 0.081892 0.660524 
0.968507 0.040143 0.554641 0.429381 
0.189712 0.921769 0.831112 0.044063 
0.518820 0.726012 0.127649 0.867547 
0.794034 0.408933 0.497713 0.293300 
0.136152 0.075048 0.909675 0.973928 
0.406393 0.798108 0.500659 0.009804 
0.691981 0.312182 0.562991 0.221265 
0.429342 0.689948 0.497494 0.182845 
0.438909 0.870344 0.001666 0.565471 
0.135313 0.336105 0.899220 0.387620 
0.966160 0.524826 0.212701 0.434612 
0.127562 0.579811 0.333488 0.710593 
0.264985 0.723434 0.231311 0.708867 
0.480923 0.518850 0.087287 0.869219 
0.341387 0.610167 0.870946 0.309858 
0.148544 0.486320 0.457299 0.782916 
0.450257 0.528394 0.810843 0.340263 
0.274784 0.319652 0.841357 0.759336 
0.770474 0.193390 0.715875 0.017548 
0.352139 0.756726 0.359825 0.634872 
0.444794 0.984601 0.564600 0.087087 
0.017249 0.623455 0.540464 0.806146 
0.130160 0.609527 0.630110 0.856994 
0.804835 0.559542 0.171210 0.785348 
0.500244 0.309064 0.420965 0.265482 
0.415869 0.880543 0.085200 0.778185 
0.450228 0.272672 0.680676 0.523136 
0.767985 0.164107 0.576132 0.509764 
0.119795 0.709045 0.678923 0.666082 
0.085015 0.312711 0.891524 0.640640 
0.187643 0.446699 0.761109 0.660427 
0.747117 0.173974 0.585201 0.222573 
0.264041 0.277276 0.770236 0.551307 
0.081024 0.550580 0.839784 0.659889 
0.414872 0.503064 0.268044 0.761785 
0.772004 0.495431 0.422646 0.480375 
0.520472 0.570398 0.151830 0.799034 
0.182823 0.826639 0.671429 0.590790 
0.367875 0.198326 0.728725 0.392592 
0.440271 0.109363 0.636606 0.878967 
0.450264 0.405468 0.255253 0.929360 
0.450566 0.866746 0.445722 0.079816 
0.269420 0.633475 0.776998 0.221647 
0.927078 0.329381 0.210396 0.479716 
0.387439 0.328918 0.729079 0.500462 
0.214806 0.146738 0.847805 0.974655 
0.578083 0.693351 0.161789 0.677995 
0.384036 0.850876 0.606796 0.361662 
0.641706 0.119477 0.664121 0.674574 
0.797165 0.678375 0.525696 0.062546 
0.206973 0.953365 0.536914 0.348490 
0.658511 0.456900 0.183850 0.587613 
0.492288 0.830450 0.420948 0.350010 
0.557252 0.360029 0.207005 0.981530 
0.920388 0.924258 0.244319 0.213827 
0.574442 0.443858 0.759871 0.109673 
0.283360 0.577925 0.907211 0.069812 
0.167650 0.978915 0.138318 0.748395 
0.996560 0.211601 0.503554 0.063452 
0.935154 0.401562 0.193807 0.884757 
0.219200 0.450996 0.601424 0.598048 
0.931776 0.178680 0.728736 0.026240 
0.874689 0.358255 0.607470 0.346763 
0.765552 0.140321 0.818079 0.279116 
0.585609 0.215675 0.879234 0.440720 
0.236863 0.615040 0.445591 0.801919 
0.162123 0.534700 0.932083 0.297887 
0.112515 0.791391 0.448855 0.534112 
0.028833 0.586602 0.743023 0.697411 
0.465488 0.772377 0.102385 0.420137 
0.952424 0.605363 0.512445 0.027343 
0.931642 0.547230 0.420944 0.377448 
0.724374 0.281020 0.727077 0.338175 
0.312772 0.492875 0.849966 0.394964 
0.769815 0.124352 0.940230 0.022780 
0.427459 0.383887 0.439330 0.716667 
0.622048 0.221104 0.412388 0.453356 
0.978488 0.041262 0.573963 0.500734 
0.372531 0.498908 0.267636 0.526505 
0.833613 0.334870 0.664264 0.457463 
0.865576 0.296512 0.786474 0.162563 
0.243155 0.627180 0.541580 0.764414 
0.494977 0.745672 0.499450 0.175975 
0.099586 0.723845 0.632517 0.628030 
0.739056 0.334023 0.129027 0.614109 
0.325176 0.704988 0.845205 0.216429 
0.363500 0.909539 0.008611 0.805688 
0.766203 0.165166 0.738835 0.691728 
0.383133 0.266383 0.687549 0.429168 
0.493864 0.697702 0.253258 0.522234 
0.210717 0.741124 0.416716 0.803660 
0.912226 0.628478 0.463180 0.457194 
0.588881 0.254359 0.577403 0.531790 
0.451660 0.320903 0.654138 0.524614 
0.587232 0.714862 0.505478 0.086548 
0.530134 0.292752 0.588578 0.506494 
0.758293 0.223724 0.707603 0.166089 
0.230927 0.278059 0.828808 0.541606 
0.422413 0.671684 0.242352 0.724868 
0.472140 0.013296 0.600734 0.748094 
0.505476 0.665528 0.516641 0.355631 
0.437354 0.559725 0.937284 0.158200 
0.379778 0.188714 0.720924 0.780704 
0.410505 0.923129 0.276145 0.468847 
0.854650 0.230532 0.637529 0.353361 
0.661077 0.408994 0.837705 0.018078 
0.109110 0.106813 0.851553 0.832478 
0.328701 0.594966 0.639943 0.459131 
0.816091 0.092796 0.407248 0.743845 
0.602605 0.906740 0.116157 0.216377 
0.635251 0.418665 0.285673 0.644273 
0.350530 0.726191 0.507692 0.477505 
0.063123 0.648437 0.349551 0.858104 
0.389607 0.010876 0.728134 0.776746 
0.075194 0.764770 0.616768 0.768894 
0.366799 0.741555 0.345411 0.493108 
0.006223 0.912393 0.650458 0.170319 
0.435494 0.332265 0.972884 0.249149 
0.898047 0.668170 0.138528 0.607088 
0.298420 0.934035 0.129017 0.831668 
0.132325 0.037816 0.704511 0.971834 
0.186835 0.871107 0.939527 0.080179 
0.679166 0.209138 0.225043 0.932248 
0.147539 0.937906 0.072859 0.773443 
0.340910 0.250761 0.598378 0.590466 
0.480536 0.454796 0.665550 0.550254 
0.185490 0.688882 0.568598 0.197576 
0.389497 0.146994 0.997392 0.409270 
0.204053 0.803994 0.727245 0.289656 
0.335431 0.556359 0.348581 0.714153 
0.374657 0.690111 0.423412 0.526418 
0.250850 0.652209 0.596915 0.630721 
0.261686 0.183993 0.897733 0.310146 
0.429660 0.808140 0.187428 0.901165 
0.577738 0.324092 0.532359 0.490067 
0.214852 0.812578 0.044770 0.675637 
0.351417 0.267208 0.564773 0.706987 
0.394171 0.711005 0.399166 0.464220 
0.643761 0.527607 0.296224 0.626224 
0.194096 0.613716 0.850432 0.560036 
0.716912 0.542098 0.651213 0.146609 
0.321575 0.593227 0.928680 0.340499 
0.052991 0.453857 0.886455 0.645472 
0.607033 0.281093 0.198360 0.746063 
0.684620 0.691121 0.290539 0.326226 
0.838050 0.689668 0.335483 0.040000 
0.387654 0.633222 0.034141 0.693983 
0.636282 0.231724 0.513284 0.577419 
0.004354 0.585061 0.984409 0.634605 
0.503189 0.188187 0.432648 0.672086 
0.364306 0.566557 0.440061 0.522822 
0.065979 0.893283 0.447063 0.728396 
0.589983 0.511850 0.466036 0.188479 
0.340742 0.318348 0.908802 0.769410 
0.717023 0.124321 0.695996 0.589053 
0.330438 0.858028 0.800740 0.033688 
0.353732 0.220524 0.640774 0.954756 
0.366737 0.006365 0.479446 0.975662 
0.353837 0.853417 0.849641 0.047963 
0.291621 0.192292 0.785448 0.688532 
0.236356 0.830578 0.255441 0.737941 
0.651245 0.218364 0.786474 0.564463 
0.712891 0.072925 0.632863 0.653922 
0.481508 0.369519 0.813004 0.395178 
0.619010 0.338050 0.686515 0.566785 
0.789911 0.076205 0.989952 0.119757 
0.267971 0.478787 0.414334 0.814747 
0.281399 0.182976 0.518381 0.900725 
0.616636 0.442074 0.549200 0.538019 
0.798910 0.274068 0.202540 0.942512 
0.575673 0.620518 0.641445 0.259137 
0.553678 0.508221 0.441727 0.710559 
0.220640 0.251639 0.687743 0.859082 
0.653246 0.347778 0.707617 0.280779 
0.424422 0.121555 0.545873 0.868752 
0.305040 0.713898 0.477412 0.490691 
0.768781 0.095665 0.623557 0.493657 
0.969466 0.093447 0.711342 0.224420 
0.223510 0.573086 0.230336 0.946461 
0.427652 0.404501 0.622912 0.376154 
0.595533 0.364480 0.654415 0.686610 
0.280962 0.352770 0.586395 0.947732 
0.516531 0.516720 0.967195 0.111947 
0.354619 0.584478 0.318090 0.417133 
0.365648 0.803540 0.600974 0.285052 
0.581595 0.355566 0.227122 0.832015 
0.947731 0.583441 0.127447 0.226941 
0.466287 0.436001 0.944152 0.206424 
0.296648 0.880545 0.558379 0.547415 
0.762944 0.187485 0.644261 0.560434 
0.608223 0.533434 0.307902 0.879576 
0.575721 0.993023 0.084909 0.523331 
0.500316 0.000111 0.825763 0.304087 
0.302834 0.360604 0.892355 0.390144 
0.680177 0.653652 0.317498 0.630747 
0.279825 0.226352 0.627390 0.806475 
0.936771 0.257166 0.872688 0.235960 
0.103897 0.553976 0.625510 0.819103 
0.641345 0.587591 0.205672 0.521065 
0.249336 0.462158 0.043300 0.973995 
0.523120 0.556009 0.273069 0.727720 
0.210343 0.828331 0.139590 0.414782 
0.393361 0.271933 0.499956 0.632042 
0.459122 0.668712 0.382254 0.714841 
0.480811 0.840880 0.454271 0.273013 
0.789536 0.353432 0.710223 0.352631 
0.471988 0.512970 0.744929 0.055990 
0.490096 0.978870 0.032706 0.697338 
0.602681 0.365941 0.745490 0.560419 
0.284637 0.768900 0.107141 0.626699 
0.606466 0.309217 0.330882 0.784623 
0.429892 0.804774 0.358960 0.442023 
0.032541 0.452355 0.727221 0.603724 
0.205594 0.646739 0.688714 0.510083 
0.297494 0.967515 0.490346 0.472920 
0.140364 0.533856 0.514570 0.770785 
0.557729 0.464741 0.715847 0.019327 
0.074144 0.077094 0.915984 0.803515 
0.535055 0.635236 0.321844 0.510523 
0.311496 0.556684 0.609920 0.427222 
0.036635 0.378559 0.650198 0.777425 
0.715359 0.068829 0.335638 0.692737 
0.200020 0.341446 0.727893 0.814388 
0.374345 0.890477 0.493333 0.186620 
0.467632 0.950799 0.450059 0.198347 
0.674626 0.460810 0.600901 0.458971 
0.123643 0.667090 0.094912 0.825968 
0.385961 0.440605 0.670998 0.330966 
0.113309 0.833623 0.242784 0.609810 
0.455003 0.474054 0.413595 0.762492 
0.249666 0.713016 0.708990 0.463071 
0.464828 0.795805 0.648698 0.176177 
0.234064 0.476078 0.587216 0.960252 
0.356060 0.402754 0.540584 0.623070 
0.371801 0.509713 0.963555 0.347818 
0.814939 0.647315 0.376355 0.250436 
0.477454 0.222397 0.705520 0.536927 
0.193844 0.897537 0.250427 0.716766 
0.380131 0.869273 0.118556 0.637867 
0.325332 0.300411 0.390061 0.876753 
0.234902 0.808114 0.318948 0.566334 
0.438594 0.547097 0.567344 0.379527 
0.845402 0.080541 0.186161 0.598714 
0.259154 0.710490 0.583444 0.400477 
0.191755 0.900865 0.390837 0.739687 
0.523840 0.711496 0.212933 0.314080 
0.683072 0.543818 0.512887 0.239169 
0.809858 0.550509 0.469424 0.339054 
0.372755 0.199053 0.988046 0.467021 
0.670314 0.285059 0.429135 0.775354 
0.300544 0.452022 0.794495 0.485444 
0.411761 0.331821 0.411555 0.897608 
0.365916 0.609070 0.362830 0.615251 
0.080347 0.967191 0.378265 0.480283 
0.884310 0.202696 0.551846 0.423589 
0.151455 0.519179 0.980811 0.524502 
0.798846 0.470308 0.103178 0.546526 
0.468774 0.759381 0.635862 0.305546 
0.858217 0.770286 0.233951 0.282657 
0.848499 0.368320 0.224137 0.344652 
0.072390 0.438595 0.995982 0.459877 
0.887638 0.408375 0.374533 0.159887 
0.171518 0.560287 0.479760 0.684906 
0.206724 0.062607 0.975371 0.375236 
0.458671 0.941695 0.568644 0.266520 
0.694375 0.497806 0.447013 0.460155 
0.386633 0.822222 0.163471 0.551597 
0.106492 0.654178 0.256611 0.739611 
0.773604 0.535681 0.513727 0.232068 
0.009772 0.961312 0.194130 0.596122 
0.209219 0.566039 0.831257 0.306638 
0.032996 0.671887 0.539940 0.630034 
0.213018 0.313206 0.867501 0.767328 
0.308800 0.885875 0.604848 0.490274 
0.403445 0.517520 0.797379 0.166122 
0.925565 0.150410 0.939463 0.021823 
0.155516 0.890822 0.382114 0.749854 
0.863683 0.115049 0.450121 0.627781 
0.509960 0.316119 0.828804 0.335337 
0.891304 0.125475 0.337200 0.492278 
0.033141 0.220653 0.599585 0.963283 
0.015633 0.510251 0.639905 0.979061 
0.160399 0.554017 0.207801 0.859617 
0.577032 0.626207 0.395841 0.516797 
0.694633 0.276680 0.866534 0.083389 
0.410335 0.459823 0.638443 0.340878 
0.559659 0.341714 0.322597 0.791730 
0.794738 0.214615 0.312523 0.700164 
0.427238 0.228853 0.749423 0.769319 
0.973734 0.347079 0.627137 0.236838 
0.514185 0.107592 0.923061 0.247775 
0.676696 0.283419 0.625006 0.292315 
0.517696 0.257670 0.695925 0.679484 
0.564407 0.476217 0.816512 0.108368 
0.002490 0.400010 0.546066 0.710294 
0.328447 0.348269 0.696848 0.706467 
0.909289 0.252148 0.303556 0.718584 
0.311394 0.342403 0.426129 0.884023 
0.886946 0.666483 0.193757 0.424038 
0.859716 0.245662 0.132839 0.813913 
0.372970 0.307752 0.308105 0.954385 
0.483156 0.444071 0.700133 0.359311 
0.104864 0.593235 0.369778 0.686968 
0.792025 0.463933 0.139601 0.491808 
0.858762 0.305052 0.221364 0.916973 
0.447513 0.643233 0.571486 0.457008 
0.388861 0.627998 0.420339 0.587963 
0.131124 0.824451 0.158633 0.833166 
0.554957 0.418923 0.387264 0.374754 
0.574342 0.188071 0.683327 0.523728 
0.973396 0.059228 0.800969 0.266657 
0.115431 0.637201 0.566654 0.658635 
0.384824 0.910863 0.419764 0.339832 
0.352695 0.294514 0.967595 0.112291 
0.406264 0.509118 0.024875 0.698997 
0.485915 0.258453 0.386848 0.896875 
0.734299 0.151156 0.947310 0.342495 
0.126975 0.853124 0.073197 0.647035 
0.481960 0.161387 0.992459 0.697608 
0.932311 0.058252 0.648409 0.532383 
0.215000 0.741118 0.376949 0.687420 
0.708839 0.149418 0.725148 0.330092 
0.931361 0.498522 0.307645 0.155755 
0.255771 0.670419 0.560954 0.341706 
0.085676 0.083552 0.928680 0.886544 
0.988503 0.406228 0.720831 0.143457 
0.104879 0.959132 0.678223 0.284976 
0.714226 0.442024 0.980035 0.147301 
0.951947 0.152013 0.224809 0.688352 
0.485229 0.585606 0.459444 0.700892 
0.234306 0.760473 0.628443 0.510370 
0.670095 0.282820 0.719840 0.011825 
0.748968 0.410724 0.383168 0.414236 
0.699591 0.503341 0.445219 0.403740 
0.557137 0.404005 0.679998 0.132074 
0.031828 0.541613 0.755517 0.640310 
0.013461 0.783344 0.219828 0.880343 
0.302057 0.636444 0.503912 0.314170 
0.648677 0.228250 0.751687 0.268619 
0.962445 0.038670 0.856730 0.167826 
0.500889 0.603265 0.491875 0.447239 
0.391014 0.381168 0.327079 0.862597 
0.419980 0.825368 0.750047 0.157446 
0.585102 0.164957 0.846341 0.369377 
0.052653 0.955641 0.311479 0.850083 
0.086700 0.505700 0.646955 0.586082 
0.959497 0.185968 0.621772 0.145477 
0.350290 0.454964 0.902074 0.511408 
0.247339 0.347225 0.513273 0.861437 
0.366440 0.328829 0.752020 0.592759 
0.398122 0.177098 0.573883 0.768723 
0.699258 0.292150 0.404724 0.465757 
0.488552 0.427869 0.649099 0.303784 
0.451105 0.092083 0.806880 0.456688 
0.283337 0.742420 0.950794 0.121053 
0.464671 0.314447 0.549592 0.570036 
0.412453 0.627573 0.637064 0.493810 
0.337455 0.344357 0.460997 0.912093 
0.080320 0.619330 0.825386 0.506978 
0.682775 0.077573 0.982161 0.030393 
0.864401 0.542262 0.133451 0.386025 
0.437024 0.369997 0.847412 0.465436 
0.304037 0.559267 0.819398 0.365713 
0.706467 0.890926 0.012552 0.239121 
0.252803 0.762521 0.111084 0.925548 
0.084722 0.492947 0.623719 0.845852 
0.759877 0.268510 0.550934 0.718624 
0.441373 0.812273 0.008034 0.918286 
0.616230 0.498344 0.410662 0.598576 
0.948007 0.031734 0.815896 0.034823 
0.978716 0.371369 0.274715 0.184974 
0.344524 0.849466 0.025333 0.783027 
0.612227 0.319182 0.828732 0.294612 
0.473168 0.439792 0.926556 0.237015 
0.264651 0.556605 0.631513 0.694976 
0.732871 0.306295 0.741775 0.313418 
0.322164 0.257318 0.712647 0.251626 
0.308534 0.428420 0.153578 0.930091 
0.873869 0.230070 0.742339 0.092614 
0.128163 0.287216 0.896302 0.231277 
0.920522 0.369755 0.018422 0.693573 
0.551877 0.325888 0.867979 0.193360 
0.534572 0.727342 0.054780 0.573999 
0.433717 0.086443 0.803263 0.835752 
0.291761 0.505080 0.443026 0.646674 
0.409507 0.655043 0.779833 0.001450 
0.864262 0.081125 0.729783 0.360279 
0.490446 0.121489 0.724050 0.811646 
0.484905 0.381616 0.219650 0.721789 
0.194617 0.899311 0.550986 0.413313 
0.629306 0.682831 0.333800 0.474974 
0.356625 0.916164 0.246785 0.780396 
0.583682 0.155214 0.431157 0.889972 
0.437044 0.221055 0.575816 0.571852 
0.916173 0.190893 0.282190 0.528942 
0.170744 0.587944 0.600368 0.603449 
0.370797 0.287273 0.875414 0.657992 
0.479304 0.447547 0.902181 0.146662 
0.799146 0.180182 0.587194 0.216217 
0.456094 0.080043 0.532634 0.623562 
0.263725 0.730086 0.759088 0.361489 
0.370119 0.846513 0.855303 0.258430 
0.440628 0.981100 0.444639 0.294161 
0.356937 0.466576 0.392323 0.795800 
0.763576 0.759892 0.044026 0.451666 
0.168564 0.632272 0.530177 0.519260 
0.743023 0.147230 0.109662 0.903735 
0.290481 0.532294 0.597366 0.668650 
0.907301 0.144843 0.696577 0.334590 
0.450448 0.422580 0.528299 0.834643 
0.748728 0.611986 0.399276 0.302087 
0.240516 0.582830 0.431702 0.818224 
0.320819 0.683990 0.866734 0.282093 
0.686685 0.744079 0.276201 0.312037 
0.442511 0.430740 0.718714 0.312275 
0.037180 0.909441 0.261896 0.702876 
0.628099 0.137092 0.259509 0.917831 
0.499883 0.196058 0.287486 0.871925 
0.449551 0.997379 0.524461 0.088076 
0.271350 0.429690 0.262447 0.867006 
0.175595 0.974833 0.246706 0.810676 
0.611180 0.460661 0.542012 0.601522 
0.017236 0.927256 0.130683 0.971704 
0.994153 0.864207 0.049881 0.296262 
0.578414 0.161791 0.989372 0.333451 
0.593985 0.155133 0.730170 0.247733 
0.690882 0.074962 0.880116 0.086344 
0.812317 0.396685 0.511538 0.314663 
0.352875 0.485241 0.694114 0.452769 
0.359245 0.576814 0.549731 0.268853 
0.361611 0.816945 0.452925 0.514622 
0.647060 0.029760 0.747387 0.553605 
0.710572 0.856788 0.183306 0.550930 
0.182264 0.888483 0.424650 0.609753 
0.317525 0.693873 0.674070 0.652486 
0.669205 0.979929 0.297385 0.305905 
0.096420 0.943968 0.209916 0.902571 
0.502451 0.482123 0.779261 0.047376 
0.922060 0.465866 0.417126 0.159978 
0.650545 0.003550 0.782303 0.716255 
0.621066 0.290138 0.698596 0.220947 
0.471531 0.705649 0.219534 0.351142 
0.362808 0.897194 0.715787 0.129031 
0.767966 0.302612 0.322718 0.411864 
0.505506 0.513391 0.546616 0.240469 
0.302833 0.697189 0.364949 0.445599 
0.610741 0.270030 0.200464 0.759155 
0.325687 0.924575 0.646695 0.083042 
0.206025 0.940544 0.769396 0.232934 
0.047522 0.949060 0.654273 0.496758 
0.928390 0.430848 0.042085 0.513465 
0.372137 0.585208 0.972830 0.120648 
0.997124 0.299839 0.370021 0.535775 
0.373313 0.422658 0.804517 0.659612 
0.584702 0.269120 0.337388 0.683317 
0.367617 0.529485 0.694272 0.367791 
0.265628 0.258402 0.465643 0.885908 
0.011270 0.399005 0.765802 0.797039 
0.591172 0.331277 0.658320 0.365868 
0.476960 0.182135 0.517901 0.784206 
0.067673 0.927385 0.249042 0.940276 
0.553517 0.212027 0.225375 0.840403 
0.448306 0.137553 0.875538 0.608021 
0.162096 0.462811 0.599225 0.559014 
0.291228 0.769798 0.286278 0.590167 
0.706442 0.457776 0.469599 0.541671 
0.311684 0.557040 0.266088 0.993878 
0.221206 0.857463 0.732053 0.295274 
0.658719 0.160825 0.670738 0.491112 
0.779123 0.063172 0.272901 0.872475 
0.941218 0.360350 0.336178 0.471225 
0.378241 0.368104 0.270612 0.952451 
0.615149 0.806812 0.256530 0.293944 
0.173087 0.979876 0.754353 0.140742 
0.797082 0.769674 0.217396 0.274324 
0.821657 0.364036 0.438374 0.563416 
0.067875 0.185149 0.893949 0.416943 
0.890624 0.160356 0.408297 0.169231 
0.595715 0.416058 0.690462 0.474991 
0.400021 0.539732 0.231776 0.721946 
0.094072 0.370101 0.449618 0.883130 
0.436632 0.703275 0.197500 0.717180 
0.545413 0.060572 0.844257 0.398729 
0.550175 0.305339 0.654313 0.388857 
0.735521 0.437298 0.679637 0.528736 
0.439500 0.248401 0.509943 0.490991 
0.439764 0.227824 0.909511 0.326937 
0.518400 0.050208 0.349289 0.764246 
0.175038 0.458035 0.497371 0.631648 
0.594881 0.632312 0.147646 0.708319 
0.397183 0.565523 0.568159 0.566428 
0.815073 0.527685 0.658368 0.063691 
0.298546 0.314633 0.471628 0.744030 
0.537518 0.640891 0.467039 0.378906 
0.706882 0.136881 0.451855 0.708956 
0.718636 0.345876 0.910259 0.040456 
0.374653 0.600322 0.753863 0.251569 
0.574629 0.855562 0.537078 0.017783 
0.865716 0.005309 0.657003 0.356805 
0.116124 0.672353 0.235695 0.647594 
0.371717 0.360241 0.838343 0.424195 
0.976770 0.465228 0.042814 0.300057 
0.582508 0.763546 0.108158 0.525265 
0.446832 0.569318 0.265874 0.840505 
0.467581 0.375463 0.738772 0.287760 
0.852377 0.601313 0.025376 0.423957 
0.544655 0.177296 0.424471 0.769435 
0.443920 0.314830 0.902653 0.216790 
0.677072 0.650833 0.292652 0.579454 
0.738326 0.614011 0.568162 0.244609 
0.731730 0.224753 0.560005 0.587416 
0.401054 0.490904 0.389564 0.577465 
0.479902 0.857576 0.260281 0.595787 
0.333816 0.529884 0.716163 0.239316 
0.805384 0.618673 0.336286 0.365036 
0.734355 0.635290 0.156298 0.682900 
0.550711 0.444652 0.527233 0.551691 
0.946169 0.585367 0.483944 0.006939 
0.624424 0.459591 0.527000 0.430194 
0.446386 0.109664 0.716501 0.563940 
0.648854 0.248524 0.155583 0.986331 
0.228464 0.364985 0.574741 0.575553 
0.364502 0.562555 0.371016 0.551747 
0.346012 0.766244 0.142745 0.810920 
0.446454 0.439870 0.226412 0.636483 
0.664679 0.219152 0.428333 0.808392 
0.210010 0.450207 0.922637 0.238538 
0.820619 0.560802 0.197718 0.528683 
0.454282 0.561354 0.766575 0.143946 
0.708149 0.716887 0.527708 0.038346 
0.432088 0.844270 0.192210 0.742256 
0.763827 0.313160 0.529933 0.444938 
0.860132 0.278056 0.433841 0.314307 
0.852548 0.727386 0.026069 0.013070 
0.088390 0.927764 0.365624 0.761970 
0.781991 0.198005 0.393207 0.747972 
0.440193 0.463632 0.912813 0.237693 
0.448778 0.383813 0.458822 0.607334 
0.413934 0.933562 0.526996 0.150707 
0.506520 0.856748 0.448769 0.439676 
0.502445 0.320595 0.777832 0.129221 
0.882376 0.776932 0.061674 0.036718 
0.876273 0.341225 0.296000 0.572546 
0.421681 0.794271 0.195765 0.514775 
0.357486 0.993231 0.151181 0.689259 
0.480728 0.301322 0.947945 0.008547 
0.877897 0.356254 0.180593 0.491131 
0.933227 0.420606 0.326745 0.305187 
0.825797 0.260577 0.362133 0.356472 
0.399752 0.988481 0.055218 0.804137 
0.553740 0.686694 0.242107 0.534518 
0.858175 0.328682 0.467747 0.416436 
0.077671 0.540522 0.905402 0.395126 
0.368877 0.418373 0.584630 0.679980 
0.024192 0.840181 0.653135 0.743556 
0.618786 0.448134 0.752799 0.249296 
0.640735 0.743340 0.301908 0.318890 
0.521328 0.105207 0.408539 0.773766 
0.154383 0.637275 0.469788 0.586347 
0.538660 0.774666 0.000242 0.752672 
0.160479 0.547558 0.818238 0.280207 
0.384328 0.550313 0.415767 0.671007 
0.753352 0.183966 0.394751 0.393570 
0.499680 0.147099 0.373546 0.881219 
0.565704 0.012989 0.798076 0.511100 
0.371624 0.401809 0.366065 0.524820 
0.498952 0.842946 0.466464 0.227819 
0.827765 0.531705 0.466269 0.052950 
0.262981 0.851377 0.009618 0.841629 
0.362910 0.736069 0.458756 0.550796 
0.495175 0.134307 0.610508 0.775060 
0.932611 0.856468 0.316037 0.046782 
0.431602 0.723769 0.237514 0.758240 
0.691426 0.054320 0.287214 0.674157 
0.875144 0.294632 0.638287 0.113664 
0.838163 0.108982 0.377561 0.480100 
0.178068 0.084249 0.587903 0.991524 
0.248271 0.821678 0.358981 0.689040 
0.600552 0.866070 0.197826 0.642440 
0.566799 0.820216 0.571315 0.032550 
0.220243 0.500104 0.944253 0.398211 
0.513693 0.066860 0.941704 0.297820 
0.940063 0.330308 0.696888 0.075514 
0.208150 0.577600 0.295266 0.881368 
0.661341 0.365524 0.391530 0.555037 
0.576020 0.176736 0.405289 0.897447 
0.888749 0.133069 0.602110 0.415568 
0.395300 0.614375 0.384511 0.606595 
0.507536 0.382177 0.349888 0.966031 
0.625465 0.624475 0.166636 0.447026 
0.999108 0.055945 0.621128 0.301179 
0.274902 0.454812 0.818292 0.433642 
0.551079 0.210929 0.909870 0.052563 
0.854720 0.646981 0.162727 0.395297 
0.558060 0.170927 0.461024 0.792175 
0.034297 0.716424 0.399248 0.674466 
0.034304 0.224528 0.404608 0.969880 
0.787624 0.206579 0.737787 0.146338 
0.522549 0.024607 0.501977 0.846475 
0.158713 0.558783 0.515894 0.706288 
0.119223 0.934385 0.279446 0.707762 
0.910721 0.224937 0.441895 0.499352 
0.937066 0.379738 0.659583 0.126837 
0.578940 0.071993 0.777843 0.397018 
0.382979 0.300436 0.622360 0.928014 
0.659453 0.896256 0.387077 0.524458 
0.697558 0.146429 0.723824 0.337376 
0.331045 0.339010 0.584684 0.920980 
0.042524 0.846766 0.067023 0.810995 
0.471243 0.513399 0.123409 0.872062 
0.155357 0.985552 0.582124 0.493676 
0.190110 0.473901 0.918293 0.438414 
0.827292 0.194200 0.646020 0.513737 
0.621008 0.536434 0.200899 0.740047 
0.891700 0.095651 0.173793 0.783340 
0.999328 0.025365 0.875480 0.311604 
0.651761 0.370204 0.749665 0.109605 
0.494798 0.631689 0.368238 0.403564 
0.263331 0.783811 0.038014 0.947742 
0.192402 0.705918 0.639826 0.507675 
0.879836 0.142097 0.711947 0.390553 
0.823675 0.027426 0.826423 0.423579 
0.320911 0.270885 0.125623 0.953373 
0.452122 0.984834 0.378511 0.479872 
0.737042 0.210376 0.754361 0.227389 
0.270152 0.536998 0.698759 0.630233 
0.404582 0.639574 0.181612 0.820333 
0.359034 0.396702 0.765191 0.597126 
0.125147 0.629979 0.604857 0.264935 
0.761902 0.852779 0.433004 0.024474 
0.148709 0.609398 0.469399 0.847108 
0.433060 0.596650 0.699223 0.184636 
0.501525 0.291039 0.603034 0.691295 
0.321382 0.214783 0.626362 0.823148 
0.355936 0.171841 0.509613 0.796592 
0.151825 0.424902 0.680024 0.648651 
0.367325 0.121403 0.997325 0.306784 
0.501801 0.602182 0.588556 0.407883 
0.096674 0.915405 0.462331 0.449311 
0.511595 0.654654 0.116337 0.745254 
0.168194 0.601113 0.944028 0.574767 
0.576341 0.825740 0.627292 0.109178 
0.824500 0.594820 0.485835 0.159220 
0.304338 0.332877 0.764961 0.367768 
0.231145 0.624053 0.749898 0.301721 
0.055704 0.163735 0.661465 0.771484 
0.627033 0.170234 0.847837 0.421678 
0.380637 0.572270 0.634574 0.346846 
0.672433 0.461967 0.296650 0.593302 
0.835178 0.752525 0.243288 0.293355 
0.609475 0.583340 0.072545 0.913712 
0.027937 0.456888 0.538393 0.857506 
0.175008 0.964813 0.572930 0.101139 
0.243684 0.761751 0.675670 0.436899 
0.895985 0.831652 0.133046 0.205983 
0.865027 0.081332 0.859094 0.343242 
0.514227 0.253179 0.974994 0.502904 
0.544679 0.837667 0.554896 0.198782 
0.990426 0.900965 0.066545 0.036677 
0.502637 0.421003 0.351023 0.714824 
0.228373 0.294144 0.840691 0.795162 
0.649790 0.310400 0.797967 0.436055 
0.409148 0.292193 0.515257 0.576400 
0.474622 0.033885 0.872227 0.689150 
0.803897 0.856122 0.195535 0.225254 
0.140012 0.823869 0.317871 0.824420 
0.833165 0.022905 0.714003 0.358582 
0.422465 0.436641 0.432268 0.451096 
0.586494 0.431980 0.805510 0.244587 
0.888681 0.671447 0.222515 0.437088 
0.270260 0.487996 0.635085 0.371947 
0.440774 0.425583 0.249592 0.803008 
0.591859 0.222662 0.446705 0.789657 
0.867973 0.474564 0.137748 0.769480 
0.772121 0.087999 0.496357 0.381618 
0.450400 0.991997 0.405087 0.332725 
0.207935 0.159129 0.694435 0.880609 
0.396462 0.462398 0.428374 0.803387 
0.221507 0.103126 0.693749 0.954451 
0.809676 0.248124 0.790423 0.433264 
0.532946 0.833740 0.251270 0.253794 
0.406863 0.255243 0.683966 0.507352 
0.326294 0.313630 0.543753 0.668444 
0.614314 0.112101 0.404339 0.824270 
0.599255 0.556523 0.499030 0.262310 
0.320772 0.057812 0.783552 0.994270 
0.057643 0.956004 0.426339 0.421880 
0.405096 0.820177 0.420872 0.551057 
0.765469 0.785333 0.197243 0.188807 
0.783309 0.263775 0.491053 0.336802 
0.815805 0.662570 0.314597 0.295550 
0.382921 0.529014 0.382877 0.909409 
0.089263 0.234729 0.981178 0.672280 
0.001216 0.226290 0.802461 0.914361 
0.549807 0.854165 0.235870 0.303271 
0.321194 0.499352 0.618847 0.843609 
0.855788 0.327698 0.570676 0.086887 
0.619566 0.297729 0.759793 0.332262 
0.342807 0.228558 0.721891 0.936319 
0.646370 0.111552 0.428824 0.778442 
0.858307 0.196720 0.449497 0.545978 
0.655785 0.534849 0.440841 0.495914 
0.046537 0.515190 0.670997 0.732890 
0.432332 0.926102 0.183799 0.399336 
0.571394 0.173561 0.632697 0.792649 
0.262433 0.275107 0.501822 0.712222 
0.912962 0.095947 0.643434 0.502124 
0.948643 0.188022 0.438616 0.625074 
0.318708 0.399795 0.898575 0.325650 
0.874896 0.133493 0.959859 0.083244 
0.624949 0.021746 0.762957 0.565238 
0.729609 0.021556 0.346389 0.869861 
0.832152 0.613912 0.440578 0.403154 
0.320759 0.517333 0.846855 0.594283 
0.646957 0.746909 0.320031 0.264535 
0.407366 0.821846 0.236783 0.443702 
0.268756 0.453271 0.687775 0.577564 
0.572466 0.227827 0.303241 0.953160 
0.123130 0.422572 0.703112 0.860902 
0.472678 0.194508 0.093613 0.877294 
0.455964 0.668589 0.455881 0.490627 
0.769294 0.398686 0.879716 0.069749 
0.255160 0.418297 0.374110 0.955762 
0.324270 0.753197 0.444811 0.401164 
0.258146 0.409890 0.870975 0.399721 
0.045583 0.974016 0.723889 0.505660 
0.429402 0.359564 0.808805 0.002697 
0.614397 0.411287 0.216693 0.881734 
0.460648 0.083477 0.370714 0.896589 
0.159845 0.855249 0.604851 0.380500 
0.366445 0.813955 0.140300 0.599363 
0.342716 0.954755 0.021406 0.788468 
0.275751 0.475029 0.693159 0.482731 
0.728326 0.103822 0.580322 0.605672 
0.338731 0.759052 0.365016 0.642664 
0.284051 0.361368 0.679097 0.852270 
0.387813 0.111992 0.782311 0.868709 
0.040229 0.458885 0.984439 0.645949 
0.101586 0.573105 0.512448 0.819722 
0.619489 0.481363 0.444677 0.630990 
0.493504 0.251818 0.640247 0.590018 
0.934317 0.510590 0.047282 0.726121 
0.281671 0.197447 0.645627 0.855126 
0.552201 0.397402 0.715684 0.294433 
0.349368 0.582844 0.414174 0.580149 
0.303059 0.393097 0.289942 0.756985 
0.633629 0.665234 0.492463 0.213951 
0.285002 0.016904 0.914184 0.697836 
0.607769 0.268722 0.408994 0.741423 
0.383070 0.801298 0.341960 0.323145 
0.741690 0.444794 0.567058 0.158742 
0.504038 0.602274 0.485104 0.333810 
0.212323 0.589727 0.327683 0.968712 
0.160235 0.634092 0.287305 0.800092 
0.420781 0.691486 0.359385 0.583723 
0.797776 0.227473 0.246495 0.521241 
0.492249 0.968770 0.255015 0.430022 
0.085121 0.698096 0.046724 0.958939 
0.560211 0.224674 0.567919 0.928539 
0.356531 0.678121 0.001616 0.928182 
0.205641 0.747553 0.437474 0.410902 
0.292735 0.922673 0.166096 0.679017 
0.405224 0.811820 0.447830 0.231818 
0.114239 0.544376 0.762391 0.748878 
0.630643 0.368338 0.355872 0.650871 
0.506875 0.954951 0.185421 0.537617 
0.998357 0.011601 0.675120 0.288559 
0.399385 0.024632 0.927365 0.483121 
0.707430 0.631602 0.205601 0.540457 
0.224596 0.819614 0.847639 0.149946 
0.988635 0.704690 0.199380 0.231730 
0.804544 0.344516 0.824053 0.128347 
0.211081 0.362362 0.917998 0.445652 
0.356482 0.499159 0.903223 0.661066 
0.446923 0.326455 0.421917 0.374368 
0.053241 0.488094 0.384598 0.807822 
0.666363 0.432059 0.186926 0.644746 
0.837761 0.265355 0.500728 0.600253 
0.911827 0.246467 0.293555 0.544981 
0.767423 0.462391 0.753505 0.409338 
0.388736 0.729119 0.116353 0.981094 
0.658423 0.460962 0.124935 0.641456 
0.661660 0.805227 0.443930 0.158968 
0.216753 0.658214 0.438892 0.368891 
0.666843 0.222506 0.812049 0.338599 
0.351726 0.325538 0.486724 0.715974 
0.161721 0.410702 0.904709 0.585620 
0.540856 0.663137 0.208830 0.314349 
0.284824 0.944145 0.038934 0.646807 
0.836032 0.217045 0.601202 0.000199 
0.411034 0.276309 0.428383 0.995282 
0.024530 0.782230 0.580353 0.790302 
0.337097 0.613259 0.981953 0.296446 
0.531422 0.436063 0.665605 0.197988 
0.864439 0.534190 0.174882 0.411441 
0.169814 0.541068 0.502402 0.968891 
0.322352 0.924371 0.585700 0.323913 
0.078139 0.281009 0.705479 0.956625 
0.459231 0.332802 0.900714 0.492338 
0.803361 0.308953 0.694373 0.215844 
0.645771 0.295837 0.327294 0.682773 
0.794954 0.170308 0.322818 0.971654 
0.598012 0.079997 0.800877 0.172414 
0.338047 0.872912 0.396309 0.646843 
0.761404 0.114639 0.897188 0.179142 
0.450231 0.553656 0.404435 0.700080 
0.622087 0.309514 0.349981 0.648887 
0.938956 0.532077 0.430386 0.057120 
0.357856 0.894382 0.656289 0.061696 
0.370945 0.769844 0.695019 0.175390 
0.651139 0.185712 0.674955 0.143038 
0.123817 0.807469 0.125850 0.774635 
0.854909 0.408672 0.012581 0.392006 
0.459815 0.447204 0.874431 0.371192 
0.660091 0.315843 0.640676 0.380184 
0.547348 0.794410 0.262714 0.216192 
0.683588 0.661667 0.122384 0.137393 
0.511480 0.857000 0.710272 0.172717 
0.768948 0.255504 0.968616 0.235365 
0.190396 0.454125 0.394469 0.648641 
0.362246 0.672523 0.258228 0.631206 
0.526443 0.772590 0.103096 0.583082 
0.693080 0.453210 0.702467 0.179958 
0.079346 0.457880 0.968516 0.631408 
0.084748 0.706776 0.574361 0.670084 
0.412360 0.935079 0.241592 0.492398 
0.198655 0.765081 0.492844 0.389588 
0.822129 0.797781 0.358467 0.096610 
0.413362 0.599526 0.114929 0.852719 
0.606576 0.897766 0.512479 0.026533 
0.584227 0.250462 0.073676 0.806620 
0.822464 0.386971 0.888621 0.070353 
0.849834 0.550327 0.137663 0.814446 
0.615476 0.497418 0.399207 0.568100 
0.409555 0.668565 0.109239 0.867548 
0.984442 0.249771 0.955111 0.004773 
0.853546 0.201200 0.515411 0.730826 
0.686583 0.876194 0.331182 0.238889 
0.738133 0.250689 0.567018 0.390153 
0.466572 0.918245 0.100935 0.534470 
0.704163 0.461098 0.142027 0.565616 
0.595735 0.859931 0.421024 0.255193 
0.540519 0.231197 0.376376 0.583923 
0.725139 0.309471 0.843832 0.342431 
0.938940 0.255436 0.109366 0.434424 
0.854844 0.531729 0.601875 0.176341 
0.314199 0.982406 0.348551 0.372099 
0.325655 0.702864 0.763481 0.317537 
0.168163 0.478849 0.747378 0.931744 
0.628161 0.168835 0.506066 0.745326 
0.910540 0.157058 0.035520 0.586965 
0.109051 0.656699 0.900599 0.382994 
0.309791 0.694345 0.257421 0.929198 
0.969115 0.664943 0.088729 0.321243 
0.936155 0.035934 0.009232 0.993350 
0.885398 0.315783 0.751376 0.185862 
0.510752 0.113765 0.713277 0.427598 
0.710256 0.016124 0.971363 0.383742 
0.935497 0.003426 0.899349 0.357859 
0.421743 0.213590 0.784988 0.621987 
0.930709 0.306755 0.796276 0.165418 
0.131205 0.652595 0.457896 0.854811 
0.202235 0.375640 0.760491 0.591973 
0.636300 0.488698 0.947369 0.029469 
0.508399 0.572578 0.010599 0.743202 
0.906585 0.000146 0.676239 0.110662 
0.332816 0.857283 0.132370 0.424746 
0.270077 0.627842 0.696301 0.358544 
0.709559 0.196049 0.762816 0.201780 
0.204793 0.847066 0.299099 0.936811 
0.091388 0.637735 0.773850 0.483297 
0.027492 0.725247 0.495668 0.734648 
0.599529 0.303029 0.737365 0.413061 
0.130687 0.817657 0.180627 0.658055 
0.798916 0.312346 0.748008 0.210474 
0.545235 0.599115 0.295083 0.833079 
0.774667 0.867511 0.158933 0.368617 
0.144172 0.323636 0.772101 0.840800 
0.126917 0.918819 0.339303 0.376978 
0.334718 0.699712 0.578212 0.463142 
0.556224 0.664506 0.057029 0.882299 
0.127828 0.779305 0.377562 0.827692 
0.373553 0.876070 0.612603 0.195041 
0.481386 0.336863 0.771464 0.512303 
0.511423 0.571681 0.513037 0.438087 
0.925160 0.117806 0.562016 0.335671 
0.218504 0.291437 0.652215 0.861994 
0.357120 0.383510 0.896871 0.295459 
0.134442 0.988998 0.355304 0.410651 
0.376568 0.456359 0.202409 0.868767 
0.894191 0.366995 0.938577 0.041094 
0.246668 0.156735 0.888186 0.801346 
0.602522 0.098193 0.401832 0.502584 
0.423884 0.132400 0.518473 0.765241 
0.418858 0.597013 0.536605 0.130996 
0.439961 0.681063 0.230947 0.789038 
0.654310 0.706864 0.189009 0.564016 
0.560786 0.823886 0.746253 0.017669 
0.635390 0.742574 0.313843 0.493714 
0.531828 0.764146 0.750010 0.031901 
0.736043 0.245817 0.657715 0.410832 
0.007801 0.380040 0.841404 0.392747 
0.726315 0.478901 0.078618 0.860796 
0.756248 0.378781 0.897063 0.061806 
0.422813 0.676506 0.568153 0.467946 
0.607196 0.298086 0.310067 0.773699 
0.423843 0.405853 0.479510 0.649966 
0.175058 0.782270 0.915713 0.121608 
0.547133 0.007277 0.844462 0.738959 
0.172714 0.290185 0.864988 0.672142 
0.004079 0.956435 0.689586 0.294951 
0.391921 0.306745 0.354950 0.851703 
0.092727 0.711874 0.858301 0.483597 
0.125489 0.636894 0.635702 0.892435 
0.585126 0.663612 0.157055 0.324251 
0.871285 0.145200 0.844307 0.208769 
0.305996 0.585929 0.456847 0.480818 
0.441855 0.571128 0.513073 0.621806 
0.746675 0.006602 0.181911 0.966359 
0.032019 0.528369 0.907802 0.545866 
0.141715 0.603056 0.679590 0.406306 
0.981151 0.063805 0.665099 0.183656 
0.794025 0.265679 0.668516 0.174141 
0.754575 0.325855 0.783609 0.129926 
0.799842 0.759119 0.166595 0.450954 
0.425891 0.483500 0.357478 0.881887 
0.775650 0.553804 0.076593 0.355331 
0.294189 0.632895 0.528864 0.627240 
0.793336 0.046475 0.435477 0.643216 
0.386545 0.573373 0.007417 0.866073 
0.594349 0.191297 0.363029 0.901816 
0.680124 0.051350 0.839918 0.467249 
0.470192 0.243958 0.661504 0.460514 
0.668970 0.757189 0.220064 0.448755 
0.424106 0.667769 0.223142 0.589300 
0.089421 0.056244 0.831487 0.956338 
0.515870 0.804550 0.085759 0.719907 
0.055772 0.678906 0.350005 0.595566 
0.909676 0.489781 0.359582 0.152952 
0.035502 0.886727 0.514933 0.435506 
0.250950 0.461910 0.994169 0.156537 
0.478847 0.704228 0.073507 0.870380 
0.227843 0.546645 0.225149 0.909027 
0.279211 0.277897 0.964433 0.686240 
0.487688 0.159851 0.795884 0.676392 
0.088206 0.943712 0.034339 0.724278 
0.435151 0.181311 0.629157 0.843792 
0.277452 0.719394 0.120018 0.954983 
0.200931 0.625822 0.121108 0.798044 
0.007647 0.727566 0.294640 0.877699 
0.461306 0.795327 0.553921 0.308354 
0.755060 0.394477 0.132550 0.438733 
0.806968 0.698893 0.637312 0.028706 
0.474535 0.772977 0.120882 0.718822 
0.625208 0.668543 0.225264 0.461764 
0.326667 0.634810 0.829297 0.135595 
0.578502 0.087886 0.792331 0.523172 
0.851112 0.572796 0.313395 0.092023 
0.355801 0.680255 0.437512 0.159814 
0.027482 0.790992 0.184818 0.993996 
0.464195 0.399278 0.150935 0.987690 
0.602422 0.648352 0.110110 0.427986 
0.356324 0.997017 0.270757 0.591077 
0.456124 0.705864 0.041262 0.687299 
0.188710 0.832985 0.187320 0.781960 
0.658546 0.293180 0.275365 0.845571 
0.672373 0.315264 0.575644 0.568567 
0.289749 0.632800 0.898863 0.230626 
0.671721 0.385229 0.709539 0.128248 
0.611194 0.706843 0.523898 0.087577 
0.191603 0.399985 0.925043 0.499918 
0.422176 0.325338 0.859208 0.242847 
0.619206 0.172215 0.664492 0.224907 
0.725064 0.007434 0.850823 0.709406 
0.246115 0.600541 0.248976 0.962834 
0.761604 0.267767 0.347525 0.358048 
0.248173 0.043572 0.991288 0.661317 
0.339382 0.192824 0.872440 0.561812 
0.552038 0.517287 0.146353 0.569000 
0.358461 0.339002 0.303521 0.683240 
0.410707 0.833708 0.281489 0.677491 
0.294723 0.326724 0.700532 0.555539 
0.747274 0.704059 0.408839 0.200278 
0.722960 0.261889 0.697395 0.226194 
0.860576 0.109737 0.888584 0.170959 
0.936461 0.203875 0.652499 0.477896 
0.430835 0.650302 0.235824 0.514781 
0.879585 0.066855 0.821730 0.297539 
0.594358 0.231516 0.486620 0.753812 
0.299721 0.081433 0.823388 0.926083 
0.075111 0.955692 0.240364 0.587258 
0.205035 0.368849 0.782751 0.410300 
0.788785 0.131660 0.160380 0.937985 
0.402237 0.314281 0.077331 0.944294 
0.373618 0.452793 0.372427 0.539631 
0.659845 0.537740 0.671461 0.141537 
0.601130 0.035760 0.843251 0.604856 
0.715879 0.600406 0.305187 0.017340 
0.560839 0.563092 0.737609 0.004388 
0.381214 0.581611 0.195326 0.763808 
0.273721 0.783498 0.783039 0.025465 
0.056794 0.258450 0.709719 0.675855 
0.127901 0.604551 0.455490 0.897735 
0.456862 0.373041 0.554311 0.228086 
0.549023 0.259546 0.603377 0.364415 
0.781061 0.225757 0.757779 0.065518 
0.258439 0.870062 0.303124 0.677249 
0.562692 0.314467 0.759669 0.325563 
0.093140 0.619740 0.979840 0.486909 
0.365846 0.643397 0.477992 0.657744 
0.529531 0.500913 0.692643 0.075732 
0.299168 0.452635 0.415000 0.976496 
0.955371 0.894598 0.193768 0.247650 
0.340003 0.572686 0.477366 0.500793 
0.849202 0.045150 0.353501 0.561131 
0.474786 0.271870 0.483559 0.735399 
0.527068 0.787683 0.141406 0.650329 
0.178321 0.445948 0.448291 0.719009 
0.235984 0.322954 0.936366 0.374014 
0.480632 0.864773 0.515625 0.293877 
0.792886 0.557703 0.405134 0.187615 
0.303398 0.347691 0.960643 0.575130 
0.741151 0.848591 0.277987 0.114151 
0.956750 0.288119 0.528042 0.252127 
0.858136 0.296371 0.265384 0.586141 
0.488578 0.494797 0.205959 0.822641 
0.591308 0.056142 0.495787 0.816427 
0.065305 0.767974 0.514008 0.465258 
0.107759 0.745691 0.048364 0.995484 
0.414414 0.800266 0.475073 0.672873 
0.566078 0.358355 0.682184 0.510056 
0.944238 0.096684 0.822194 0.173187 
0.294160 0.399706 0.371830 0.716860 
0.932133 0.076148 0.995084 0.058911 
0.982289 0.018889 0.351259 0.527232 
0.837286 0.556095 0.317897 0.124096 
0.362466 0.555528 0.843761 0.130063 
0.119011 0.162344 0.754192 0.888405 
0.479537 0.149813 0.944185 0.398913 
0.671763 0.366727 0.704792 0.259246 
0.297715 0.407233 0.418250 0.675472 
0.819957 0.406340 0.087756 0.811513 
0.243844 0.490458 0.583598 0.464145 
0.572524 0.743580 0.639676 0.391306 
0.248073 0.608855 0.871126 0.301256 
0.360867 0.522489 0.598748 0.734628 
0.541887 0.659175 0.113420 0.503098 
0.431657 0.373003 0.830274 0.402122 
0.198174 0.057348 0.943914 0.788891 
0.287449 0.626394 0.170225 0.714384 
0.285691 0.588290 0.186594 0.903135 
0.115101 0.445060 0.684298 0.986296 
0.879737 0.641655 0.555712 0.127886 
0.801917 0.261156 0.667083 0.378762 
0.636647 0.141347 0.302994 0.947570 
0.806691 0.337418 0.517132 0.147003 
0.406515 0.703441 0.774411 0.412231 
0.571482 0.796614 0.692646 0.001065 
0.099723 0.765698 0.583103 0.566862 
0.577630 0.272435 0.473503 0.773057 
0.775583 0.171109 0.685014 0.675011 
0.664110 0.328515 0.121955 0.772822 
0.067474 0.619893 0.894462 0.562273 
0.044665 0.982317 0.140782 0.683011 
0.260648 0.536220 0.078381 0.875706 
0.797822 0.282609 0.047995 0.912525 
0.559727 0.422931 0.540916 0.391343 
0.440045 0.315416 0.845681 0.534053 
0.593482 0.696969 0.443091 0.420361 
0.721170 0.842044 0.678120 0.044202 
0.774622 0.077837 0.327901 0.860110 
0.546545 0.856128 0.038482 0.515801 
0.946867 0.211843 0.633316 0.376207 
0.076979 0.994996 0.069660 0.936035 
0.489327 0.751431 0.299785 0.549397 
0.437895 0.303383 0.317518 0.754937 
0.511710 0.346128 0.679370 0.557362 
0.871843 0.353106 0.780127 0.241407 
0.318817 0.855809 0.621477 0.303753 
0.553031 0.432291 0.250531 0.783395 
0.467518 0.310679 0.187295 0.881038 
0.507849 0.434363 0.419990 0.647866 
0.275894 0.595356 0.613888 0.375743 
0.477523 0.571933 0.134393 0.831578 
0.323011 0.213786 0.836125 0.609422 
0.793600 0.523673 0.469964 0.031254 
0.481798 0.763770 0.755996 0.030527 
0.656944 0.874108 0.071336 0.505885 
0.497637 0.186800 0.944561 0.136500 
0.184009 0.586821 0.561112 0.782033 
0.361720 0.514965 0.242038 0.929396 
0.052671 0.660508 0.365286 0.753041 
0.233404 0.579462 0.558397 0.998452 
0.616255 0.338671 0.533661 0.236362 
0.292913 0.462243 0.499156 0.590740 
0.406863 0.590067 0.144672 0.791885 
0.405584 0.935273 0.094084 0.542565 
0.373003 0.317130 0.540858 0.442845 
0.079548 0.498677 0.758381 0.785868 
0.513124 0.631573 0.595512 0.469050 
0.746012 0.038290 0.549738 0.520140 
0.544622 0.807691 0.218713 0.299164 
0.741216 0.555756 0.287508 0.252617 
0.399108 0.121975 0.876541 0.911251 
0.317874 0.523794 0.485102 0.809151 
0.293991 0.334493 0.821704 0.418149 
0.207497 0.673298 0.417994 0.469820 
0.142594 0.404700 0.531962 0.874402 
0.560760 0.590296 0.219492 0.540654 
0.046251 0.590240 0.834790 0.778008 
0.254831 0.831770 0.358945 0.509891 
0.233512 0.571265 0.427792 0.984208 
0.186453 0.612347 0.417930 0.534970 
0.882003 0.274826 0.502578 0.211710 
0.970629 0.450907 0.516242 0.103938 
0.621602 0.822237 0.176767 0.386626 
0.512682 0.095950 0.577200 0.788637 
0.215242 0.507876 0.610991 0.386820 
0.272749 0.490277 0.705674 0.312668 
0.468643 0.559727 0.744256 0.033158 
0.410113 0.820991 0.660384 0.111458 
0.474919 0.143465 0.430949 0.769139 
0.306210 0.151938 0.689533 0.770356 
0.603397 0.239563 0.246992 0.840121 
0.868121 0.296627 0.242839 0.651411 
0.944710 0.722277 0.453098 0.282264 
0.702692 0.711636 0.256429 0.054974 
0.802555 0.331546 0.393315 0.215408 
0.898694 0.199771 0.246513 0.816256 
0.761524 0.633541 0.174075 0.249556 
0.827978 0.781569 0.108508 0.300207 
0.682893 0.631503 0.072762 0.805597 
0.994516 0.267531 0.167865 0.653549 
0.550184 0.531991 0.646632 0.128003 
0.791587 0.306238 0.015189 0.764791 
0.894388 0.093094 0.439538 0.369627 
0.608605 0.236821 0.871083 0.480426 
0.370253 0.514622 0.494719 0.682699 
0.777394 0.758236 0.243374 0.721730 
0.468823 0.422923 0.890380 0.079313 
0.074331 0.506195 0.937899 0.351984 
0.299930 0.267086 0.947597 0.471565 
0.305183 0.177678 0.656859 0.699609 
0.579856 0.343538 0.288940 0.698877 
0.024481 0.771308 0.464293 0.899568 
0.011382 0.231689 0.734598 0.883640 
0.859235 0.513255 0.222422 0.446413 
0.461560 0.396567 0.326237 0.400258 
0.839148 0.497525 0.482830 0.113565 
0.368961 0.309254 0.722588 0.375124 
0.426120 0.168689 0.604411 0.769034 
0.630285 0.007632 0.822004 0.370650 
0.983644 0.470794 0.444832 0.338105 
0.234886 0.975362 0.885664 0.182929 
0.546163 0.917728 0.054140 0.108845 
0.451709 0.276797 0.949147 0.336325 
0.428452 0.445420 0.357290 0.716517 
0.033631 0.955679 0.226598 0.891072 
0.567959 0.442116 0.657783 0.135154 
0.773236 0.092757 0.400014 0.960832 
0.581531 0.696649 0.692956 0.292041 
0.659870 0.842944 0.009462 0.404984 
0.919710 0.291175 0.243576 0.357234 
0.423673 0.500552 0.365569 0.665339 
0.486099 0.373791 0.674372 0.440737 
0.149674 0.492140 0.610180 0.884715 
0.465584 0.725143 0.974291 0.068138 
0.439519 0.179901 0.961767 0.305702 
0.908887 0.640004 0.046244 0.365227 
0.868936 0.147131 0.501332 0.247859 
0.745131 0.155545 0.681794 0.769953 
0.496831 0.390583 0.705640 0.084266 
0.455375 0.678866 0.335667 0.738973 
0.775085 0.845122 0.412991 0.205625 
0.321235 0.906004 0.597808 0.379327 
0.858700 0.438913 0.232040 0.899552 
0.391712 0.908185 0.128451 0.891825 
0.300541 0.362752 0.860277 0.152581 
0.448536 0.620004 0.755482 0.371659 
0.578420 0.579868 0.245805 0.793149 
0.923441 0.174039 0.331108 0.592548 
0.487328 0.525180 0.783382 0.071481 
0.000910 0.329428 0.655472 0.873129 
0.644204 0.794231 0.356050 0.041770 
0.145091 0.233513 0.826994 0.863465 
0.477142 0.570444 0.607528 0.469366 
0.358861 0.924187 0.613625 0.143571 
0.660039 0.142263 0.841449 0.198465 
0.472170 0.971968 0.478755 0.121348 
0.340676 0.378441 0.128667 0.947177 
0.373331 0.478563 0.519204 0.686734 
0.605084 0.100183 0.681396 0.595102 
0.415466 0.841530 0.577754 0.237800 
0.374927 0.789876 0.901420 0.055188 
0.586234 0.451584 0.219978 0.777426 
0.251816 0.654917 0.022846 0.993383 
0.164483 0.807598 0.636764 0.587648 
0.380821 0.654369 0.235943 0.591653 
0.883201 0.752725 0.241114 0.088530 
0.669229 0.600060 0.209307 0.713486 
0.493667 0.552433 0.372594 0.741424 
0.639860 0.471231 0.359098 0.739700 
0.928865 0.117494 0.612401 0.643464 
0.799255 0.512963 0.413810 0.231276 
0.414187 0.456868 0.577562 0.559124 
0.788289 0.342840 0.674886 0.236639 
0.432923 0.027318 0.781483 0.573149 
0.440646 0.440721 0.734554 0.283621 
0.286000 0.649198 0.164423 0.933084 
0.648199 0.419988 0.407377 0.718680 
0.968444 0.307329 0.052677 0.688388 
0.081215 0.817136 0.624835 0.598991 
0.822184 0.344430 0.933760 0.286523 
0.618858 0.802571 0.174409 0.059415 
0.082094 0.756126 0.633024 0.481074 
0.280198 0.283524 0.774057 0.398784 
0.194750 0.377884 0.663274 0.626480 
0.776461 0.626157 0.363263 0.320966 
0.587269 0.204220 0.262620 0.997607 
0.899031 0.586308 0.113216 0.161889 
0.783416 0.258095 0.247174 0.702472 
0.857941 0.700759 0.568420 0.092161 
0.000598 0.981736 0.213938 0.845106 
0.370630 0.756363 0.480742 0.284650 
0.721902 0.386949 0.595015 0.512283 
0.422052 0.471372 0.274845 0.733351 
0.583624 0.455116 0.453537 0.716296 
0.593189 0.768122 0.565800 0.386544 
0.226154 0.672472 0.189853 0.928433 
0.708717 0.498778 0.649246 0.260826 
0.416062 0.781803 0.362674 0.679161 
0.211539 0.334387 0.445016 0.881674 
0.697514 0.255242 0.655074 0.472809 
0.919824 0.049568 0.651862 0.272361 
0.613927 0.594361 0.140054 0.603826 
0.955093 0.529600 0.662067 0.265815 
0.067075 0.593786 0.948783 0.503792 
0.522016 0.466030 0.951490 0.238800 
0.563741 0.289370 0.813430 0.452175 
0.733894 0.272864 0.410071 0.865777 
0.826172 0.255784 0.354569 0.434501 
0.227924 0.814204 0.785139 0.393986 
0.839359 0.019172 0.653696 0.336791 
0.622396 0.180126 0.398279 0.452182 
0.426994 0.293047 0.688213 0.921218 
0.547778 0.928926 0.513394 0.001734 
0.606872 0.422379 0.329570 0.638347 
0.559476 0.598133 0.612958 0.219343 
0.461421 0.733710 0.229452 0.530531 
0.035633 0.458469 0.705191 0.762988 
0.287325 0.667963 0.398541 0.743028 
0.185524 0.603086 0.915467 0.147907 
0.263577 0.594935 0.546959 0.759938 
0.561048 0.192666 0.544213 0.696119 
0.026775 0.375090 0.727965 0.840626 
0.766116 0.380132 0.534776 0.057246 
0.365497 0.758680 0.710655 0.098186 
0.243459 0.327588 0.613861 0.964804 
0.307367 0.622892 0.871135 0.587449 
0.212287 0.786337 0.309654 0.621541 
0.933779 0.138827 0.118674 0.558650 
0.911364 0.091742 0.358958 0.747196 
0.040925 0.430849 0.686380 0.950648 
0.367783 0.110815 0.746345 0.690476 
0.626387 0.311219 0.336504 0.887264 
0.373304 0.527609 0.020342 0.995533 
0.173411 0.279385 0.600691 0.857638 
0.147242 0.917239 0.467739 0.353629 
0.039696 0.616042 0.899873 0.203419 
0.944626 0.116567 0.435417 0.428833 
0.188025 0.068167 0.926322 0.827433 
0.766026 0.572841 0.271372 0.251972 
0.613261 0.434897 0.817979 0.120106 
0.414271 0.574369 0.678234 0.254504 
0.649358 0.326982 0.704093 0.361516 
0.663590 0.112329 0.676100 0.474781 
0.158753 0.902371 0.382623 0.587135 
0.557560 0.091191 0.308526 0.910601 
0.073849 0.941927 0.813088 0.237273 
0.473420 0.472328 0.730790 0.225309 
0.387998 0.820228 0.075270 0.525408 
0.891345 0.422101 0.564401 0.052753 
0.185342 0.618635 0.490046 0.578543 
0.043892 0.810936 0.693525 0.496619 
0.759468 0.175097 0.729665 0.122309 
0.893578 0.350416 0.676597 0.024118 
0.060044 0.340647 0.524344 0.929871 
0.165663 0.537191 0.693619 0.434262 
0.509998 0.533688 0.140162 0.521491 
0.425436 0.789868 0.533066 0.436561 
0.529570 0.673951 0.426989 0.551906 
