2000 4
0.452900 0.269729 0.348513 0.447500 
0.701454 0.583457 0.730241 0.614658 
0.420442 0.322937 0.456946 0.408965 
0.662917 0.515665 0.673982 0.668094 
0.484283 0.584972 0.449870 0.651490 
0.703334 0.570074 0.566708 0.506238 
0.294005 0.345329 0.397905 0.357322 
0.516779 0.290553 0.649653 0.320270 
0.604450 0.500271 0.765217 0.489871 
0.461184 0.773265 0.706299 0.412046 
0.281482 0.386740 0.376615 0.513264 
0.504204 0.184981 0.409223 0.535668 
0.742564 0.668694 0.705382 0.565883 
0.475203 0.652985 0.373942 0.700680 
0.428706 0.441280 0.518581 0.381115 
0.364774 0.542916 0.311817 0.436897 
0.354215 0.380747 0.327336 0.236126 
0.463423 0.514815 0.685632 0.651912 
0.539947 0.426686 0.585370 0.409224 
0.351871 0.681980 0.423684 0.579994 
0.408277 0.402165 0.471454 0.545712 
0.569750 0.421405 0.604791 0.515478 
0.329517 0.466244 0.461930 0.203604 
0.629100 0.599635 0.402945 0.761118 
0.813613 0.752901 0.854504 0.665875 
0.298380 0.327319 0.313656 0.223553 
0.563274 0.542890 0.602382 0.559773 
0.592585 0.521631 0.340079 0.519454 
0.644682 0.812295 0.718359 0.751467 
0.524545 0.433782 0.555149 0.687578 
0.637212 0.783052 0.664124 0.812348 
0.653890 0.408938 0.419642 0.633139 
0.710529 0.582290 0.450168 0.392132 
0.812052 0.715796 0.689450 0.746815 
0.686845 0.495592 0.639384 0.419259 
0.375987 0.463102 0.329928 0.494170 
0.526013 0.633991 0.719318 0.513284 
0.716107 0.788102 0.699693 0.707413 
0.742000 0.407784 0.559996 0.554919 
0.684420 0.722202 0.593121 0.615180 
0.317809 0.641563 0.341795 0.417678 
0.535379 0.674985 0.584637 0.723389 
0.734978 0.588682 0.743475 0.507845 
0.596376 0.378711 0.642215 0.613999 
0.472297 0.428208 0.254912 0.684243 
0.526577 0.542939 0.660589 0.451931 
0.435195 0.646546 0.591617 0.466871 
0.483818 0.434372 0.580738 0.525283 
0.275534 0.494781 0.463845 0.499183 
0.725758 0.696131 0.826417 0.640748 
0.488177 0.373711 0.715001 0.670770 
0.390122 0.513711 0.537736 0.383634 
0.652552 0.567998 0.520747 0.600440 
0.344630 0.553291 0.395948 0.551241 
0.668348 0.643751 0.719730 0.669886 
0.472899 0.472200 0.661876 0.530253 
0.401924 0.651734 0.578460 0.506174 
0.482463 0.269147 0.361559 0.272495 
0.345503 0.128956 0.503721 0.240672 
0.277144 0.358551 0.443902 0.470245 
0.302622 0.463011 0.673609 0.538926 
0.525997 0.707938 0.575215 0.780841 
0.359960 0.251990 0.236055 0.354325 
0.621625 0.397774 0.667088 0.375014 
0.377624 0.293329 0.455540 0.548776 
0.711744 0.572949 0.632610 0.352170 
0.434065 0.552087 0.549698 0.297260 
0.420218 0.457931 0.472266 0.440993 
0.403625 0.506902 0.586217 0.400327 
0.452084 0.593104 0.459670 0.596053 
0.420608 0.418548 0.486787 0.413014 
0.255345 0.361159 0.224794 0.280717 
0.526069 0.381486 0.562829 0.532320 
0.888425 0.886203 0.917297 0.930009 
0.497286 0.463225 0.483700 0.419781 
0.538691 0.532405 0.734393 0.639357 
0.324914 0.367074 0.330806 0.421945 
0.413958 0.300686 0.456272 0.416743 
0.578565 0.623947 0.625281 0.447764 
0.420440 0.425183 0.334615 0.584297 
0.250339 0.194215 0.233658 0.250964 
0.726375 0.786423 0.682946 0.857410 
0.728698 0.602129 0.677197 0.587012 
0.796708 0.373909 0.471218 0.568868 
0.602639 0.648565 0.735505 0.744499 
0.435498 0.349788 0.268731 0.356130 
0.503619 0.456462 0.424531 0.534235 
0.621555 0.733367 0.442338 0.386783 
0.221865 0.403306 0.187977 0.600714 
0.520183 0.518073 0.453587 0.664165 
0.496863 0.750429 0.682030 0.671105 
0.636422 0.481164 0.507088 0.372389 
0.452521 0.715615 0.326215 0.583550 
0.443976 0.147147 0.440451 0.470347 
0.404488 0.490310 0.408287 0.588947 
0.092492 0.539798 0.622725 0.704074 
0.115172 0.095330 0.082802 0.123098 
0.375749 0.332141 0.535660 0.357197 
0.369711 0.654251 0.372924 0.737056 
0.320871 0.378841 0.345048 0.544589 
0.474212 0.596152 0.206068 0.526617 
0.356634 0.291030 0.235428 0.486224 
0.136581 0.221489 0.178588 0.255336 
0.336322 0.373109 0.374128 0.428288 
0.567101 0.386838 0.429674 0.419748 
0.400145 0.373335 0.437763 0.280057 
0.308766 0.199763 0.324971 0.162213 
0.538703 0.326998 0.343447 0.367017 
0.448232 0.386606 0.690660 0.616599 
0.604148 0.515387 0.693086 0.530292 
0.410123 0.348300 0.272687 0.435668 
0.444315 0.192636 0.513939 0.375438 
0.588711 0.629049 0.699414 0.693195 
0.565986 0.649583 0.414243 0.763523 
0.517181 0.472574 0.597464 0.728300 
0.560329 0.582969 0.706445 0.577610 
0.596497 0.292196 0.347779 0.474532 
0.775692 0.601549 0.711051 0.554744 
0.274395 0.260854 0.268023 0.486944 
0.658322 0.703797 0.630018 0.643521 
0.495981 0.473189 0.616824 0.565694 
0.545379 0.403457 0.524208 0.393024 
0.609273 0.654191 0.506919 0.509142 
0.502154 0.389131 0.663142 0.380339 
0.417969 0.596941 0.525263 0.757460 
0.419855 0.312693 0.464240 0.373441 
0.690703 0.656314 0.739955 0.716785 
0.393549 0.437146 0.458113 0.500410 
0.595082 0.398113 0.743127 0.451145 
0.456840 0.490907 0.564200 0.482132 
0.632499 0.616187 0.693844 0.557438 
0.426886 0.486796 0.432950 0.510275 
0.628467 0.415092 0.534581 0.303613 
0.562623 0.839417 0.609226 0.444984 
0.547646 0.846031 0.571976 0.752609 
0.308705 0.610587 0.522142 0.656390 
0.359000 0.580544 0.550793 0.536696 
0.353577 0.645235 0.693518 0.430641 
0.541986 0.191678 0.399024 0.296195 
0.435024 0.513154 0.580886 0.555746 
0.543947 0.466818 0.436133 0.398566 
0.647395 0.763410 0.801998 0.796841 
0.520386 0.531082 0.545697 0.555535 
0.693988 0.529390 0.751082 0.577869 
0.566259 0.561785 0.234584 0.637653 
0.535924 0.688631 0.670618 0.776319 
0.340171 0.460586 0.485154 0.661376 
0.367413 0.362002 0.471342 0.346341 
0.512237 0.411199 0.589118 0.331086 
0.786587 0.614303 0.725663 0.673492 
0.532953 0.645148 0.531889 0.675571 
0.345582 0.507752 0.421581 0.607734 
0.390449 0.321462 0.302851 0.331376 
0.581188 0.640755 0.712953 0.675678 
0.828380 0.884746 0.849063 0.852702 
0.674252 0.410911 0.726532 0.578763 
0.736540 0.846464 0.736837 0.734207 
0.722316 0.644439 0.590814 0.637987 
0.434740 0.257181 0.412336 0.322120 
0.315758 0.456998 0.250106 0.485232 
0.654581 0.491805 0.279361 0.530591 
0.246840 0.289035 0.301820 0.166914 
0.628395 0.443466 0.295610 0.464073 
0.473917 0.568312 0.576790 0.524521 
0.654706 0.615615 0.757549 0.625237 
0.493206 0.866589 0.591534 0.747447 
0.410821 0.507101 0.406741 0.508635 
0.498443 0.566826 0.658139 0.463867 
0.446996 0.641616 0.629058 0.734578 
0.828676 0.845585 0.833821 0.861884 
0.605828 0.610352 0.437947 0.546980 
0.513825 0.353512 0.241133 0.432530 
0.448653 0.547780 0.355659 0.377494 
0.251541 0.625361 0.475936 0.438679 
0.693908 0.383696 0.566920 0.313575 
0.369413 0.558246 0.354804 0.665137 
0.645734 0.614101 0.472982 0.621920 
0.232372 0.280589 0.277869 0.334940 
0.564441 0.615541 0.613583 0.505911 
0.371065 0.393392 0.173144 0.461817 
0.974661 0.968998 0.968785 0.975104 
0.226909 0.382236 0.243055 0.426834 
0.688019 0.782091 0.744931 0.721418 
0.280017 0.261710 0.413799 0.268223 
0.683294 0.781425 0.407010 0.500520 
0.565748 0.772371 0.560927 0.752714 
0.221069 0.321555 0.357665 0.450963 
0.432491 0.629645 0.305469 0.484948 
0.455743 0.595721 0.336584 0.746526 
0.656993 0.582332 0.453785 0.629471 
0.623482 0.674584 0.696838 0.804443 
0.070710 0.133947 0.080206 0.124072 
0.599591 0.555361 0.447209 0.559741 
0.290101 0.337950 0.392598 0.457576 
0.433137 0.777344 0.321488 0.510738 
0.675973 0.627725 0.628361 0.455127 
0.708165 0.793828 0.796411 0.750455 
0.496704 0.408118 0.331802 0.437592 
0.267031 0.633843 0.511005 0.619320 
0.422342 0.627825 0.735900 0.651321 
0.765601 0.710691 0.862019 0.680733 
0.558647 0.479257 0.537244 0.615867 
0.393433 0.614624 0.280007 0.714943 
0.588945 0.499497 0.385992 0.249665 
0.599612 0.472074 0.483775 0.439138 
0.520835 0.518648 0.250555 0.534133 
0.792530 0.633216 0.792382 0.824362 
0.433529 0.333698 0.419134 0.297633 
0.491851 0.365231 0.308250 0.352776 
0.273665 0.166212 0.404711 0.275395 
0.393435 0.580944 0.348135 0.558895 
0.714495 0.685054 0.789294 0.585318 
0.699439 0.687116 0.858896 0.793808 
0.636453 0.687065 0.427457 0.595104 
0.318077 0.543808 0.213875 0.870223 
0.456622 0.527836 0.550516 0.734865 
0.523284 0.459033 0.621182 0.463040 
0.586483 0.557558 0.321443 0.668103 
0.697044 0.364470 0.388028 0.381821 
0.567699 0.604492 0.732792 0.730796 
0.862985 0.577537 0.564974 0.673704 
0.753183 0.623175 0.648559 0.722311 
0.387348 0.386551 0.619077 0.368336 
0.768887 0.457385 0.519758 0.478289 
0.636108 0.609872 0.576563 0.306480 
0.750106 0.637049 0.486098 0.597876 
0.409026 0.493294 0.610830 0.679256 
0.413853 0.663518 0.216847 0.596359 
0.426019 0.541486 0.520560 0.464468 
0.460395 0.709970 0.619203 0.627469 
0.227257 0.238200 0.220550 0.157378 
0.165116 0.181591 0.168432 0.165535 
0.672661 0.819323 0.560012 0.714123 
0.689183 0.730519 0.676237 0.683277 
0.472699 0.442253 0.649414 0.639077 
0.349431 0.596284 0.432016 0.655307 
0.637113 0.286166 0.426122 0.418826 
0.361109 0.365719 0.285288 0.337890 
0.416760 0.260991 0.398377 0.342464 
0.375369 0.286006 0.302230 0.337979 
0.475780 0.469818 0.435533 0.384207 
0.434108 0.599742 0.680987 0.436417 
0.453307 0.582603 0.592781 0.686495 
0.293192 0.174499 0.289424 0.147964 
0.470748 0.337119 0.334547 0.289879 
0.596769 0.772586 0.597473 0.790071 
0.632209 0.671794 0.577904 0.621316 
0.742049 0.804479 0.676124 0.596913 
0.404211 0.473895 0.453622 0.403736 
0.420126 0.397189 0.389768 0.398754 
0.194916 0.398053 0.410464 0.389378 
0.756531 0.532579 0.636501 0.608265 
0.396303 0.379529 0.369109 0.515963 
0.664814 0.456384 0.406140 0.460327 
0.481320 0.461261 0.587084 0.451142 
0.829992 0.317628 0.616432 0.409097 
0.601982 0.822703 0.446964 0.510395 
0.504982 0.682363 0.457010 0.802353 
0.629058 0.697068 0.668964 0.614780 
0.574642 0.620536 0.426267 0.484641 
0.401977 0.313631 0.275238 0.364921 
0.705321 0.419595 0.714630 0.394994 
0.657785 0.727811 0.612881 0.610936 
0.393149 0.436159 0.461384 0.261709 
0.339031 0.272847 0.257670 0.135124 
0.629044 0.768587 0.636398 0.600971 
0.487189 0.610222 0.387936 0.499423 
0.779931 0.808668 0.702835 0.801760 
0.614361 0.454149 0.532341 0.671985 
0.888348 0.758898 0.805312 0.705550 
0.549140 0.410495 0.538094 0.602909 
0.475848 0.364374 0.318037 0.496919 
0.354251 0.494420 0.561314 0.552783 
0.405353 0.339683 0.301281 0.346152 
0.276089 0.337247 0.383835 0.246765 
0.140097 0.447592 0.351073 0.381810 
0.405252 0.353943 0.429851 0.466155 
0.496011 0.485504 0.584993 0.446135 
0.697350 0.349716 0.500929 0.263663 
0.707500 0.616084 0.736602 0.647095 
0.444182 0.373311 0.462550 0.400312 
0.664888 0.433316 0.600233 0.374174 
0.545094 0.707698 0.407777 0.558699 
0.775365 0.801007 0.758042 0.757210 
0.662729 0.375062 0.653141 0.333692 
0.356863 0.776136 0.487676 0.491791 
0.516047 0.245022 0.559806 0.429393 
0.675717 0.701127 0.489658 0.442951 
0.496836 0.688531 0.424230 0.482814 
0.379465 0.451994 0.326815 0.591696 
0.604053 0.283760 0.263326 0.305170 
0.480175 0.397400 0.391004 0.517948 
0.722117 0.757677 0.750486 0.736279 
0.192657 0.364912 0.500570 0.520914 
0.407036 0.364787 0.494161 0.618633 
0.555388 0.656756 0.611621 0.481157 
0.466080 0.445098 0.301737 0.434332 
0.269380 0.302113 0.155118 0.311023 
0.273300 0.117870 0.287328 0.192633 
0.422695 0.677257 0.451656 0.698042 
0.731150 0.405304 0.665630 0.383836 
0.640641 0.563531 0.451449 0.537433 
0.647379 0.809981 0.521061 0.481715 
0.299347 0.332155 0.290401 0.216175 
0.302692 0.291854 0.286794 0.543026 
0.298132 0.215050 0.422637 0.508716 
0.489506 0.245224 0.369055 0.209928 
0.471476 0.517477 0.577855 0.259309 
0.678408 0.560828 0.452158 0.379627 
0.568909 0.424471 0.516396 0.624151 
0.561613 0.563069 0.737044 0.828319 
0.243080 0.345202 0.282277 0.321920 
0.725200 0.768627 0.743385 0.714264 
0.420640 0.526688 0.680428 0.501808 
0.093522 0.085075 0.120089 0.203129 
0.164267 0.098264 0.233958 0.277515 
0.651289 0.720224 0.628957 0.730445 
0.376634 0.328189 0.681117 0.409878 
0.388217 0.464294 0.364967 0.519850 
0.797306 0.526903 0.367675 0.349327 
0.462748 0.711073 0.328659 0.537392 
0.705417 0.434888 0.426887 0.526266 
0.425962 0.569676 0.644258 0.276515 
0.305389 0.244117 0.522403 0.423390 
0.179072 0.251439 0.330302 0.217006 
0.685377 0.788424 0.759632 0.644712 
0.357142 0.362846 0.481776 0.297824 
0.439306 0.562486 0.369102 0.602846 
0.669688 0.652419 0.637014 0.797530 
0.655974 0.381784 0.589580 0.521492 
0.519129 0.526697 0.172067 0.506328 
0.619513 0.757971 0.540012 0.653766 
0.469131 0.695008 0.407102 0.682520 
0.619290 0.386334 0.661329 0.656355 
0.690165 0.718020 0.510519 0.682439 
0.577618 0.406040 0.642345 0.519398 
0.492582 0.387691 0.312834 0.262999 
0.191521 0.113691 0.154338 0.159329 
0.101617 0.153488 0.037774 0.159412 
0.133496 0.147054 0.130528 0.188113 
0.408432 0.201175 0.566501 0.227614 
0.471801 0.651949 0.534835 0.527185 
0.304262 0.371576 0.586736 0.294157 
0.884579 0.423931 0.513625 0.454851 
0.592714 0.447631 0.477598 0.263041 
0.688385 0.594387 0.589926 0.535259 
0.523140 0.378046 0.634129 0.395848 
0.271829 0.500470 0.289318 0.400503 
0.353379 0.172289 0.334214 0.494865 
0.671096 0.755920 0.586844 0.511055 
0.290453 0.370441 0.256955 0.352027 
0.389848 0.404171 0.536212 0.570548 
0.630548 0.736181 0.606278 0.628991 
0.629656 0.897021 0.766582 0.736826 
0.913434 0.785880 0.820157 0.723737 
0.559495 0.137970 0.437559 0.464271 
0.271684 0.301136 0.449252 0.291007 
0.362020 0.313429 0.335036 0.380514 
0.674159 0.790682 0.698778 0.660427 
0.715695 0.532352 0.492518 0.634184 
0.510527 0.532936 0.627990 0.531305 
0.668690 0.291737 0.705935 0.415953 
0.729265 0.638680 0.639444 0.672666 
0.403332 0.810704 0.472110 0.580935 
0.487613 0.413443 0.710235 0.498331 
0.381082 0.400567 0.341240 0.455653 
0.736966 0.835929 0.540594 0.701571 
0.571464 0.405908 0.728696 0.625950 
0.544633 0.543702 0.753161 0.412790 
0.544107 0.347990 0.494702 0.350579 
0.769554 0.600906 0.778255 0.638696 
0.349822 0.585168 0.610996 0.461771 
0.495087 0.635391 0.312727 0.386301 
0.648051 0.386153 0.632878 0.522904 
0.674673 0.349473 0.441566 0.614644 
0.383509 0.325101 0.494811 0.470326 
0.868893 0.460183 0.521816 0.437786 
0.325277 0.444892 0.523206 0.743949 
0.287736 0.319294 0.491761 0.530273 
0.436800 0.467447 0.469388 0.472451 
0.496754 0.482829 0.534536 0.381786 
0.751440 0.728780 0.530728 0.491225 
0.635020 0.757061 0.688743 0.770113 
0.380328 0.631184 0.448346 0.657293 
0.346231 0.351665 0.194543 0.224240 
0.407492 0.358206 0.399245 0.351950 
0.456461 0.560674 0.653691 0.538884 
0.760497 0.819512 0.682436 0.721518 
0.589190 0.425179 0.475938 0.599637 
0.303237 0.678336 0.486317 0.594311 
0.692549 0.242880 0.521870 0.515304 
0.512646 0.343303 0.512703 0.506347 
0.749866 0.771495 0.673373 0.807097 
0.567515 0.488641 0.464446 0.336957 
0.319408 0.649697 0.390094 0.663441 
0.408213 0.382463 0.264534 0.469546 
0.651481 0.652867 0.654391 0.697233 
0.685668 0.649911 0.792699 0.448927 
0.245050 0.432329 0.273927 0.361611 
0.406189 0.257158 0.330424 0.293667 
0.458905 0.696399 0.515843 0.704897 
0.297989 0.419477 0.451101 0.270031 
0.553548 0.583701 0.510929 0.393526 
0.577430 0.479890 0.539011 0.552267 
0.261410 0.456590 0.315476 0.726304 
0.556316 0.381625 0.571479 0.526124 
0.560153 0.312475 0.453686 0.402512 
0.564864 0.613623 0.393520 0.687297 
0.188249 0.642503 0.539265 0.607541 
0.108631 0.402138 0.118619 0.307208 
0.706422 0.723999 0.739246 0.668480 
0.576956 0.555022 0.549077 0.569100 
0.342709 0.254380 0.312404 0.322016 
0.717096 0.760528 0.662643 0.786287 
0.472435 0.380739 0.400331 0.430133 
0.252561 0.317537 0.346032 0.191228 
0.612430 0.470765 0.463822 0.529444 
0.614817 0.519576 0.762311 0.547631 
0.524438 0.709251 0.644789 0.457634 
0.768213 0.485337 0.592430 0.724821 
0.240330 0.615454 0.377302 0.484620 
0.418625 0.386784 0.515645 0.251779 
0.376703 0.339739 0.369838 0.210607 
0.625621 0.666144 0.467708 0.693454 
0.562733 0.548486 0.700894 0.521328 
0.328402 0.314489 0.536369 0.508323 
0.663218 0.680841 0.830466 0.606584 
0.764553 0.734636 0.817017 0.843558 
0.475732 0.616894 0.603371 0.650906 
0.316382 0.576781 0.436145 0.520407 
0.693392 0.696671 0.537824 0.737396 
0.598130 0.566653 0.302843 0.505486 
0.211494 0.387562 0.201162 0.269626 
0.388492 0.377665 0.529354 0.733770 
0.772744 0.718501 0.614429 0.711129 
0.320737 0.354175 0.537726 0.673562 
0.703944 0.641062 0.634731 0.794041 
0.562405 0.522604 0.572973 0.637926 
0.801776 0.722045 0.767983 0.826696 
0.306529 0.511111 0.319627 0.425619 
0.288779 0.485254 0.349824 0.398133 
0.599529 0.849578 0.698851 0.626963 
0.426606 0.299076 0.461930 0.328260 
0.515460 0.483034 0.503245 0.352109 
0.539558 0.524624 0.297953 0.423532 
0.193262 0.257444 0.268515 0.399530 
0.596355 0.623317 0.578713 0.698449 
0.813809 0.830675 0.840377 0.732264 
0.816995 0.858362 0.896996 0.807690 
0.681149 0.690781 0.600400 0.623076 
0.366137 0.488193 0.479930 0.350063 
0.346028 0.346123 0.349431 0.457162 
0.696340 0.769947 0.799214 0.707525 
0.415631 0.437372 0.404307 0.230172 
0.673789 0.529002 0.769480 0.344694 
0.283940 0.132119 0.255520 0.081717 
0.261750 0.089681 0.240451 0.193975 
0.498519 0.570234 0.170779 0.531371 
0.360840 0.334363 0.425772 0.335700 
0.804505 0.489331 0.517585 0.683916 
0.660907 0.658865 0.794551 0.780478 
0.744609 0.678890 0.602570 0.720871 
0.317789 0.493870 0.388187 0.492616 
0.444983 0.500792 0.565983 0.326072 
0.586350 0.607322 0.667605 0.543767 
0.286194 0.327472 0.183779 0.342301 
0.694365 0.382782 0.345724 0.515512 
0.773066 0.762125 0.772356 0.858235 
0.665828 0.868576 0.781766 0.709101 
0.827068 0.500129 0.392199 0.454219 
0.620321 0.653415 0.496805 0.678295 
0.688507 0.224388 0.564755 0.200058 
0.656517 0.310930 0.553706 0.274150 
0.496352 0.381329 0.486772 0.508141 
0.739410 0.772391 0.826522 0.836095 
0.492023 0.378098 0.469977 0.355714 
0.452299 0.354989 0.345874 0.354030 
0.592378 0.304268 0.464272 0.309423 
0.462203 0.502633 0.389905 0.498301 
0.171843 0.389513 0.481746 0.446548 
0.300771 0.318019 0.278664 0.303623 
0.346104 0.537153 0.315173 0.518307 
0.301162 0.553863 0.462610 0.482479 
0.685451 0.766133 0.651536 0.782755 
0.279973 0.594910 0.439755 0.491531 
0.701176 0.493539 0.506859 0.525412 
0.200811 0.252216 0.268512 0.282742 
0.436898 0.614830 0.590284 0.536901 
0.378166 0.654366 0.486276 0.521141 
0.771599 0.448526 0.698350 0.489641 
0.653365 0.356488 0.788402 0.287116 
0.307036 0.607076 0.536065 0.530766 
0.767997 0.734218 0.676894 0.696838 
0.303558 0.359393 0.404332 0.361575 
0.279741 0.625322 0.459281 0.638074 
0.235154 0.166549 0.291290 0.346552 
0.519497 0.514968 0.576239 0.602052 
0.507090 0.399595 0.298201 0.481953 
0.688903 0.749562 0.654829 0.646871 
0.462647 0.582112 0.722534 0.614117 
0.674493 0.746283 0.765126 0.774974 
0.360404 0.513379 0.461728 0.502206 
0.290608 0.525841 0.455737 0.557758 
0.695994 0.684336 0.585533 0.875956 
0.676400 0.266545 0.690630 0.652444 
0.508246 0.332848 0.394117 0.574793 
0.537275 0.533049 0.289821 0.540935 
0.820307 0.841487 0.860053 0.911898 
0.698741 0.828541 0.836465 0.696397 
0.431977 0.596040 0.455782 0.527557 
0.492937 0.729644 0.445263 0.752270 
0.580850 0.465759 0.702435 0.412545 
0.463675 0.366677 0.486789 0.402862 
0.722263 0.595462 0.706475 0.582884 
0.549700 0.580496 0.543500 0.473585 
0.499412 0.372892 0.554291 0.199824 
0.603157 0.703327 0.756529 0.651898 
0.654251 0.426402 0.480790 0.609003 
0.477417 0.790205 0.423352 0.385545 
0.374276 0.282486 0.320658 0.708921 
0.442564 0.669593 0.272549 0.642594 
0.679050 0.468765 0.553461 0.500354 
0.641696 0.728772 0.528150 0.668511 
0.366018 0.571186 0.156314 0.513167 
0.431996 0.250726 0.370703 0.101981 
0.659842 0.659258 0.694173 0.789058 
0.545986 0.386142 0.465026 0.333204 
0.505892 0.329744 0.389095 0.677823 
0.654934 0.569097 0.590263 0.601497 
0.674939 0.768383 0.537588 0.824231 
0.520420 0.345285 0.555256 0.355919 
0.539708 0.494839 0.507602 0.490961 
0.518567 0.339625 0.486688 0.376858 
0.638130 0.199090 0.453180 0.334425 
0.202942 0.292434 0.283898 0.293506 
0.733244 0.398537 0.605175 0.471683 
0.396264 0.365850 0.267493 0.537846 
0.627379 0.546199 0.519971 0.593717 
0.372501 0.343169 0.600707 0.590161 
0.503534 0.354990 0.402177 0.595292 
0.502337 0.397963 0.638695 0.240872 
0.352590 0.376753 0.523230 0.430710 
0.642797 0.493923 0.618270 0.619907 
0.367612 0.629624 0.517319 0.596969 
0.557193 0.356496 0.498612 0.390761 
0.716993 0.416480 0.806474 0.361546 
0.306488 0.298576 0.257242 0.258629 
0.559777 0.217314 0.667543 0.378246 
0.384351 0.706931 0.368494 0.550460 
0.777235 0.856045 0.811002 0.693172 
0.403729 0.490406 0.454379 0.475970 
0.759362 0.766265 0.795243 0.828836 
0.346612 0.407043 0.310227 0.345286 
0.677338 0.689619 0.763152 0.572506 
0.243568 0.635760 0.456547 0.510851 
0.430014 0.420762 0.547017 0.470185 
0.523595 0.511265 0.668744 0.685870 
0.459934 0.417805 0.411989 0.633104 
0.348109 0.483177 0.445100 0.231716 
0.823199 0.404416 0.630389 0.644579 
0.622963 0.252560 0.511154 0.489432 
0.674490 0.700087 0.661934 0.719547 
0.441641 0.187867 0.456922 0.401611 
0.450124 0.694009 0.649391 0.616729 
0.550052 0.590522 0.695340 0.643388 
0.343649 0.267131 0.351793 0.307822 
0.665547 0.307973 0.699078 0.441492 
0.291209 0.405727 0.321788 0.361617 
0.696568 0.622164 0.490803 0.545786 
0.569686 0.629568 0.542790 0.384886 
0.776055 0.437532 0.534378 0.480939 
0.319064 0.524072 0.381901 0.401852 
0.692958 0.777363 0.649283 0.700106 
0.666888 0.496892 0.724356 0.586385 
0.333226 0.274164 0.503096 0.422588 
0.525409 0.443427 0.375123 0.409456 
0.474789 0.555185 0.559567 0.513858 
0.709047 0.667756 0.759149 0.657130 
0.337044 0.574185 0.159898 0.665957 
0.637325 0.532178 0.569350 0.424734 
0.453760 0.295447 0.324747 0.450124 
0.328714 0.383396 0.221591 0.264967 
0.233231 0.379789 0.221525 0.228733 
0.426218 0.580769 0.237207 0.630533 
0.454780 0.488896 0.459807 0.237933 
0.349862 0.344468 0.411617 0.249812 
0.682453 0.578890 0.688384 0.662766 
0.643911 0.681001 0.656264 0.479713 
0.477608 0.680647 0.548712 0.690502 
0.324432 0.348108 0.230985 0.415561 
0.400182 0.317209 0.495810 0.416599 
0.577308 0.108798 0.779898 0.482890 
0.512977 0.608186 0.616561 0.565737 
0.242429 0.085336 0.242762 0.114224 
0.540179 0.397454 0.276001 0.240872 
0.476131 0.572997 0.555145 0.465969 
0.755739 0.441843 0.704352 0.489573 
0.426178 0.555094 0.237780 0.670913 
0.722671 0.670488 0.413424 0.385996 
0.537055 0.395514 0.551687 0.548314 
0.594616 0.403353 0.536180 0.423570 
0.336426 0.427061 0.305802 0.483053 
0.591507 0.714978 0.726163 0.635743 
0.604253 0.416571 0.410733 0.482270 
0.626675 0.527775 0.485593 0.668390 
0.611842 0.632336 0.581147 0.601371 
0.239813 0.185702 0.321991 0.302860 
0.629152 0.689508 0.725520 0.719671 
0.251125 0.424528 0.160023 0.321546 
0.351046 0.171383 0.312230 0.198868 
0.061954 0.093863 0.105212 0.120489 
0.477915 0.606198 0.676229 0.615650 
0.502195 0.570790 0.344192 0.624978 
0.413867 0.466435 0.542932 0.393362 
0.467583 0.473186 0.422657 0.491462 
0.643994 0.520700 0.475586 0.452782 
0.782899 0.798220 0.777902 0.756335 
0.466086 0.418516 0.101265 0.490121 
0.415735 0.547964 0.347818 0.568262 
0.783477 0.550479 0.617757 0.439666 
0.444305 0.553891 0.538825 0.410069 
0.327204 0.362048 0.565450 0.335206 
0.427718 0.503770 0.347970 0.492378 
0.682211 0.606271 0.624570 0.532836 
0.252893 0.372593 0.321818 0.301523 
0.353724 0.511753 0.204422 0.307879 
0.775692 0.837361 0.841319 0.908465 
0.429062 0.516279 0.541877 0.424034 
0.366358 0.270541 0.368140 0.305933 
0.682479 0.565164 0.450649 0.772599 
0.332901 0.382523 0.488469 0.276576 
0.537711 0.368469 0.415314 0.270203 
0.698257 0.592372 0.886607 0.739606 
0.779612 0.634873 0.870575 0.616455 
0.494606 0.594369 0.415775 0.655694 
0.417222 0.378400 0.343324 0.400089 
0.712328 0.408813 0.583517 0.414950 
0.691689 0.410438 0.532361 0.692815 
0.494377 0.601665 0.576382 0.531215 
0.452746 0.636618 0.751902 0.398424 
0.405128 0.229675 0.328708 0.313081 
0.374828 0.502681 0.518396 0.826722 
0.504610 0.406442 0.373615 0.365400 
0.609963 0.742096 0.659614 0.597132 
0.318323 0.271816 0.310213 0.170006 
0.639033 0.405409 0.593186 0.325425 
0.754756 0.456901 0.499503 0.368228 
0.396831 0.214634 0.311759 0.272371 
0.649547 0.475682 0.530185 0.643036 
0.532268 0.529975 0.551348 0.576275 
0.572280 0.640413 0.488390 0.543156 
0.450371 0.387165 0.470347 0.418617 
0.538546 0.461629 0.496605 0.601467 
0.575784 0.312468 0.608259 0.249060 
0.454216 0.451132 0.524349 0.661266 
0.589943 0.454651 0.447744 0.525632 
0.535695 0.497728 0.742005 0.217316 
0.669257 0.541578 0.842219 0.535034 
0.341288 0.313205 0.430945 0.307805 
0.502650 0.418903 0.365792 0.484445 
0.370977 0.343045 0.238336 0.440341 
0.812359 0.664277 0.760931 0.531758 
0.560502 0.749773 0.526824 0.775136 
0.356286 0.634311 0.508380 0.498876 
0.321458 0.509972 0.421388 0.313885 
0.732929 0.653570 0.623442 0.539635 
0.467315 0.570651 0.431077 0.471804 
0.617599 0.690426 0.476334 0.842090 
0.656555 0.564012 0.693896 0.568761 
0.494926 0.321900 0.346711 0.522580 
0.404648 0.239937 0.516099 0.472948 
0.459965 0.481268 0.637522 0.092164 
0.454973 0.651990 0.568409 0.628600 
0.529049 0.421569 0.436209 0.573022 
0.606198 0.587544 0.594522 0.595141 
0.510352 0.407759 0.404266 0.551463 
0.476075 0.694366 0.606177 0.746253 
0.364905 0.343632 0.200013 0.300386 
0.477756 0.645600 0.498250 0.572300 
0.676348 0.562830 0.603130 0.496726 
0.217804 0.185371 0.288240 0.273861 
0.600584 0.454006 0.352452 0.413639 
0.461931 0.436958 0.334205 0.502023 
0.589460 0.546525 0.682108 0.767703 
0.749317 0.332367 0.713455 0.506629 
0.362493 0.187990 0.330818 0.422818 
0.636833 0.669614 0.530339 0.761871 
0.241971 0.459983 0.707695 0.469719 
0.405931 0.222766 0.449831 0.339975 
0.595097 0.385426 0.766946 0.481558 
0.576412 0.125486 0.372981 0.310799 
0.718930 0.528317 0.498730 0.608937 
0.744960 0.634748 0.672603 0.666522 
0.313153 0.380397 0.341399 0.484852 
0.334016 0.413289 0.297286 0.588638 
0.241103 0.358500 0.330590 0.374577 
0.184939 0.341904 0.222168 0.478790 
0.479595 0.804836 0.456684 0.708157 
0.528036 0.598833 0.481140 0.632816 
0.411454 0.460048 0.433074 0.824284 
0.439092 0.321974 0.193999 0.385071 
0.701617 0.552226 0.491935 0.546424 
0.211012 0.167420 0.168523 0.188196 
0.295118 0.581257 0.621493 0.418989 
0.360010 0.833850 0.462949 0.754497 
0.577929 0.766223 0.373450 0.484900 
0.811744 0.475249 0.430015 0.428775 
0.523493 0.500558 0.390250 0.596825 
0.526661 0.508455 0.320144 0.616246 
0.475363 0.786901 0.598276 0.708902 
0.370390 0.468261 0.443584 0.685532 
0.711923 0.784610 0.665435 0.815769 
0.519331 0.530791 0.550195 0.752755 
0.335008 0.409876 0.224896 0.363206 
0.358087 0.386310 0.385600 0.250305 
0.508266 0.262058 0.569923 0.654309 
0.388887 0.540194 0.412528 0.719988 
0.512071 0.686945 0.395585 0.550622 
0.651350 0.534259 0.591258 0.405995 
0.666902 0.576118 0.558604 0.457061 
0.730637 0.807151 0.632556 0.657888 
0.537625 0.473036 0.595073 0.400589 
0.695843 0.663638 0.641335 0.793268 
0.434309 0.558210 0.392842 0.668664 
0.436690 0.459331 0.270393 0.396133 
0.759890 0.706625 0.704222 0.598397 
0.333960 0.301782 0.339628 0.287448 
0.290148 0.487795 0.360826 0.260707 
0.734363 0.814390 0.791794 0.808207 
0.816752 0.831774 0.797923 0.908792 
0.413368 0.646733 0.540321 0.457140 
0.395868 0.526282 0.305197 0.548563 
0.539822 0.422725 0.547920 0.505812 
0.592674 0.668269 0.530465 0.552571 
0.459775 0.518749 0.372627 0.566586 
0.891424 0.817125 0.768492 0.793703 
0.440414 0.355446 0.452385 0.425475 
0.378304 0.261129 0.391364 0.197183 
0.599159 0.567530 0.685844 0.147477 
0.456798 0.409318 0.354877 0.437345 
0.546111 0.535777 0.516594 0.580313 
0.526326 0.686682 0.517021 0.526501 
0.359137 0.309408 0.382276 0.231094 
0.530271 0.229067 0.613943 0.387944 
0.704550 0.653837 0.596371 0.721840 
0.410431 0.391894 0.552580 0.537028 
0.272760 0.321647 0.306800 0.404244 
0.692687 0.635200 0.548482 0.424872 
0.451021 0.546415 0.716171 0.484265 
0.494660 0.504439 0.392952 0.524030 
0.449532 0.334190 0.367700 0.425786 
0.580401 0.734722 0.690378 0.753533 
0.537809 0.690341 0.659875 0.721851 
0.816312 0.844517 0.746133 0.891766 
0.690020 0.852408 0.768129 0.663903 
0.227640 0.206152 0.204486 0.263649 
0.618127 0.466761 0.746098 0.383271 
0.593838 0.487828 0.368836 0.630814 
0.300129 0.622317 0.332819 0.658285 
0.840351 0.523292 0.680355 0.575233 
0.513157 0.208210 0.513080 0.348102 
0.263647 0.244678 0.248563 0.184282 
0.577117 0.722088 0.477327 0.506342 
0.753392 0.644573 0.748441 0.735104 
0.534855 0.475096 0.617801 0.370899 
0.282642 0.321048 0.240669 0.385457 
0.649211 0.267794 0.274420 0.509575 
0.511035 0.282311 0.505958 0.327754 
0.380824 0.606071 0.561317 0.429194 
0.390293 0.380708 0.322620 0.386213 
0.478400 0.498732 0.526113 0.473823 
0.308569 0.439737 0.287394 0.326294 
0.716110 0.508192 0.350425 0.500187 
0.526704 0.439147 0.711485 0.685547 
0.529578 0.519747 0.676676 0.466752 
0.646315 0.490076 0.599124 0.436660 
0.570948 0.663343 0.219787 0.441246 
0.531879 0.398498 0.564819 0.598223 
0.681250 0.607905 0.611520 0.505249 
0.549140 0.514666 0.525903 0.716550 
0.616089 0.792146 0.645183 0.779340 
0.711720 0.687615 0.658038 0.741777 
0.483328 0.579073 0.640713 0.512612 
0.698062 0.469382 0.607156 0.600615 
0.387631 0.629337 0.213844 0.597220 
0.572596 0.643277 0.615569 0.702088 
0.189764 0.073538 0.269143 0.179811 
0.490243 0.468632 0.654378 0.585132 
0.425106 0.533624 0.476139 0.589483 
0.510594 0.673608 0.397481 0.484524 
0.808929 0.601322 0.746262 0.626480 
0.425507 0.540426 0.340713 0.333486 
0.546427 0.501605 0.576992 0.485239 
0.346579 0.281285 0.264147 0.386474 
0.619869 0.681929 0.749956 0.500572 
0.488632 0.419747 0.340539 0.375353 
0.401234 0.256371 0.373784 0.300658 
0.698753 0.547304 0.531244 0.434075 
0.742834 0.714995 0.792915 0.765203 
0.323502 0.252500 0.369489 0.388492 
0.849919 0.839931 0.846479 0.810196 
0.358089 0.087406 0.378512 0.285090 
0.214521 0.332455 0.186524 0.366256 
0.585980 0.441258 0.462413 0.564462 
0.596614 0.566903 0.506409 0.779529 
0.693828 0.332029 0.387540 0.467386 
0.478529 0.306756 0.508459 0.446608 
0.621265 0.695109 0.701447 0.769277 
0.792243 0.546502 0.732854 0.578452 
0.828133 0.749304 0.843782 0.792778 
0.506882 0.491741 0.327956 0.550087 
0.405851 0.608194 0.349409 0.751202 
0.592595 0.513567 0.699332 0.534349 
0.310830 0.314522 0.390789 0.622272 
0.441302 0.679821 0.656035 0.546891 
0.594357 0.560523 0.598453 0.588587 
0.398396 0.344894 0.369445 0.280366 
0.341276 0.275480 0.265781 0.384278 
0.422359 0.727896 0.573352 0.633047 
0.653017 0.443353 0.645701 0.552594 
0.369967 0.249127 0.490521 0.515727 
0.567075 0.594549 0.650565 0.456967 
0.489426 0.399347 0.731742 0.238597 
0.371950 0.461397 0.737207 0.575884 
0.142734 0.181199 0.141178 0.119445 
0.309952 0.119383 0.361393 0.212205 
0.606054 0.508022 0.383255 0.397247 
0.494139 0.559440 0.665808 0.555668 
0.640413 0.362295 0.578120 0.502146 
0.478765 0.358985 0.412692 0.286359 
0.637392 0.430295 0.547261 0.351412 
0.667545 0.494589 0.550246 0.618989 
0.196138 0.283754 0.385110 0.276519 
0.386246 0.556618 0.558377 0.333524 
0.451025 0.445485 0.558139 0.572314 
0.749734 0.569926 0.575023 0.726763 
0.543479 0.309294 0.467845 0.532792 
0.424296 0.279567 0.373780 0.324409 
0.211669 0.492992 0.323820 0.406341 
0.343446 0.268300 0.433673 0.281167 
0.454950 0.558511 0.495659 0.478785 
0.704327 0.706496 0.691859 0.799944 
0.724836 0.603113 0.581538 0.681925 
0.753766 0.667993 0.627451 0.675791 
0.688421 0.794463 0.517768 0.618280 
0.280520 0.286043 0.556256 0.460601 
0.642727 0.663748 0.755430 0.682825 
0.750075 0.585363 0.587011 0.294447 
0.699441 0.735341 0.775435 0.732637 
0.700494 0.382114 0.526889 0.445515 
0.653934 0.392431 0.555539 0.427492 
0.408129 0.321071 0.658895 0.592047 
0.322432 0.468777 0.313808 0.317813 
0.398905 0.191248 0.455665 0.392824 
0.478684 0.440854 0.696530 0.714925 
0.686011 0.646307 0.679268 0.587460 
0.307964 0.423678 0.568676 0.603589 
0.358600 0.532258 0.237593 0.507373 
0.455304 0.552052 0.590759 0.509317 
0.368285 0.465085 0.593148 0.323943 
0.857177 0.747954 0.837032 0.828275 
0.647965 0.757315 0.670851 0.455204 
0.545189 0.394709 0.523336 0.161313 
0.763873 0.549155 0.735162 0.747026 
0.661148 0.433806 0.752895 0.783192 
0.316283 0.216506 0.304060 0.349896 
0.580589 0.666045 0.392396 0.663946 
0.533608 0.638305 0.635982 0.503897 
0.442928 0.367858 0.535474 0.520085 
0.191812 0.173151 0.238957 0.233044 
0.462497 0.229582 0.454355 0.478657 
0.606342 0.538706 0.477528 0.529202 
0.829107 0.856800 0.784253 0.755001 
0.741739 0.805081 0.785776 0.699891 
0.701824 0.650180 0.743195 0.731454 
0.611235 0.790412 0.465481 0.507095 
0.683235 0.346356 0.396961 0.317657 
0.176349 0.360431 0.228520 0.366796 
0.265957 0.286576 0.230244 0.298297 
0.607381 0.678929 0.234751 0.565826 
0.377558 0.390246 0.359158 0.522656 
0.560875 0.753054 0.473998 0.465682 
0.441449 0.655798 0.633005 0.428399 
0.431030 0.623439 0.494029 0.618234 
0.666981 0.656217 0.736546 0.743598 
0.570570 0.342136 0.452094 0.645866 
0.758816 0.771219 0.774878 0.722856 
0.644290 0.489067 0.735141 0.694747 
0.173990 0.141622 0.113394 0.152498 
0.237391 0.392221 0.435110 0.330742 
0.633202 0.759963 0.670083 0.700298 
0.345722 0.384261 0.185281 0.429914 
0.432966 0.344152 0.303201 0.214454 
0.250865 0.254672 0.160064 0.377139 
0.287177 0.261463 0.277127 0.137638 
0.658562 0.791371 0.670429 0.669105 
0.175429 0.215320 0.220807 0.201420 
0.224624 0.310890 0.213002 0.354492 
0.707505 0.726734 0.691070 0.800288 
0.476035 0.480990 0.674463 0.483853 
0.770900 0.617576 0.655632 0.482911 
0.440830 0.633868 0.461293 0.665931 
0.328660 0.331032 0.168893 0.253033 
0.540122 0.555397 0.344823 0.358806 
0.277701 0.575217 0.409707 0.275347 
0.311758 0.361479 0.330357 0.204904 
0.600385 0.643881 0.546180 0.532746 
0.549208 0.651648 0.278557 0.300837 
0.552249 0.608916 0.691378 0.604284 
0.139715 0.183670 0.192583 0.256674 
0.237230 0.497360 0.271877 0.647899 
0.290112 0.263396 0.301273 0.376515 
0.604529 0.483594 0.586989 0.579326 
0.442927 0.611130 0.406810 0.510736 
0.720221 0.693824 0.693393 0.628642 
0.759088 0.468249 0.520474 0.599456 
0.763886 0.577583 0.839671 0.624337 
0.451079 0.370726 0.544161 0.582483 
0.646093 0.834528 0.599284 0.756494 
0.475708 0.350656 0.559178 0.298211 
0.473088 0.650169 0.396801 0.775556 
0.302138 0.740899 0.462566 0.568662 
0.172685 0.268531 0.217991 0.263199 
0.614715 0.490002 0.724151 0.586369 
0.252659 0.256411 0.192042 0.357098 
0.384268 0.514148 0.428730 0.447435 
0.324453 0.285461 0.392463 0.404573 
0.515631 0.533368 0.726817 0.682774 
0.448313 0.570574 0.425919 0.553072 
0.731043 0.334792 0.714817 0.355830 
0.464201 0.500466 0.723959 0.557017 
0.731756 0.821432 0.786517 0.828562 
0.624798 0.717708 0.527792 0.660482 
0.207480 0.521696 0.326467 0.450036 
0.246601 0.418870 0.307188 0.482116 
0.711714 0.610700 0.665278 0.770655 
0.511780 0.365869 0.501907 0.629465 
0.384184 0.342873 0.447326 0.281916 
0.433900 0.231306 0.396104 0.327675 
0.361182 0.563546 0.269575 0.441586 
0.252510 0.484809 0.240758 0.605571 
0.578451 0.512533 0.593854 0.590056 
0.757566 0.772872 0.557973 0.699006 
0.635099 0.400636 0.715155 0.596445 
0.586851 0.606495 0.447192 0.494284 
0.537510 0.338705 0.543431 0.543337 
0.654179 0.506429 0.546494 0.637182 
0.439739 0.391538 0.319086 0.573741 
0.662263 0.590201 0.467580 0.560456 
0.385143 0.720411 0.569716 0.771372 
0.516351 0.434625 0.488166 0.376276 
0.445850 0.368763 0.357343 0.688438 
0.278068 0.421068 0.232058 0.543286 
0.437840 0.625434 0.599653 0.574136 
0.745507 0.614644 0.681790 0.597347 
0.702928 0.707801 0.742385 0.769408 
0.161227 0.529064 0.347215 0.369480 
0.700782 0.581449 0.524477 0.657377 
0.557697 0.632685 0.551506 0.288350 
0.417810 0.433681 0.603991 0.455731 
0.466536 0.619520 0.323484 0.593937 
0.443265 0.472320 0.228655 0.620362 
0.524896 0.509027 0.667212 0.543517 
0.369734 0.453164 0.465279 0.470879 
0.441501 0.306101 0.324821 0.365884 
0.893109 0.900343 0.817169 0.880344 
0.533996 0.458914 0.387385 0.583379 
0.614442 0.625223 0.563701 0.492013 
0.248577 0.280419 0.391739 0.350334 
0.417825 0.634968 0.276194 0.549600 
0.589401 0.312885 0.270713 0.638033 
0.519643 0.693235 0.548634 0.483104 
0.488556 0.404282 0.603450 0.405523 
0.706598 0.572972 0.668946 0.701033 
0.273555 0.188128 0.252201 0.108052 
0.620471 0.269492 0.447355 0.370984 
0.246513 0.241065 0.450848 0.246580 
0.585395 0.622795 0.437859 0.615310 
0.490057 0.466532 0.501530 0.552788 
0.494755 0.492108 0.569874 0.401261 
0.688712 0.667627 0.535722 0.650863 
0.428393 0.526234 0.558790 0.578023 
0.709060 0.663349 0.605279 0.626491 
0.600718 0.748993 0.636654 0.557954 
0.181486 0.163105 0.079515 0.233321 
0.387269 0.331205 0.480301 0.338813 
0.542271 0.633001 0.517600 0.566291 
0.587193 0.602584 0.539199 0.554076 
0.353863 0.239627 0.278739 0.172534 
0.783021 0.608007 0.748080 0.526589 
0.496261 0.619677 0.713611 0.518105 
0.240633 0.154060 0.286827 0.092509 
0.331647 0.450125 0.367412 0.504712 
0.334056 0.442997 0.367229 0.631882 
0.277862 0.542159 0.346380 0.587600 
0.385819 0.463054 0.480888 0.447559 
0.488575 0.410682 0.499051 0.357151 
0.344620 0.496698 0.295312 0.508705 
0.612769 0.553226 0.674969 0.789174 
0.648711 0.696405 0.497069 0.566695 
0.541247 0.716384 0.587952 0.776534 
0.429790 0.372298 0.512603 0.387569 
0.687597 0.435505 0.661804 0.390783 
0.456976 0.545792 0.537028 0.568323 
0.791818 0.739276 0.729926 0.802022 
0.712658 0.759120 0.780937 0.776348 
0.430026 0.335278 0.328438 0.283376 
0.663160 0.574774 0.603999 0.788234 
0.573702 0.532546 0.552383 0.611341 
0.775255 0.681522 0.717655 0.614082 
0.468120 0.471285 0.508750 0.610521 
0.675062 0.671866 0.767198 0.496068 
0.456785 0.515700 0.368464 0.384491 
0.653480 0.614899 0.679570 0.608892 
0.149503 0.191291 0.122983 0.273075 
0.299914 0.337046 0.358494 0.306053 
0.421351 0.261470 0.440497 0.381446 
0.478353 0.850156 0.452629 0.829798 
0.282140 0.330724 0.367684 0.228916 
0.651427 0.762531 0.552384 0.523285 
0.233741 0.360519 0.227485 0.168818 
0.587318 0.630519 0.569631 0.599420 
0.311937 0.221470 0.182216 0.400673 
0.567676 0.596756 0.623352 0.729704 
0.603050 0.727269 0.633128 0.716043 
0.345274 0.512054 0.374541 0.162702 
0.509752 0.639568 0.608793 0.778735 
0.630781 0.256698 0.438080 0.531453 
0.586226 0.543010 0.379145 0.498841 
0.531937 0.432213 0.357024 0.524432 
0.452291 0.502451 0.616131 0.535457 
0.517724 0.616686 0.504205 0.692976 
0.859918 0.720798 0.680752 0.680003 
0.645507 0.451495 0.584560 0.363613 
0.614862 0.828782 0.661193 0.758244 
0.453584 0.518073 0.329444 0.472981 
0.421147 0.309862 0.492981 0.219232 
0.479801 0.762373 0.543768 0.422379 
0.651552 0.795355 0.640416 0.825285 
0.799405 0.688065 0.741483 0.636293 
0.377081 0.474328 0.603754 0.676781 
0.337168 0.248711 0.398706 0.360624 
0.661833 0.500491 0.712862 0.500851 
0.161019 0.267571 0.268663 0.308277 
0.348336 0.223718 0.320346 0.359877 
0.430346 0.543465 0.402262 0.536067 
0.891806 0.782786 0.873817 0.818429 
0.279211 0.228542 0.244123 0.266496 
0.347936 0.484768 0.268160 0.452857 
0.255350 0.393923 0.437906 0.291956 
0.616611 0.600355 0.569624 0.774013 
0.752106 0.611724 0.803123 0.796015 
0.678506 0.858221 0.632018 0.573418 
0.212326 0.290582 0.307641 0.209980 
0.453626 0.436364 0.479784 0.523023 
0.150735 0.509859 0.525837 0.478598 
0.626284 0.636301 0.686443 0.560144 
0.557626 0.494895 0.548094 0.289969 
0.737486 0.523580 0.634414 0.709130 
0.264622 0.272541 0.249610 0.269494 
0.316410 0.388989 0.463403 0.398458 
0.542186 0.560698 0.536792 0.610293 
0.482399 0.333772 0.369403 0.195085 
0.397043 0.442513 0.696134 0.505826 
0.303149 0.379421 0.262403 0.542240 
0.601011 0.810949 0.621541 0.546670 
0.340771 0.369441 0.425927 0.412068 
0.470581 0.645455 0.347131 0.864904 
0.336584 0.398422 0.276535 0.296179 
0.667641 0.549594 0.434397 0.362866 
0.563175 0.595603 0.473651 0.401134 
0.205083 0.286122 0.104434 0.303271 
0.580671 0.668948 0.667118 0.654813 
0.197578 0.302671 0.490101 0.430315 
0.365307 0.564952 0.591146 0.688562 
0.600241 0.575084 0.627388 0.648228 
0.582230 0.584145 0.549702 0.393089 
0.839700 0.282352 0.617271 0.575413 
0.760362 0.716807 0.639577 0.642706 
0.413777 0.239568 0.405739 0.436168 
0.507065 0.696778 0.699440 0.436065 
0.358584 0.277179 0.284507 0.471722 
0.447063 0.445178 0.454681 0.463252 
0.398432 0.307921 0.295115 0.339592 
0.540269 0.456396 0.490632 0.703797 
0.705884 0.649338 0.738791 0.588412 
0.510348 0.700627 0.593558 0.413421 
0.634666 0.451457 0.714009 0.349333 
0.394294 0.515823 0.425803 0.601506 
0.268209 0.900238 0.367558 0.583801 
0.142034 0.225232 0.221695 0.270671 
0.480742 0.713980 0.587206 0.531271 
0.385313 0.399133 0.399550 0.377394 
0.489712 0.324520 0.364411 0.261310 
0.551541 0.477642 0.592025 0.609364 
0.427068 0.675947 0.650432 0.534610 
0.637882 0.604819 0.830509 0.651465 
0.423448 0.335006 0.438602 0.191282 
0.440709 0.367730 0.561974 0.508133 
0.664870 0.267873 0.469936 0.486045 
0.717944 0.823619 0.566653 0.613963 
0.636322 0.392029 0.691436 0.615561 
0.548926 0.432708 0.487924 0.548192 
0.574233 0.764546 0.631412 0.737442 
0.221496 0.543769 0.682137 0.484297 
0.249350 0.218528 0.213893 0.327358 
0.639056 0.486495 0.627945 0.610362 
0.721969 0.538802 0.654183 0.502957 
0.670879 0.564628 0.643756 0.536341 
0.713458 0.712689 0.639008 0.848290 
0.584906 0.295355 0.749892 0.415929 
0.524440 0.628291 0.454994 0.450799 
0.517074 0.419174 0.427559 0.778567 
0.259406 0.237878 0.269262 0.227509 
0.524762 0.555243 0.620375 0.392647 
0.769324 0.814195 0.646699 0.706137 
0.417810 0.460230 0.465791 0.529532 
0.434260 0.506855 0.349873 0.389970 
0.403454 0.271378 0.559540 0.426906 
0.382784 0.634429 0.440109 0.550791 
0.512143 0.379363 0.313162 0.477024 
0.366182 0.275446 0.391498 0.157443 
0.406469 0.245756 0.286325 0.410845 
0.762682 0.649458 0.425031 0.730481 
0.822882 0.765062 0.839222 0.684991 
0.446845 0.407247 0.530174 0.390774 
0.502036 0.417360 0.275344 0.377986 
0.808685 0.721174 0.641303 0.619803 
0.480146 0.415760 0.313862 0.602539 
0.172066 0.305172 0.327368 0.166227 
0.713645 0.422345 0.429040 0.522990 
0.396323 0.402844 0.496000 0.392591 
0.330274 0.370913 0.359195 0.555925 
0.620005 0.717909 0.688471 0.605264 
0.536555 0.416572 0.371579 0.623084 
0.222401 0.518385 0.683321 0.356913 
0.397537 0.388585 0.467541 0.615843 
0.308241 0.501223 0.460672 0.568161 
0.221952 0.163400 0.180814 0.230325 
0.443244 0.618932 0.481840 0.500833 
0.618564 0.647698 0.658867 0.591572 
0.341463 0.339765 0.566943 0.619570 
0.286846 0.646361 0.304049 0.581240 
0.603032 0.627229 0.594787 0.647544 
0.317640 0.333785 0.321867 0.240136 
0.678503 0.693015 0.702013 0.574190 
0.483745 0.484208 0.509752 0.400537 
0.610256 0.262209 0.609555 0.470938 
0.264846 0.574838 0.412423 0.625079 
0.651857 0.580256 0.611411 0.642438 
0.518944 0.606683 0.620077 0.555816 
0.738763 0.370113 0.604160 0.468493 
0.793564 0.670418 0.833259 0.617351 
0.504983 0.651425 0.494925 0.562552 
0.636699 0.768520 0.685324 0.666856 
0.363985 0.793577 0.322938 0.564546 
0.513170 0.549426 0.648739 0.534761 
0.571834 0.591024 0.558364 0.776148 
0.372501 0.322584 0.312119 0.518432 
0.421083 0.536618 0.365452 0.518237 
0.320915 0.402127 0.393719 0.310897 
0.586569 0.390237 0.318221 0.354124 
0.460180 0.427825 0.369278 0.509283 
0.661646 0.552300 0.540593 0.497923 
0.278700 0.857915 0.328484 0.694638 
0.284085 0.382290 0.308175 0.377692 
0.460329 0.599844 0.451177 0.539009 
0.220911 0.432757 0.482414 0.604263 
0.640602 0.636725 0.818528 0.466389 
0.279346 0.336207 0.397833 0.329744 
0.413191 0.147613 0.309371 0.242339 
0.402171 0.548789 0.395410 0.428515 
0.372043 0.401807 0.393094 0.628371 
0.645665 0.405607 0.544888 0.695237 
0.329547 0.267137 0.245375 0.309022 
0.642851 0.586831 0.480522 0.563698 
0.276314 0.542897 0.544268 0.629608 
0.632278 0.517221 0.625348 0.506169 
0.803163 0.643709 0.731434 0.515660 
0.843325 0.825979 0.680077 0.769323 
0.464727 0.323437 0.413624 0.501164 
0.490249 0.552951 0.528456 0.624492 
0.638483 0.570442 0.390162 0.513030 
0.834567 0.778418 0.798228 0.764378 
0.542696 0.713996 0.556269 0.600222 
0.671202 0.311485 0.627534 0.208367 
0.375355 0.513021 0.217130 0.373569 
0.604476 0.399857 0.443996 0.488188 
0.366151 0.446554 0.567510 0.576979 
0.529064 0.600690 0.779807 0.563346 
0.287217 0.685739 0.376950 0.681670 
0.496049 0.615301 0.434513 0.731889 
0.182284 0.482293 0.246249 0.373439 
0.485711 0.448648 0.497844 0.673342 
0.524452 0.378201 0.594352 0.473763 
0.475904 0.531330 0.641889 0.417656 
0.780915 0.835966 0.723159 0.728685 
0.282837 0.668608 0.405296 0.575809 
0.783944 0.773729 0.837867 0.665826 
0.379596 0.622103 0.570552 0.615028 
0.602111 0.753148 0.122027 0.423747 
0.472121 0.423023 0.497855 0.548759 
0.146298 0.269216 0.250979 0.304598 
0.521175 0.677370 0.557456 0.590229 
0.516925 0.486904 0.528050 0.606115 
0.269050 0.363278 0.282648 0.342996 
0.160559 0.253283 0.302048 0.301738 
0.731714 0.754584 0.733028 0.675687 
0.680475 0.720549 0.570179 0.478948 
0.191952 0.287530 0.135378 0.324567 
0.785205 0.286431 0.575343 0.363519 
0.554618 0.447418 0.724917 0.669075 
0.138770 0.324746 0.195463 0.210780 
0.362749 0.533138 0.458780 0.364540 
0.544043 0.675479 0.543837 0.720757 
0.306143 0.337210 0.243372 0.461285 
0.607356 0.367654 0.569949 0.434862 
0.768488 0.631292 0.673816 0.620029 
0.419577 0.384150 0.397931 0.352644 
0.642106 0.335685 0.593296 0.508476 
0.360266 0.666048 0.363651 0.424964 
0.270079 0.140200 0.174476 0.180338 
0.373532 0.309982 0.349754 0.456707 
0.527483 0.576392 0.566460 0.460842 
0.360833 0.263134 0.448876 0.232855 
0.264499 0.322454 0.288810 0.300499 
0.827069 0.881648 0.820555 0.759868 
0.456757 0.271346 0.341050 0.521756 
0.471512 0.355469 0.347217 0.340038 
0.673488 0.541169 0.656258 0.325398 
0.381417 0.359257 0.627692 0.484544 
0.504939 0.374319 0.529594 0.318737 
0.288792 0.282295 0.582011 0.422095 
0.235590 0.404022 0.493823 0.495586 
0.504347 0.311409 0.486609 0.476292 
0.475907 0.558299 0.421091 0.391585 
0.537523 0.453774 0.575334 0.292313 
0.580766 0.357368 0.760566 0.615804 
0.319631 0.446907 0.424446 0.360697 
0.266148 0.403460 0.202845 0.473434 
0.695854 0.404985 0.609504 0.673777 
0.318366 0.217170 0.439473 0.358385 
0.109428 0.252748 0.242709 0.239144 
0.583984 0.535914 0.391855 0.434589 
0.957954 0.973678 0.969240 0.969904 
0.698502 0.599296 0.464145 0.567155 
0.562548 0.259247 0.366038 0.379931 
0.239617 0.406862 0.586087 0.529507 
0.703404 0.801735 0.756372 0.794417 
0.669768 0.597061 0.787750 0.593628 
0.553137 0.548536 0.583904 0.269223 
0.704608 0.571496 0.617911 0.615709 
0.557554 0.372040 0.203354 0.408909 
0.371218 0.563655 0.267658 0.709072 
0.674069 0.389105 0.567770 0.550191 
0.183288 0.369234 0.228915 0.268300 
0.474024 0.285950 0.456790 0.472118 
0.550081 0.706847 0.481320 0.432861 
0.247899 0.418870 0.104008 0.420814 
0.699553 0.599996 0.640064 0.469064 
0.453195 0.354757 0.429203 0.495605 
0.506958 0.580564 0.401583 0.714193 
0.606195 0.480867 0.493572 0.370768 
0.671257 0.794146 0.609516 0.685333 
0.656905 0.698644 0.610013 0.625318 
0.511911 0.588455 0.624520 0.417850 
0.048607 0.116651 0.111394 0.185037 
0.308418 0.403183 0.295915 0.514723 
0.359176 0.265799 0.374511 0.206737 
0.611066 0.613973 0.579726 0.557989 
0.110896 0.193420 0.093083 0.174836 
0.756561 0.566240 0.590678 0.562962 
0.557012 0.491605 0.650548 0.494393 
0.364414 0.567956 0.476395 0.570027 
0.392542 0.599702 0.574392 0.391770 
0.497210 0.547096 0.629358 0.743200 
0.641213 0.556520 0.558825 0.404622 
0.463441 0.684285 0.682624 0.588107 
0.727350 0.698749 0.829126 0.744219 
0.366268 0.312220 0.391612 0.339506 
0.597857 0.610550 0.538115 0.460962 
0.291650 0.221802 0.369480 0.361541 
0.632473 0.481670 0.529333 0.329572 
0.347430 0.368765 0.359966 0.503174 
0.726097 0.732403 0.702335 0.778662 
0.381290 0.568298 0.422161 0.211983 
0.624619 0.569519 0.498484 0.599313 
0.457405 0.422978 0.606643 0.372142 
0.681827 0.622881 0.652408 0.604930 
0.419081 0.380720 0.351971 0.277971 
0.265642 0.299059 0.200019 0.396654 
0.638717 0.654270 0.680052 0.485685 
0.529010 0.424775 0.454522 0.293671 
0.649658 0.388867 0.577623 0.546743 
0.571732 0.531899 0.693939 0.635797 
0.449507 0.192860 0.246022 0.268511 
0.267141 0.562806 0.600789 0.349064 
0.644145 0.669414 0.489185 0.618782 
0.392374 0.548301 0.463428 0.611114 
0.590046 0.513437 0.576851 0.632915 
0.697529 0.524817 0.609225 0.539036 
0.395983 0.140826 0.427062 0.497754 
0.274438 0.465946 0.292034 0.618385 
0.399441 0.443650 0.196546 0.619534 
0.688540 0.563681 0.797137 0.627632 
0.308589 0.343029 0.322791 0.238122 
0.259888 0.329169 0.252517 0.193946 
0.669807 0.580178 0.660658 0.580476 
0.490935 0.377600 0.526632 0.462340 
0.831879 0.875128 0.886143 0.877670 
0.449996 0.791306 0.475846 0.579933 
0.774622 0.767853 0.883448 0.750901 
0.698791 0.778522 0.698176 0.703830 
0.313295 0.557027 0.502056 0.411487 
0.244429 0.346582 0.306768 0.439873 
0.487377 0.712819 0.492189 0.641321 
0.321837 0.685113 0.465824 0.423423 
0.479721 0.433074 0.687216 0.329616 
0.720013 0.597655 0.447495 0.519313 
0.266656 0.606578 0.438402 0.485651 
0.500801 0.630710 0.454187 0.733835 
0.648618 0.322074 0.649008 0.459767 
0.477617 0.542017 0.490628 0.633704 
0.834558 0.638357 0.712473 0.576977 
0.352315 0.753812 0.384800 0.419820 
0.442214 0.465536 0.472880 0.373690 
0.112293 0.155342 0.274233 0.307753 
0.664555 0.439986 0.619090 0.372310 
0.456771 0.430420 0.574254 0.302933 
0.451330 0.666808 0.534791 0.598024 
0.545701 0.726697 0.579838 0.698807 
0.321063 0.261380 0.420792 0.246167 
0.838307 0.741547 0.787130 0.796015 
0.560763 0.337685 0.284222 0.603771 
0.632844 0.555346 0.669878 0.735724 
0.495091 0.329845 0.561181 0.534385 
0.582413 0.744771 0.573378 0.792868 
0.188627 0.323709 0.248490 0.365021 
0.182850 0.240287 0.294718 0.488667 
0.706849 0.543441 0.640444 0.505750 
0.413189 0.565099 0.401451 0.375611 
0.190837 0.389129 0.433663 0.390754 
0.362577 0.282374 0.213178 0.268557 
0.521376 0.430210 0.504244 0.413472 
0.282080 0.379280 0.321022 0.397026 
0.736181 0.716652 0.696933 0.642124 
0.366920 0.702890 0.418353 0.375166 
0.372590 0.251344 0.229007 0.428742 
0.306682 0.495876 0.376975 0.602222 
0.342955 0.416811 0.301777 0.163308 
0.542665 0.609583 0.535748 0.751907 
0.399445 0.294783 0.350323 0.337531 
0.588965 0.318354 0.404498 0.351109 
0.742326 0.627293 0.622537 0.532316 
0.626813 0.305556 0.448181 0.278453 
0.382409 0.343103 0.332407 0.391710 
0.661755 0.315858 0.490117 0.510498 
0.425306 0.303791 0.470710 0.317511 
0.673237 0.415740 0.605833 0.509337 
0.577350 0.443594 0.478806 0.527540 
0.509482 0.429754 0.251058 0.300020 
0.731258 0.351145 0.642291 0.505375 
0.577704 0.733561 0.611598 0.449280 
0.251635 0.415940 0.496694 0.354144 
0.581705 0.355675 0.489686 0.636707 
0.556947 0.534038 0.230768 0.530515 
0.335264 0.406199 0.425652 0.460789 
0.460969 0.352786 0.518079 0.420396 
0.698308 0.575813 0.370680 0.484495 
0.575515 0.475189 0.655088 0.554279 
0.768103 0.418849 0.588373 0.442151 
0.684377 0.725383 0.609020 0.724952 
0.648599 0.514002 0.684084 0.448927 
0.393354 0.504577 0.429495 0.305190 
0.312729 0.584043 0.487802 0.512743 
0.359759 0.459739 0.560676 0.589469 
0.671617 0.660933 0.587708 0.554913 
0.200758 0.354198 0.218792 0.296925 
0.418395 0.313249 0.309412 0.297911 
0.487029 0.246658 0.490178 0.510642 
0.586257 0.461326 0.366962 0.288094 
0.271749 0.484100 0.454765 0.486466 
0.401252 0.404720 0.422906 0.537636 
0.578421 0.522042 0.614514 0.762810 
0.692873 0.542602 0.570788 0.406142 
0.515832 0.613364 0.260594 0.406010 
0.802809 0.761571 0.933654 0.724543 
0.425625 0.421916 0.334990 0.577270 
0.783757 0.731933 0.723845 0.651699 
0.722443 0.674527 0.785281 0.489295 
0.357009 0.322866 0.345304 0.444898 
0.603352 0.543713 0.522656 0.507088 
0.773351 0.333000 0.528706 0.475718 
0.760696 0.573070 0.531233 0.632524 
0.362543 0.520990 0.421626 0.316666 
0.409480 0.563089 0.465880 0.616134 
0.386785 0.415429 0.267752 0.653811 
0.190901 0.117164 0.203437 0.152108 
0.317366 0.413613 0.255331 0.357496 
0.209452 0.314995 0.337093 0.236550 
0.389156 0.681118 0.237511 0.687463 
0.387435 0.285032 0.423176 0.417479 
0.632274 0.599854 0.829873 0.736195 
0.607119 0.593480 0.710094 0.510928 
0.753306 0.834425 0.630101 0.691376 
0.609339 0.703873 0.626351 0.668287 
0.527661 0.595901 0.481693 0.624191 
0.359108 0.400234 0.518955 0.453332 
0.460604 0.547758 0.673847 0.430021 
0.407761 0.392621 0.643003 0.294505 
0.568722 0.428196 0.679977 0.727252 
0.455342 0.428546 0.515492 0.423646 
0.510318 0.581196 0.352156 0.563116 
0.313105 0.347333 0.382447 0.347436 
0.430213 0.309675 0.282044 0.299599 
0.596981 0.342543 0.303658 0.533503 
0.270574 0.450394 0.315798 0.424613 
0.548680 0.421746 0.246030 0.476557 
0.609950 0.723092 0.483745 0.778145 
0.520758 0.272111 0.610308 0.265485 
0.320015 0.437701 0.390882 0.394329 
0.493134 0.424896 0.491911 0.366897 
0.524167 0.513109 0.468680 0.352816 
0.586477 0.664181 0.764960 0.608669 
0.689568 0.819951 0.844204 0.783867 
0.196469 0.200601 0.214827 0.187099 
0.338620 0.371513 0.560285 0.641983 
0.852698 0.836695 0.797245 0.746413 
0.456669 0.559964 0.565910 0.543951 
0.203931 0.304551 0.354698 0.323080 
0.217484 0.364206 0.328372 0.261842 
0.189454 0.405108 0.368600 0.340839 
0.676818 0.637192 0.643415 0.714916 
0.263865 0.591608 0.535525 0.692313 
0.584537 0.607257 0.644454 0.743425 
0.534817 0.192943 0.448407 0.485163 
0.242834 0.606500 0.257326 0.391157 
0.804699 0.864287 0.713984 0.833844 
0.548070 0.472397 0.737525 0.424191 
0.552976 0.343321 0.461105 0.447047 
0.629625 0.552472 0.564471 0.634205 
0.670883 0.359663 0.793128 0.501406 
0.714973 0.685895 0.660176 0.576736 
0.343862 0.422444 0.422329 0.438635 
0.582972 0.462037 0.725269 0.649245 
0.665264 0.571274 0.224081 0.599371 
0.261958 0.480180 0.478132 0.766411 
0.665629 0.566844 0.582441 0.496909 
0.456363 0.471010 0.426694 0.412415 
0.755531 0.749815 0.769271 0.791449 
0.528571 0.275009 0.357263 0.329811 
0.601934 0.331712 0.579990 0.380148 
0.635478 0.581998 0.585261 0.773915 
0.433345 0.311482 0.365883 0.429187 
0.564336 0.413959 0.550836 0.632553 
0.247629 0.313427 0.698332 0.578504 
0.490900 0.496361 0.574730 0.640787 
0.324435 0.499265 0.563083 0.597435 
0.580053 0.432738 0.721968 0.528781 
0.370699 0.447363 0.546386 0.378901 
0.644947 0.787704 0.738568 0.798876 
0.575571 0.499536 0.446322 0.365652 
0.632024 0.601001 0.779871 0.689236 
0.499980 0.677969 0.488144 0.774219 
0.498963 0.495359 0.508890 0.606292 
0.599178 0.206209 0.553285 0.424902 
0.512237 0.142228 0.476136 0.198800 
0.305175 0.283122 0.314397 0.285392 
0.482480 0.436692 0.374097 0.372057 
0.374199 0.339487 0.539961 0.428545 
0.811165 0.705971 0.800611 0.730879 
0.528700 0.583369 0.431557 0.454319 
0.436175 0.406536 0.614202 0.434211 
0.458506 0.299020 0.482598 0.630888 
0.605281 0.478418 0.509204 0.627668 
0.709326 0.765152 0.698595 0.695434 
0.479806 0.518745 0.426177 0.719659 
0.315936 0.383435 0.146830 0.288562 
0.824278 0.842764 0.835112 0.806318 
0.214396 0.321760 0.179671 0.308629 
0.828046 0.816263 0.660855 0.795043 
0.779787 0.686157 0.701367 0.594900 
0.505553 0.345179 0.714423 0.606011 
0.256980 0.179382 0.273138 0.174018 
0.562564 0.674011 0.711285 0.476730 
0.435971 0.323761 0.538099 0.241446 
0.742624 0.769735 0.828104 0.762026 
0.782244 0.599075 0.715122 0.593777 
0.521937 0.710032 0.575217 0.337514 
0.621562 0.616911 0.662224 0.521878 
0.690532 0.738802 0.548661 0.606510 
0.654536 0.633553 0.730919 0.606225 
0.660285 0.553853 0.687483 0.752830 
0.276976 0.363177 0.282349 0.391866 
0.448049 0.226204 0.596524 0.405986 
0.466614 0.338519 0.442672 0.454636 
0.343496 0.401733 0.350864 0.386911 
0.096361 0.463752 0.304764 0.394978 
0.728988 0.705757 0.850033 0.739662 
0.382185 0.502272 0.430121 0.337477 
0.367941 0.580574 0.467810 0.426159 
0.384430 0.576590 0.257503 0.331541 
0.402408 0.252293 0.312897 0.385683 
0.489486 0.531930 0.638743 0.557044 
0.688175 0.659513 0.756922 0.735853 
0.585558 0.496515 0.700721 0.538821 
0.738689 0.748593 0.673843 0.698595 
0.664067 0.723508 0.709999 0.706340 
0.672377 0.549275 0.441936 0.368327 
0.370138 0.310488 0.351622 0.386964 
0.584100 0.499881 0.564270 0.526623 
0.227993 0.531264 0.251552 0.336578 
0.375333 0.446306 0.364665 0.526655 
0.579160 0.450501 0.683149 0.304403 
0.234218 0.100490 0.213129 0.145633 
0.710789 0.051281 0.810513 0.542863 
0.152559 0.150262 0.162626 0.129258 
0.322837 0.492243 0.244838 0.381961 
0.513017 0.555215 0.793162 0.595158 
0.581055 0.300130 0.373782 0.445779 
0.511580 0.625820 0.637821 0.683327 
0.545116 0.659351 0.515762 0.690561 
0.361892 0.475878 0.465553 0.633721 
0.548414 0.396611 0.377719 0.384954 
0.361613 0.677933 0.380185 0.750748 
0.331952 0.475464 0.455085 0.429532 
0.490479 0.781252 0.347603 0.752185 
0.413773 0.334254 0.529650 0.185418 
0.561554 0.638744 0.392721 0.618226 
0.489167 0.508903 0.763867 0.489775 
0.582897 0.762041 0.562467 0.787074 
0.712201 0.550765 0.694469 0.790840 
0.552861 0.413923 0.587355 0.432036 
0.775195 0.667041 0.774432 0.650911 
0.432737 0.722354 0.546437 0.395052 
0.441842 0.186175 0.352042 0.405539 
0.448102 0.432757 0.470572 0.443348 
0.440431 0.247869 0.433001 0.400101 
0.434824 0.359257 0.375611 0.327356 
0.621649 0.406403 0.481918 0.618111 
0.355445 0.331191 0.546101 0.370365 
0.500291 0.461975 0.897565 0.448523 
0.810827 0.601530 0.406126 0.357365 
0.571577 0.671142 0.649884 0.654976 
0.645441 0.726782 0.479824 0.597966 
0.553687 0.371492 0.536299 0.503793 
0.440324 0.620243 0.619162 0.664429 
0.443595 0.181009 0.254618 0.285676 
0.713642 0.398232 0.648932 0.525456 
0.493600 0.378811 0.347644 0.411459 
0.268934 0.372499 0.337352 0.505646 
0.601430 0.781662 0.648523 0.574386 
0.430744 0.332859 0.252925 0.370864 
0.451888 0.400850 0.461399 0.484194 
0.171825 0.350770 0.222717 0.386035 
0.435278 0.637228 0.374025 0.418372 
0.377191 0.600984 0.541123 0.688341 
0.736738 0.784129 0.719339 0.699635 
0.680069 0.503780 0.608084 0.451262 
0.487850 0.447777 0.380314 0.515694 
0.742403 0.676052 0.761487 0.703535 
0.565221 0.656738 0.479048 0.523615 
0.424035 0.252375 0.365031 0.223811 
0.496678 0.484272 0.459627 0.626361 
0.588374 0.563141 0.751243 0.612292 
0.422532 0.820675 0.389639 0.574603 
0.746665 0.506814 0.654417 0.470593 
0.661978 0.806957 0.667528 0.721454 
0.749237 0.650350 0.823119 0.744904 
0.719871 0.517652 0.520786 0.628748 
0.559288 0.544580 0.555852 0.465743 
0.500279 0.475391 0.391342 0.429774 
0.529606 0.488431 0.457910 0.428946 
0.872953 0.612925 0.672347 0.631267 
0.728923 0.703195 0.702496 0.651316 
0.575807 0.600131 0.477174 0.417151 
0.409506 0.478063 0.249780 0.359378 
0.426741 0.348792 0.362894 0.332178 
0.600611 0.713975 0.384363 0.691865 
0.545464 0.405843 0.786930 0.590188 
0.253153 0.546436 0.366830 0.451472 
0.395357 0.334520 0.364027 0.379154 
0.692171 0.753591 0.698772 0.770345 
0.201766 0.261175 0.270342 0.142321 
0.508967 0.560745 0.525498 0.431689 
0.236612 0.283554 0.216524 0.253712 
0.490242 0.462454 0.266456 0.423592 
0.669085 0.627476 0.663309 0.689518 
0.625045 0.563518 0.614846 0.596930 
0.375323 0.395098 0.295641 0.312154 
0.644382 0.878282 0.527304 0.729013 
0.608056 0.476648 0.385547 0.426631 
0.681897 0.683301 0.396894 0.323204 
0.645245 0.499106 0.538579 0.530326 
0.607570 0.627682 0.505137 0.642260 
0.644937 0.637371 0.474530 0.630582 
0.205810 0.316437 0.267449 0.195298 
0.731818 0.874949 0.708687 0.655108 
0.296524 0.285209 0.268281 0.309279 
0.600127 0.613330 0.677037 0.355813 
0.202842 0.522058 0.324946 0.567346 
0.579022 0.570609 0.774378 0.607128 
0.456387 0.376052 0.520028 0.481867 
0.612041 0.744325 0.564314 0.788062 
0.461672 0.501813 0.346311 0.424717 
0.575425 0.615235 0.675225 0.605096 
0.847738 0.886358 0.785253 0.884149 
0.507326 0.672789 0.579565 0.648314 
0.386939 0.774253 0.519361 0.660569 
0.493695 0.723597 0.442716 0.429232 
0.646726 0.467941 0.749677 0.406042 
0.307999 0.517133 0.211398 0.518060 
0.727436 0.694970 0.476982 0.696130 
0.750177 0.632384 0.720628 0.757139 
0.815272 0.886755 0.818188 0.769096 
0.409503 0.653152 0.180241 0.620711 
0.637260 0.788954 0.516834 0.660089 
0.278948 0.249451 0.134795 0.460441 
0.598883 0.744776 0.627067 0.694726 
0.384579 0.308328 0.382482 0.423353 
0.478461 0.739819 0.384030 0.605380 
0.289552 0.536650 0.275006 0.697763 
0.480925 0.321301 0.448037 0.440397 
0.403265 0.352193 0.394859 0.289014 
0.580570 0.715400 0.589146 0.662217 
0.354319 0.347456 0.497892 0.434869 
0.334384 0.419626 0.246209 0.327026 
0.673779 0.488558 0.555588 0.371624 
0.298173 0.356819 0.213968 0.373258 
0.409615 0.649055 0.377037 0.561061 
0.686696 0.590782 0.655888 0.762191 
0.313971 0.408501 0.335668 0.315156 
0.479961 0.326169 0.380659 0.338184 
0.340947 0.562608 0.457611 0.669993 
0.450946 0.634910 0.674077 0.358643 
0.281012 0.354008 0.239419 0.292023 
0.208453 0.376517 0.380098 0.225563 
0.140210 0.172611 0.164883 0.121505 
0.261528 0.252280 0.308179 0.199235 
0.774750 0.768028 0.653338 0.782845 
0.405370 0.512940 0.502413 0.412714 
0.306969 0.437404 0.378769 0.457867 
0.455272 0.502593 0.406975 0.691805 
0.424904 0.310707 0.431272 0.370376 
0.754148 0.804467 0.881293 0.695294 
0.090365 0.276718 0.147576 0.266862 
0.371001 0.325764 0.368969 0.396159 
0.358831 0.479852 0.731551 0.592873 
0.699222 0.437949 0.559774 0.336732 
0.459787 0.254062 0.460174 0.362076 
0.185383 0.209852 0.208890 0.186357 
0.420528 0.560087 0.458571 0.600198 
0.703586 0.661673 0.550762 0.785958 
0.319583 0.165770 0.257323 0.205049 
0.634467 0.353471 0.590572 0.461606 
0.515031 0.295561 0.640023 0.474092 
0.655348 0.719467 0.514543 0.775982 
0.304643 0.563646 0.570679 0.666950 
0.108945 0.186426 0.135288 0.077339 
0.666419 0.752134 0.534603 0.823117 
0.355589 0.552313 0.483445 0.331458 
0.744704 0.760865 0.675076 0.783986 
0.212174 0.415486 0.161334 0.533357 
0.338558 0.286162 0.499171 0.296387 
0.524775 0.504238 0.510564 0.301503 
0.487511 0.551451 0.443474 0.694432 
0.170754 0.365912 0.340502 0.356420 
0.603964 0.549836 0.405897 0.579139 
0.735889 0.845411 0.729184 0.690971 
0.461870 0.355084 0.475177 0.341796 
0.582668 0.519278 0.754641 0.577085 
0.554609 0.492698 0.499392 0.408220 
0.481866 0.832316 0.483898 0.721724 
0.626924 0.583871 0.560335 0.521884 
0.316898 0.242167 0.257040 0.238633 
0.380288 0.440923 0.441544 0.364901 
0.595526 0.747404 0.764036 0.685804 
0.702684 0.770998 0.541029 0.660195 
0.528752 0.619479 0.334818 0.485550 
0.137400 0.219529 0.273434 0.109160 
0.643977 0.380359 0.572073 0.356790 
0.714545 0.611210 0.839470 0.624749 
0.441266 0.774235 0.564874 0.773077 
0.370968 0.498524 0.402916 0.474538 
0.655779 0.549062 0.826768 0.476848 
0.476998 0.545614 0.496951 0.625821 
0.279835 0.176582 0.173574 0.179560 
0.368206 0.329642 0.142032 0.245079 
0.474944 0.480900 0.262407 0.531581 
0.672955 0.616033 0.742177 0.727934 
0.722234 0.492686 0.415292 0.614603 
0.599043 0.797555 0.723305 0.854726 
0.533707 0.718926 0.661954 0.471256 
0.279492 0.515039 0.362229 0.534276 
0.480798 0.662891 0.600964 0.433382 
0.600125 0.708201 0.619445 0.617027 
0.630303 0.585226 0.587401 0.733021 
0.504281 0.379168 0.580813 0.600995 
0.555898 0.256593 0.579329 0.425432 
0.536835 0.615054 0.551616 0.582616 
0.531764 0.313936 0.692252 0.422067 
0.456957 0.546256 0.514430 0.399271 
0.574752 0.678570 0.589162 0.788265 
0.668328 0.697325 0.642118 0.623380 
0.433481 0.613619 0.767242 0.480851 
0.622769 0.694421 0.517964 0.723839 
0.504735 0.553207 0.366820 0.514113 
0.254793 0.418990 0.259463 0.378530 
0.292587 0.424201 0.422042 0.273052 
0.588874 0.493882 0.524008 0.428535 
0.688232 0.361908 0.781747 0.257628 
0.373306 0.506007 0.452426 0.619293 
0.584245 0.421643 0.254975 0.470496 
0.346827 0.420314 0.380574 0.610414 
0.429208 0.513751 0.684213 0.367393 
0.629205 0.461748 0.412538 0.577177 
0.347075 0.482729 0.393033 0.349952 
0.489663 0.696092 0.585401 0.566326 
0.392077 0.257408 0.383267 0.340466 
0.183670 0.731147 0.621864 0.551785 
0.286584 0.332565 0.416317 0.359853 
0.772400 0.607311 0.579692 0.510466 
0.353390 0.569992 0.307966 0.321431 
0.834430 0.825631 0.808768 0.781022 
0.617308 0.234127 0.498911 0.578013 
0.539920 0.563984 0.531953 0.398586 
0.233420 0.178411 0.152978 0.281515 
0.205065 0.332189 0.318638 0.552803 
0.566654 0.424751 0.460936 0.164791 
0.587948 0.733261 0.732291 0.719583 
0.745791 0.659882 0.569378 0.557686 
0.455633 0.507303 0.339590 0.504299 
0.596499 0.414555 0.697097 0.470865 
0.484692 0.485784 0.735350 0.526566 
0.356908 0.275926 0.395434 0.297255 
0.357534 0.336102 0.382591 0.390765 
0.643634 0.659959 0.626862 0.692994 
0.699360 0.720407 0.542161 0.728222 
0.644861 0.740525 0.596801 0.683797 
0.376892 0.311256 0.362100 0.305403 
0.655678 0.532962 0.281619 0.612248 
0.597608 0.765061 0.701135 0.695656 
0.748188 0.806084 0.757209 0.778045 
0.233854 0.380777 0.302529 0.407034 
0.495627 0.624346 0.570475 0.710389 
0.537162 0.431301 0.554140 0.537204 
0.147045 0.128879 0.140813 0.265781 
0.311563 0.639598 0.536884 0.600566 
0.735938 0.725526 0.911751 0.662505 
0.554799 0.509243 0.514455 0.652452 
0.431418 0.243206 0.386881 0.656000 
0.303118 0.288674 0.330190 0.354232 
0.765618 0.723736 0.648517 0.725810 
0.404095 0.433881 0.274441 0.389552 
0.735889 0.726791 0.667967 0.665460 
0.450444 0.487525 0.671931 0.569914 
0.406709 0.690294 0.559367 0.664997 
0.648992 0.687328 0.721605 0.536646 
0.822397 0.376069 0.802547 0.414223 
0.291165 0.295698 0.580825 0.272848 
0.555122 0.328773 0.793007 0.160587 
0.430126 0.353141 0.320461 0.378788 
0.357683 0.615392 0.558666 0.593817 
0.518771 0.290106 0.586014 0.399312 
0.478405 0.381319 0.399978 0.195937 
0.362703 0.715326 0.591608 0.581359 
0.558655 0.468733 0.450325 0.562206 
0.513350 0.264647 0.337409 0.533757 
0.690743 0.506252 0.709458 0.546890 
0.453405 0.467075 0.383232 0.391573 
0.665307 0.727026 0.534256 0.628691 
0.695172 0.729928 0.624053 0.685150 
0.579735 0.546235 0.706523 0.708161 
0.403421 0.601068 0.613190 0.608176 
0.587825 0.307291 0.561911 0.402934 
0.244191 0.145324 0.257904 0.306460 
0.747122 0.593268 0.623217 0.413567 
0.561023 0.463620 0.435662 0.368782 
0.442818 0.225824 0.301287 0.258339 
0.838976 0.793243 0.831506 0.788616 
0.231005 0.211502 0.238959 0.257579 
0.346587 0.560423 0.282821 0.406607 
0.473660 0.500577 0.723039 0.627070 
0.564157 0.409936 0.728481 0.619143 
0.592517 0.436941 0.220967 0.498238 
0.539242 0.627227 0.538034 0.603363 
0.549328 0.465743 0.584236 0.550844 
0.342269 0.233410 0.302713 0.159798 
0.449543 0.690481 0.604251 0.517486 
0.446608 0.523243 0.363988 0.587398 
0.460682 0.756032 0.256873 0.642172 
0.712070 0.409312 0.327258 0.347483 
0.613506 0.628287 0.533666 0.492299 
0.522530 0.545876 0.370868 0.330276 
0.278033 0.264494 0.525641 0.444418 
0.754246 0.721121 0.711190 0.691467 
0.181792 0.587162 0.434844 0.471002 
0.500351 0.501452 0.423427 0.406326 
0.647015 0.825014 0.602923 0.691148 
0.666054 0.765996 0.773162 0.719966 
0.900854 0.447255 0.642465 0.372518 
0.559095 0.333681 0.344732 0.362040 
0.457628 0.442239 0.482013 0.460596 
0.385938 0.410310 0.422864 0.453531 
0.582730 0.643177 0.519673 0.490865 
0.608109 0.383089 0.740471 0.500298 
0.564766 0.494805 0.490483 0.535168 
0.264630 0.349098 0.385234 0.498485 
0.604937 0.543536 0.691261 0.369383 
0.351353 0.393923 0.225418 0.476889 
0.439018 0.420694 0.257421 0.527036 
0.638471 0.502201 0.450633 0.602467 
0.739917 0.747266 0.554441 0.599980 
0.345711 0.526419 0.577796 0.410765 
0.340839 0.330950 0.329079 0.329954 
0.342506 0.604154 0.563175 0.619312 
0.607697 0.311946 0.503720 0.111832 
0.484204 0.463236 0.744199 0.685213 
0.412060 0.605008 0.621593 0.300721 
0.381168 0.493059 0.608368 0.630728 
0.588959 0.590129 0.560513 0.370614 
0.250294 0.288094 0.247453 0.628216 
0.427146 0.231165 0.428418 0.261654 
0.392766 0.278372 0.312309 0.324720 
0.766631 0.661206 0.549540 0.621597 
0.831373 0.896743 0.857444 0.861471 
0.230814 0.320350 0.401376 0.167414 
0.342250 0.459347 0.273906 0.409670 
0.788343 0.397980 0.730351 0.615215 
0.172035 0.381269 0.246975 0.302259 
0.838644 0.636541 0.505027 0.675655 
0.482969 0.658187 0.589424 0.383271 
0.651875 0.523303 0.577072 0.546579 
0.665678 0.267417 0.449977 0.222424 
0.691306 0.669949 0.657496 0.606185 
0.368925 0.539728 0.663846 0.364698 
0.315915 0.514610 0.372312 0.482210 
0.572375 0.708820 0.683506 0.707735 
0.295851 0.596901 0.425912 0.572523 
0.190959 0.371019 0.428082 0.307352 
0.299641 0.555161 0.321451 0.431168 
0.423819 0.647154 0.692494 0.545327 
0.575076 0.693530 0.670404 0.508367 
0.744976 0.597638 0.756395 0.815682 
0.338677 0.407826 0.437227 0.631498 
0.437215 0.411431 0.639707 0.509149 
0.612945 0.427423 0.607541 0.430864 
0.522842 0.403704 0.434966 0.502256 
0.594565 0.331748 0.629697 0.512927 
0.367878 0.425561 0.524120 0.353323 
0.457862 0.688440 0.423505 0.678453 
0.800854 0.812115 0.644175 0.742880 
0.366964 0.646063 0.594422 0.451691 
0.497278 0.353873 0.460279 0.616558 
0.563898 0.549255 0.603695 0.541880 
0.689479 0.719622 0.568871 0.545485 
0.514693 0.629949 0.279144 0.612399 
0.709521 0.652347 0.564117 0.575912 
0.539135 0.185311 0.459503 0.374674 
0.169516 0.271330 0.180094 0.206581 
0.589686 0.774782 0.549795 0.270331 
0.553299 0.476857 0.612736 0.533485 
0.668041 0.643934 0.663418 0.567404 
0.599437 0.754644 0.573734 0.763529 
0.459132 0.491373 0.516367 0.505058 
0.368624 0.461191 0.485243 0.498229 
0.209587 0.156047 0.221449 0.185375 
0.421240 0.691861 0.522736 0.637722 
0.278929 0.285632 0.473002 0.499395 
0.756008 0.746954 0.607261 0.757826 
0.356155 0.288752 0.287069 0.378941 
0.902740 0.651803 0.817258 0.657251 
0.443684 0.260976 0.413372 0.329365 
0.260073 0.140860 0.312920 0.166921 
0.600955 0.515310 0.526238 0.682564 
0.515154 0.448871 0.547331 0.552142 
0.603343 0.670035 0.747081 0.696942 
0.759073 0.530801 0.652762 0.444063 
0.433683 0.362506 0.464593 0.476336 
0.611490 0.688842 0.618701 0.663127 
0.268163 0.668137 0.512357 0.540724 
0.613438 0.624467 0.639182 0.783578 
0.242861 0.237411 0.327561 0.182103 
0.420291 0.325108 0.692120 0.258947 
0.762580 0.365904 0.641993 0.349919 
0.617428 0.370325 0.522141 0.425691 
0.553843 0.452422 0.391529 0.532857 
0.796475 0.667995 0.874427 0.679426 
0.894952 0.817010 0.909117 0.690511 
0.490424 0.442319 0.534303 0.432759 
0.485921 0.396440 0.506087 0.607614 
0.564085 0.406803 0.591952 0.393019 
0.250705 0.253884 0.205515 0.342295 
0.288609 0.217225 0.304075 0.351493 
0.426897 0.582783 0.412645 0.454613 
0.449406 0.290437 0.688446 0.317168 
0.521912 0.623420 0.308394 0.540573 
0.453204 0.475682 0.387072 0.695473 
0.749050 0.585860 0.566798 0.630322 
0.307180 0.360794 0.456138 0.552732 
0.362604 0.358664 0.415798 0.270031 
0.802986 0.690729 0.641622 0.622485 
0.357553 0.404073 0.282985 0.384276 
0.151988 0.409024 0.550688 0.405880 
0.135626 0.752141 0.377230 0.578360 
0.595244 0.507868 0.564572 0.661295 
0.333278 0.573279 0.561278 0.649935 
0.588308 0.686628 0.637805 0.505204 
0.345534 0.457572 0.461081 0.395895 
0.794836 0.443364 0.619045 0.471670 
0.579325 0.501927 0.463572 0.453485 
0.481590 0.538503 0.516611 0.381023 
0.572820 0.374826 0.464258 0.536060 
0.235046 0.306057 0.398584 0.387622 
0.447011 0.491750 0.508346 0.424576 
0.553146 0.451068 0.313856 0.462288 
0.475550 0.487874 0.581525 0.610778 
0.504664 0.455646 0.516795 0.541511 
0.676381 0.558489 0.440128 0.454633 
0.257355 0.349446 0.409090 0.213847 
0.446581 0.278902 0.603709 0.310953 
0.348165 0.471240 0.336678 0.452700 
0.680120 0.558996 0.562806 0.536818 
0.402495 0.285060 0.317998 0.130233 
0.597340 0.431911 0.509559 0.448228 
0.691287 0.788214 0.633817 0.789176 
0.498296 0.318971 0.357399 0.162834 
0.402647 0.501650 0.409431 0.553669 
0.632234 0.529132 0.605343 0.388651 
0.719234 0.504894 0.610185 0.562992 
0.356844 0.405377 0.260115 0.401931 
0.538301 0.522565 0.484773 0.626426 
0.407995 0.307865 0.450815 0.234200 
0.367177 0.365245 0.360052 0.229375 
0.684848 0.696181 0.776984 0.702302 
0.560684 0.401211 0.538596 0.282403 
0.117640 0.131775 0.158725 0.111887 
0.573548 0.290215 0.295741 0.525105 
0.372862 0.412614 0.423898 0.335063 
0.705708 0.558018 0.670328 0.650613 
0.720484 0.460044 0.543734 0.371371 
0.749366 0.481425 0.630227 0.674601 
0.453922 0.534984 0.580229 0.569383 
0.213595 0.283029 0.209352 0.305775 
0.696330 0.294259 0.764781 0.366610 
0.461473 0.560077 0.615139 0.593993 
0.562113 0.447963 0.612297 0.533288 
0.353714 0.331099 0.374196 0.285304 
0.530969 0.747325 0.673558 0.681127 
0.626775 0.576339 0.786467 0.731596 
0.528208 0.554255 0.474026 0.453506 
0.560892 0.595632 0.571107 0.671168 
0.527782 0.627471 0.729209 0.549558 
0.827520 0.800994 0.878544 0.785741 
0.372253 0.766724 0.205943 0.652284 
0.529199 0.742656 0.466775 0.652971 
0.201086 0.243742 0.220168 0.250829 
0.575165 0.488838 0.497710 0.504043 
0.341614 0.358517 0.539537 0.220820 
0.587278 0.505805 0.769760 0.336363 
0.403489 0.528235 0.189935 0.539945 
0.565054 0.687639 0.628312 0.421627 
0.447334 0.468883 0.460538 0.424739 
0.655942 0.251868 0.686473 0.325674 
0.609883 0.596412 0.715692 0.732938 
0.338384 0.473680 0.566760 0.526037 
0.462461 0.629373 0.349459 0.527682 
0.344088 0.478059 0.320968 0.557212 
0.489900 0.292235 0.822465 0.530887 
0.223423 0.408901 0.280808 0.405042 
0.229086 0.232413 0.306847 0.315079 
0.318216 0.286032 0.337798 0.215009 
0.695108 0.663004 0.816518 0.706332 
0.496616 0.464594 0.476086 0.701111 
0.396523 0.636695 0.320558 0.536137 
0.521615 0.624808 0.540492 0.800582 
0.386042 0.368049 0.411822 0.359614 
0.686340 0.692127 0.641022 0.817686 
0.599197 0.571064 0.814417 0.483237 
0.681659 0.612756 0.575596 0.621575 
0.367672 0.518636 0.626093 0.492799 
0.365918 0.322878 0.404479 0.293262 
0.496393 0.443741 0.341471 0.390816 
0.670337 0.631660 0.701219 0.626364 
0.308941 0.333519 0.367855 0.423531 
0.705433 0.676973 0.749769 0.567556 
0.642806 0.555790 0.630860 0.517114 
0.585696 0.440291 0.726151 0.537454 
0.722227 0.586760 0.665289 0.477174 
0.401618 0.283504 0.382057 0.490485 
0.497042 0.214364 0.303969 0.168090 
0.729347 0.387190 0.711686 0.388045 
0.351390 0.437730 0.498307 0.341048 
0.448009 0.516544 0.585138 0.678586 
0.530519 0.655963 0.671545 0.539433 
0.340120 0.309296 0.258803 0.356184 
0.611559 0.408404 0.586814 0.240069 
0.365096 0.233068 0.481364 0.250091 
0.618118 0.307414 0.619043 0.353557 
0.492528 0.775182 0.423070 0.487171 
