4000 4
6928,159,8988,3823
9891,142,5898,3969
2820,3430,2091,9660
8522,509,9612,3835
293,5340,4342,9150
8017,3052,6312,3649
8447,1933,2667,6227
4391,6336,2189,4324
6998,5707,4030,6436
4848,5954,8529,2911
9616,9228,13,2119
7002,5714,1563,5862
1230,8427,950,6255
4167,8031,8595,321
2960,7506,8873,1448
1705,8581,4907,6877
8536,6702,949,1228
4566,4408,2262,7313
2499,4849,8564,4309
8497,624,9232,3235
3641,5025,7661,995
5048,6273,6159,2906
8423,6493,4384,3770
4886,6088,2592,5027
5409,3133,5314,1791
2754,6372,5097,5251
8018,4464,6316,3512
9092,630,5489,4698
5496,2708,2811,9468
1026,6181,9949,1123
7104,3879,6323,1620
807,2955,4483,9463
2224,7635,7178,7430
4993,2772,6089,5444
3884,3931,5859,8466
2419,7976,2822,4834
4053,4146,4580,5905
5539,836,6410,8076
1935,8898,828,7494
6988,903,4962,7635
8838,1328,5911,4916
9856,6350,2161,1700
1365,8618,600,8323
6736,8031,1011,1310
5321,8553,1024,4889
6950,1235,7590,4309
1971,6004,6844,6348
53,3874,5951,6912
5193,8984,1389,6178
4620,6868,1117,7620
7442,932,7581,3928
9050,4995,1905,2311
3693,8773,206,7234
6418,9327,2656,1762
1087,2920,9595,9561
3882,4901,4314,9565
4490,3108,2002,9254
4347,3370,4688,4889
3735,4201,4183,8548
7174,357,7464,3114
2152,8208,321,7839
1542,8745,7108,2052
7242,4453,1701,4841
6197,858,2339,7752
6964,7479,4286,1962
2800,6991,2082,7854
4756,6533,8916,1380
8294,9584,1835,2176
4479,4724,4738,7154
5442,5421,7863,1664
3355,5479,5557,8020
5909,4892,1073,9397
2619,3642,4169,5073
4975,2931,5440,6604
5193,3449,3604,7021
5504,3461,4039,7631
7000,5213,4016,4715
3822,3368,7475,9373
6078,4967,7042,2410
4507,5796,3085,5941
2160,7326,4671,4713
5054,3644,3943,5164
1062,5357,6135,8410
6360,7353,3542,4016
8558,8097,536,2074
9955,3778,1392,2800
2885,9897,9294,585
3558,7792,7437,1831
4645,9068,2745,3703
2798,6489,8328,3469
1473,1890,9570,7001
7985,3650,3108,6048
4823,4808,2313,7768
5654,6416,5581,3399
5706,2793,1960,7894
5075,5883,2501,6375
8286,7956,4789,1174
1710,6798,6749,1957
8480,7009,4691,1537
5614,4360,5469,6888
6683,476,8906,4265
5211,5713,3072,5536
2651,8793,6852,5545
2564,8872,1376,7840
3760,6965,5284,5690
88,9980,2965,5867
6761,5189,5692,4637
2240,9977,1878,6205
6190,7231,1593,3319
945,9518,2294,7436
7740,4080,3194,6649
2711,8104,3248,9532
2355,7243,1753,8866
6113,1894,4739,3744
2232,7270,6448,6252
6956,4496,4089,5747
8602,3067,9463,1495
1364,1895,7650,6392
474,1316,9181,7989
6750,4239,7003,3380
5822,1562,7982,6550
8421,2353,9448,2288
5416,3976,4861,6471
9672,2373,6748,1609
5703,9986,5486,25
4905,5813,4825,6721
8063,4159,1861,6827
4774,6994,1112,6652
5921,8312,1061,6281
1593,9742,1073,6467
8205,1694,1944,5358
204,5418,7024,5670
5875,577,6051,7954
8556,2845,4589,1568
4360,6069,4045,3501
6243,2161,3040,8029
3633,6574,5370,3815
8951,2100,8525,1259
7071,6270,5484,3208
9061,4054,2822,3072
491,6073,5214,7991
5067,8419,5909,2824
7794,336,2068,8987
4708,7655,5006,3358
4480,9901,1638,5867
7648,9072,3609,2279
3920,7806,8048,5132
5948,4686,6869,6086
6400,3087,4760,5574
8584,5179,4805,1122
5042,5310,2579,4574
147,7480,7670,3463
9220,1548,2414,6167
8131,4863,6309,2480
7255,1500,5296,3898
3458,5839,3331,9535
6870,5189,856,6860
5747,8673,3778,1288
2807,9765,526,2516
3207,8728,2728,886
8302,3407,4282,6976
6763,4201,4404,2998
1576,3497,5132,7324
8901,395,9236,3696
1158,6761,4105,4925
2570,5016,4344,5910
3145,5057,5700,8084
3301,6958,390,6584
762,2167,6798,9442
4235,9979,2738,5208
256,9232,7067,3528
2911,5366,1368,7546
3236,3461,7783,2336
3111,5763,7751,4637
8512,7895,549,4634
1664,7572,3678,7613
9772,4440,1751,1951
210,9629,4029,6502
3092,4673,3395,7180
5497,2029,5696,9519
10,3378,8988,3782
4354,4288,6400,2427
5019,5512,9002,931
6576,3763,1411,7471
704,8272,7493,5042
4101,4359,3467,9649
9387,7011,3745,307
1774,6652,4707,7199
8844,1339,2536,6642
6258,2893,2775,9082
5757,3981,2907,9213
1990,4745,2830,8671
8059,2470,6059,872
2224,9137,2044,7652
6770,8103,3238,3628
4729,7358,3169,4853
6691,5195,4289,5048
4280,2228,4214,8989
3033,9139,2622,5629
1317,9811,7964,4034
8823,6877,899,3747
8461,2283,5070,4463
4904,1502,9976,4200
4916,7263,4948,3843
7857,621,8904,3546
2965,3798,1186,6942
6372,9367,1757,2230
8112,5912,4776,2883
4739,4752,7019,6335
4877,4442,5172,4619
5741,1574,9173,4916
4186,9409,4825,882
3908,1402,9534,4322
2029,3993,7766,5218
2692,2073,8645,5567
5331,2413,5058,4031
7427,2982,2465,2843
270,5004,5104,9005
2632,7934,8053,470
875,8146,5463,3865
3706,9691,2308,5102
3078,3809,7934,8129
8725,7145,4795,1873
8673,5261,16,5388
6024,322,3068,8629
3922,3802,7633,2680
2988,304,3282,8576
6910,2936,8471,1144
8512,4070,6872,1693
8724,2301,801,7815
7549,1876,7139,2177
1326,5379,3048,7300
5091,3760,3899,6951
6688,6012,4058,4516
9203,345,6460,3062
2890,3760,6108,5570
5630,712,5072,7420
2959,2596,2594,9641
5971,3565,7913,3748
6127,4085,5159,5873
6062,5092,6349,2089
3099,5888,2357,9490
8576,5616,1927,1528
6424,3805,5544,4953
8896,3630,757,6493
2100,3081,6538,3715
2034,6642,980,8436
2124,6411,7990,4270
7398,6260,3548,2860
7363,768,4152,4391
8126,1098,4736,9278
4406,7024,2816,7579
925,2445,6965,8184
6631,4895,8128,2050
5566,3393,6653,4525
2816,3262,7557,8259
3344,3433,6967,5819
2308,3468,4822,9333
2444,4133,7250,7543
4234,1956,7931,6756
7971,4377,3554,7984
4241,8842,805,5850
2501,6770,1822,6242
53,7982,3929,6383
1626,8837,1566,6567
3846,7662,4361,4056
603,3495,8903,5896
2781,4456,7059,5656
7525,3625,5744,3666
5828,7054,4184,3087
1695,6150,6340,4274
4164,2029,8677,5054
3494,7048,5732,5209
2764,1529,7487,9331
3597,3984,1586,9576
5080,8962,2814,4485
1934,4016,7122,3315
3051,3804,9841,3007
3731,5845,9482,1358
6482,1685,8173,4349
3511,6198,4940,3562
2195,3928,4766,8796
5281,9506,5670,966
4073,6735,5899,4599
7152,8901,2894,474
2431,7986,7362,1793
2760,9105,2828,7181
8122,2852,2432,3088
3445,6053,6082,6980
6512,5330,2797,6721
4202,6759,7194,687
1149,2627,8052,7827
4713,1430,5098,9272
4801,5478,1989,5909
3228,7112,4720,3869
6374,5666,7101,1827
3473,4936,645,9724
9592,4687,4205,1625
3898,1618,5837,7457
440,6283,5142,5387
3533,6813,1450,6735
1838,6720,6340,5494
609,8069,3143,9003
8862,580,1308,7783
2374,7519,1085,9317
8100,1067,8310,521
5804,2662,7481,3750
4003,5429,5967,5139
2796,6483,7575,2737
2929,8459,4146,5828
7388,6096,807,6221
6079,2291,4247,7525
3511,3706,5723,5885
4737,1390,5794,3718
5985,3992,4663,9415
1397,8868,5859,7995
7141,3485,1636,8464
4685,6118,1583,6978
4954,6394,4379,2230
1383,8644,6384,6492
2938,5649,5579,3124
8916,1186,5941,3750
4522,7649,2508,5791
4785,2413,9527,3895
6383,4095,6188,4561
8600,4197,2164,3647
7771,358,4499,8016
7581,116,4490,7617
4829,839,4598,8749
1388,2379,9366,7015
5867,3696,9855,1570
5317,3130,4809,8225
6314,3336,3272,8349
5422,8382,3596,2149
6765,4324,5688,2042
9147,2393,6663,2990
1659,7779,3657,6901
1892,5589,9115,3401
7423,2825,1925,7157
5240,3643,9296,4430
7876,227,5542,5386
2539,4412,3420,8255
3049,5838,8594,3793
2712,6317,3389,5264
5379,7241,4513,89
4200,3143,6143,9152
3706,4795,7155,4836
2776,393,9108,6750
2324,5014,4129,8468
6631,2086,7665,2054
7441,2208,6922,3334
8488,3504,6208,2412
6600,4681,5581,6082
2018,3623,7430,6031
5658,1769,5878,6034
5312,2583,6436,4763
5570,5695,3323,5360
7691,1821,4753,6725
7571,3519,7032,3846
7419,4668,2086,4698
3041,8764,2847,6019
2231,8401,8901,2848
9545,5076,2271,2711
7859,3819,3517,4002
2130,2226,6437,7149
9332,4100,1285,4136
5667,4059,7341,2839
1379,5819,9138,2421
2072,6658,3475,7367
3036,340,5483,9806
2550,8252,6348,3988
3363,2242,4580,8129
5208,8265,6008,2341
4997,9939,5235,1787
9388,134,7474,1239
878,8870,4053,5931
6203,399,2879,7965
8126,1085,6876,4818
3953,7209,3447,6022
3298,4457,253,8813
9260,9052,1865,55
2300,6063,6575,3968
6331,3823,9135,4254
3922,1211,8027,5102
8560,3111,3680,3319
3127,5204,5490,5481
7545,4453,3299,4919
7877,4513,1361,6995
2095,9931,3208,6078
6573,3247,7577,4869
8300,2935,7312,337
6816,2714,6504,2519
5446,9955,2113,5513
9745,2442,2192,5584
318,5844,3449,9159
6929,4591,4907,6249
6297,8861,6289,860
4805,6567,6971,2207
8801,1611,6048,2891
2326,3641,5749,7442
2124,5569,461,9072
3345,4772,6257,6874
381,5973,7518,5692
7191,3716,7671,3355
5307,5680,5591,4396
7929,2532,8506,495
4491,808,3506,8558
6810,1923,9246,3719
8377,1977,2878,5227
5289,2391,4920,6453
4370,7591,1189,5370
7692,3769,4132,3436
205,9944,4652,6409
8313,1998,7438,3090
7356,9136,4970,666
511,9269,663,8423
1057,7976,8046,2457
9617,2227,6045,1919
6354,6582,3383,1291
3189,4839,6834,6021
5952,3827,6356,8428
5848,5212,514,9181
4362,7820,7753,1668
5276,6971,7975,118
2831,8817,4074,5646
8331,5773,5108,1587
5416,8376,5096,3165
5247,3865,5808,3609
6608,4997,5798,4192
5327,5185,4649,5302
8460,3693,5679,1595
7339,2027,2011,5737
7314,2222,2320,7063
1074,6300,5103,6150
4042,2822,8641,6150
1414,7857,5444,5361
3219,6458,8004,1934
8157,1750,3020,7064
6502,3344,4760,5076
2020,6517,9416,3587
6824,4860,1495,9021
844,9969,3051,7387
8892,3825,7053,1180
4329,8978,3412,2549
3791,3612,6004,6983
2771,7943,9034,1591
283,8357,2738,8555
4926,9645,2464,3272
4621,2548,1591,8837
2467,4702,2382,8513
3542,6488,4982,2086
4032,6326,6345,2006
3150,1893,7711,9680
6193,6549,2677,5668
9238,3650,5490,514
5765,5241,1717,9176
6353,6606,7316,2198
5401,1749,6899,2629
3538,5601,9840,2398
318,5973,6650,8547
8377,4029,4642,2775
6166,1931,7323,2858
7270,3506,4879,6431
9009,4197,6016,3423
7171,1697,9401,580
3890,8777,4325,6286
8518,5014,5889,150
2342,6821,2225,6597
20,2670,7843,8757
570,7945,4342,5728
2069,2842,4908,8255
6385,8691,4923,1267
2013,9566,1075,6348
5319,6227,7362,1958
3001,8902,2367,7111
2806,4486,7948,6163
699,9190,6110,2444
2615,5532,5015,4819
6349,6928,5313,4090
7868,2888,1019,6251
67,9956,4494,5642
7350,828,6079,5640
2096,5852,9657,3358
3301,7079,4878,6910
1323,2932,4892,9980
3037,8775,2559,4611
6159,3727,8524,1584
4223,2845,7883,4948
5814,2605,7160,8282
7701,4897,3834,5190
9030,1288,2614,5830
3158,8901,2579,3976
2006,3853,8666,6160
4626,435,6755,9892
8852,19,3500,5973
961,7426,9400,3639
1410,2540,8924,7969
4530,6228,3490,7422
319,8360,4594,5201
8625,6840,2734,2480
8738,3439,1955,7555
3005,1098,6548,7574
7668,444,9583,3449
2775,5193,5042,6546
6041,5174,3929,6443
7060,1097,3953,8320
5150,4047,8284,2138
7635,301,4638,7727
6984,6821,4074,3984
7207,3115,5800,3121
1954,7883,6921,3927
7278,3,5177,5564
4895,1904,7749,4265
6553,4069,5844,1768
3153,2938,9709,5449
6688,3142,1295,7264
3900,3193,9403,4498
1786,9406,4232,5582
6253,7596,3600,3671
5984,6848,6457,970
3456,5933,1999,8801
6385,440,9784,2324
1548,6089,2017,8780
9325,995,8527,2184
1555,6864,7953,1048
4880,7208,3796,4943
6632,2181,3691,8174
7089,7031,3599,3179
205,9649,2737,7165
3290,5806,7329,2597
3984,4939,7923,3917
7496,7510,3274,3552
2991,6910,4830,3702
1721,5843,5826,5919
2588,6161,3402,3616
3646,9206,8334,190
5074,900,9265,2396
9301,4279,4391,2440
270,6979,9117,3792
6405,1054,9239,476
8851,2994,3328,2786
7388,6244,1475,4261
5941,9782,5555,307
190,8133,9465,4535
8516,1464,4903,7275
8384,5564,5453,869
1364,5143,5494,6472
2699,9116,6225,888
3657,4076,4751,5451
9267,2455,6342,4200
1343,9638,2530,6520
4428,5239,6817,1868
472,3586,5477,9368
9813,8657,577,1536
3425,4876,3133,7604
698,7472,4891,8443
7006,3601,1470,8800
6738,3208,5546,2919
5399,9560,22,6988
505,4837,5749,6717
7863,3019,3503,6051
3203,2666,5939,9325
4812,8056,1904,5709
5036,4293,8210,2611
7570,1842,3086,5274
5542,2574,5799,9644
3493,2944,6900,6951
4289,2342,4862,9007
3022,6324,6534,5145
2262,9153,2154,8126
5620,4972,3587,3526
3482,6028,437,9398
1330,4702,4645,6990
6128,8102,5325,3045
304,9953,4817,6172
4698,5163,4652,6345
4263,7925,360,6020
2114,4097,7994,4879
5193,5242,5285,2457
7384,8889,1732,2458
6586,1715,8296,859
793,7593,8797,3144
6492,6052,1868,5797
6705,1192,6080,7096
2271,1171,9577,5399
3231,8574,3607,2824
6497,1808,4225,6326
4952,720,6080,8139
4258,1987,9721,1837
7118,1063,5084,3012
3119,8164,9220,1509
5099,4663,6257,4111
8353,6796,3564,678
2574,4410,8116,6843
679,3633,9195,7977
5931,4523,3302,4057
3842,6746,7257,415
3045,9502,3778,3945
4299,7875,1147,6250
5372,3561,6378,5641
4931,6284,3456,3902
2761,5657,7355,3596
6269,5258,7139,1359
1493,9696,6163,3104
4834,2188,816,9417
9547,6663,1972,1797
3526,8781,5323,4363
5474,2526,6480,6361
4250,6378,3086,5954
8532,4062,3389,5734
3688,4885,3931,6468
4600,6300,146,9510
7751,3147,3630,6241
6500,3598,5754,4886
9530,6743,62,2256
3007,5967,1480,9959
608,9839,2092,6334
5097,3490,5258,6548
6816,6047,2369,2893
7236,3933,6515,373
4799,7441,3015,4664
7642,2872,8024,3634
7846,5325,5531,3141
6270,8171,2337,4003
5722,7576,8245,200
9667,1909,5957,1439
1265,6902,6253,6581
4996,6040,4449,5623
5946,8052,1217,3926
5602,6462,1710,6337
7805,6133,6352,449
3680,5040,9006,4658
6160,8017,3069,2509
4286,930,5416,6913
4420,5811,2908,5807
8302,600,5950,3387
5003,3925,7673,4760
1772,7801,6596,5548
2866,6194,4244,7521
2825,6130,2089,7532
7562,3958,6790,2923
4221,5603,5816,2088
7926,3498,3045,5928
299,1035,6938,9387
6968,711,8041,7589
6170,3777,9242,1062
5003,3910,4866,3318
307,7554,5843,5708
7935,5854,7897,844
2888,5136,6652,3876
9608,3384,1052,5870
4529,6039,1196,7054
2039,6285,5786,5247
3972,6083,5236,1789
5042,6119,4022,5647
4516,5165,2794,8563
631,3675,9214,5962
442,7151,5395,6853
140,9180,1737,7332
5572,1324,8768,4302
6258,4078,7728,1250
165,9043,6229,4909
1357,6422,3046,6677
7917,1275,7161,2707
8452,3517,7215,3033
6501,2850,4026,2357
8033,3173,2577,3784
4920,9903,3370,3023
9144,3287,3041,3247
1837,6972,6224,7108
3915,5114,4295,6186
8170,6816,1816,3724
3194,5853,2010,9178
5413,2763,1907,8475
6069,5811,1774,6910
7897,6670,4941,1245
7789,7387,506,5195
6162,4395,4008,5008
1429,6096,6112,3835
3131,6186,3322,5842
7469,6863,691,5222
5030,8367,5356,192
5933,6232,4105,5795
559,4168,7610,9366
7807,955,4912,5822
8168,6935,4561,1153
6982,8234,4646,461
1468,8529,3273,7613
3914,8923,7661,333
3530,2405,6960,2594
6757,7079,4739,3593
4528,4485,7398,5544
5677,4909,2775,5660
9834,4362,7708,269
2326,4836,4553,7936
7923,983,763,6565
2232,6675,4440,8439
8425,4196,1358,5665
335,6552,6827,5097
2011,4658,1606,7947
1,3476,6583,9862
4564,1946,8310,4268
9426,7853,519,1094
6768,328,7542,6406
766,7256,1005,7756
6905,488,8579,2922
8892,5939,4108,1463
8693,2177,6815,1196
5067,3103,9318,2913
3880,5203,3018,4374
2895,5469,4325,8299
9213,7866,2236,5603
7778,7896,3908,4343
6608,8488,2814,2065
6917,6362,5061,3826
8789,5138,186,5061
6256,5391,5055,2225
9464,6602,995,5100
8416,4675,183,6315
6878,5273,2245,6328
8786,4652,2646,2931
864,399,7608,9568
3038,8119,4541,2281
7793,2403,1663,7620
8150,7829,28,4018
3293,3061,6832,4622
2643,5611,3119,6996
9481,244,8381,3289
3487,8446,6136,2584
7085,8991,5182,1089
3803,6929,9528,2232
4094,4906,4651,6674
7172,8944,4735,3441
208,8487,9029,1374
5327,1024,6247,5825
6141,2321,9563,883
689,3842,8616,4833
8218,3784,1437,4076
3653,7705,770,4572
4292,6207,2928,7132
2365,4512,3757,9622
8316,8025,855,3339
8308,5426,4771,3448
3940,9970,4415,262
615,8478,5842,3576
5721,2352,6209,4658
8254,2115,6739,3798
4510,5702,4902,4396
4987,8506,7965,303
5026,9150,2435,3560
1576,1554,9108,9213
9593,6720,1708,484
9770,2439,5476,1856
1391,4470,2561,9059
3477,1522,3542,9428
4759,725,9160,3183
4625,6029,90,6813
8209,153,5684,6345
3243,9951,4594,1906
5162,7773,2881,1168
1155,8146,2802,4365
818,8289,4257,4845
6925,4748,6674,2973
2989,3764,3296,8318
851,4704,4085,7830
367,7391,8369,3471
8355,2352,7769,781
4250,7701,9500,847
5459,6119,1566,7724
4619,8854,2402,2670
51,9976,5594,6299
2318,2864,6214,9450
7091,3039,7273,4563
7658,2823,5676,5316
8388,5469,3509,4339
8403,5481,6357,1385
6731,6273,1113,6191
7081,1195,6586,4977
1976,1,7281,9211
4902,8729,6605,788
4343,2976,3764,9255
6153,4817,2227,8985
6530,9179,5730,795
3095,2947,4339,9001
6241,4354,3594,5534
30,9549,6092,5639
5340,5808,2135,5937
4675,6896,2094,1245
2546,5946,455,9084
5346,1509,9831,2460
402,6663,5509,9151
5297,3824,5351,3266
301,3988,9031,4415
4312,8053,4600,631
1255,9531,1092,8656
9386,3500,6176,2438
7175,2802,2287,8465
8956,5088,1071,3787
6298,4870,4204,4886
7784,6006,7316,2317
6503,1511,7046,5853
5240,1384,6564,9312
1423,7561,5512,5091
7021,4625,5819,3948
5340,3968,946,9445
8000,4026,1909,4258
5643,2753,5260,5502
867,6677,8060,1980
2825,5642,2483,7606
4576,7046,5449,2937
4487,7877,4453,1077
7511,1597,6994,3562
6183,9729,1807,590
4896,7832,543,9363
4703,3146,5380,6556
3328,3457,7325,3809
4466,1794,1611,8599
7751,2126,4474,4639
8419,4451,659,4745
9857,1896,8551,1789
7038,1426,3629,6939
4852,3842,6090,1643
2437,8511,2821,5990
8374,7287,1681,3241
4387,5518,621,7804
3962,7195,8391,1254
1132,8435,1551,7603
4726,5970,2580,5983
4403,4997,4502,7163
2419,7831,4900,3591
1520,5234,6039,6965
5965,8705,3914,2344
5707,2834,5979,5897
1458,4643,7530,3553
4591,7114,2846,5279
6211,5212,8717,2365
4808,3275,9826,785
1415,7561,5950,6342
6316,3820,8804,1520
6354,2600,2893,8987
8375,7628,1634,1044
3738,5671,7695,2343
9436,945,6819,3838
965,6294,4647,8752
6757,9411,4079,453
4842,9394,7541,2061
1595,8969,1912,6928
7446,3177,7633,3963
7380,4600,9392,570
4449,6167,5960,5728
6663,1246,6849,6902
3417,292,9705,4932
549,7728,4934,5764
3575,2656,3773,8830
3862,6918,8356,6018
21,6398,8542,6496
1005,5084,4767,8301
4288,8958,4424,5762
5576,3051,4717,6079
4981,5207,8455,2205
2467,7801,1458,6766
3314,4957,5137,9628
7391,990,5249,7663
2943,2498,9931,6662
5433,5900,4992,3464
3579,7412,8093,2028
5361,4529,2080,7781
2249,4717,8970,4052
6165,540,7775,6295
4003,779,5439,8609
7341,6945,5693,985
9471,4090,651,7013
1971,4718,9407,4788
5797,6074,1072,4918
4500,7063,3038,4819
7831,1751,6592,387
4322,4745,8864,962
1897,7026,8463,4163
8128,3652,7448,1770
5866,4701,3409,6351
1562,6895,4592,8237
8735,2503,3477,3561
204,7863,6748,4904
7582,3247,6844,3197
3419,3478,8851,4064
4678,903,7944,6966
6620,3165,9303,2597
3088,5059,6958,7045
4996,3650,6727,2813
4751,2860,4581,6264
7002,5670,2687,4626
8501,1341,4244,5464
3188,7222,208,8130
5779,1685,8546,6005
2541,6819,5340,3547
2866,6386,7362,5309
4851,5878,5278,2128
6615,1616,3936,8936
4695,3391,7273,6564
4217,4630,4060,2247
3633,7138,3244,5640
9973,3222,3007,6419
6689,3488,7283,4167
6631,384,3248,8403
5914,5978,1209,6049
2044,4896,6933,7126
3423,1803,5377,9786
4489,2547,5299,5793
4677,7044,255,7156
4602,3561,7114,6705
7521,1711,8242,1892
7518,3858,9098,1307
4018,6134,1328,5075
9549,2742,852,7183
1996,6152,5833,5311
8232,4003,833,7227
585,8010,6874,4355
4300,1877,6716,3882
8540,1403,5286,5832
4331,8805,618,6545
9356,1768,2689,6089
8131,4334,7128,893
6744,1774,4605,6139
3177,6275,1118,7089
338,2920,4833,7999
7919,1302,9185,1445
3050,8084,6927,1620
3173,360,8401,6911
5021,4732,5716,2043
3347,4052,4962,7048
1617,4108,3223,9776
3978,5745,6923,1455
9536,1406,2365,5222
3261,6449,362,8834
8984,5452,560,5464
6715,4540,241,8655
8830,8762,1377,3055
6624,275,6935,3113
5538,8365,6429,1614
6660,1736,6241,6380
6781,3658,9118,2387
7016,2904,7756,5002
1039,7502,2704,6747
629,7209,6148,4172
6675,9899,1865,1577
5210,2397,8636,4206
5303,5066,6388,3789
3023,8809,8264,1342
6968,2916,927,9967
7742,1664,4386,4633
2899,6709,4752,6414
1317,5980,7875,4879
5251,5187,5164,3966
3675,6998,4524,3593
4618,9523,5923,3299
7294,2835,506,6135
2645,5344,2204,6872
5166,4585,4098,7304
3257,4292,7444,3242
5155,9137,1895,4206
8104,3661,5596,4411
5401,4231,7999,4483
8912,948,2744,8135
8228,4944,1191,3136
297,1621,7284,6446
2034,4799,4174,7725
1931,5523,7210,4744
4068,4897,4023,6129
6105,7604,6699,863
4204,6938,5232,5849
8290,7520,3545,362
2520,3879,2871,7508
8565,3001,3493,3065
1722,8815,7887,4558
5517,6567,4120,6592
4743,2225,4644,7321
5799,6533,7635,1097
7014,8673,5632,174
9611,356,3205,6743
5247,3862,3591,6760
3718,3215,5204,7795
7582,6324,2319,1206
8843,164,7843,2323
9501,2733,3066,6421
4947,9987,419,4026
5318,3788,8201,1884
7324,5104,6228,4265
9649,2275,5539,4287
929,7028,6864,5324
765,4864,4476,8029
3136,5600,1301,8156
9251,3624,703,7591
7134,7651,3315,2362
820,3105,7744,9275
8314,295,4113,5096
3999,7628,7180,4227
4721,1010,3675,7851
1062,9415,1070,9946
4883,1018,5360,8228
5158,7399,4994,3747
4801,4695,3471,5118
7409,4694,8544,1938
9699,2847,5002,1420
9448,4287,4263,1747
889,9681,5445,4637
5686,4531,6598,3762
6519,1008,7303,3465
7632,4806,5229,2471
8014,4862,2745,6271
5255,5020,5146,3644
25,3486,9757,6075
8543,5435,3424,5135
1121,9273,5263,5538
3633,6659,5864,5939
5055,4127,8792,545
3689,3695,6910,4373
9467,1622,5925,2318
3579,4521,6284,5099
6574,7355,5585,1160
2786,6644,6964,6723
6829,4713,6370,3406
3652,698,4928,6209
7326,476,4492,9782
8352,5100,1825,3921
9546,3008,810,3513
1329,3255,8614,6642
1687,5726,7602,8130
3438,4696,3893,7443
3176,7984,7433,2391
5583,5479,1939,4205
6813,2347,5208,3426
6404,3864,814,9812
1533,5736,4523,5391
3200,4880,4525,6725
9363,4707,2028,1094
7536,5589,930,3267
5005,5707,2465,6266
8203,1959,4191,3260
1524,9620,3747,7633
4512,9378,4676,909
551,3514,8834,7546
7532,2602,3121,4594
3687,1507,6687,9477
6361,5682,8665,416
8540,2,8271,6175
2943,600,8705,3847
8892,1416,8918,337
5530,1564,7286,4170
6797,646,4003,4882
4577,5920,2410,6261
4719,6436,3565,6726
7159,6821,3776,2301
6169,3375,2583,9963
6487,3678,7028,3418
1575,9209,4548,3811
3512,7623,6450,6478
1962,4688,7342,6761
9410,9249,690,1158
8602,7088,2227,4448
555,7070,5133,6628
3597,444,7219,7462
1063,9238,6517,1910
3625,5045,3698,8866
6796,2266,8275,3792
6808,2331,3879,9088
4716,5384,5480,4361
4317,6393,6970,768
4067,3490,4965,9672
7913,4961,4201,4589
1128,6396,9527,4068
342,7739,9399,2645
8822,4085,7304,1329
4445,5773,1942,7738
4330,4431,5689,2355
3484,8272,623,5697
4982,3999,5889,4502
3475,6392,2584,5365
5250,7796,1454,3916
7999,5652,6062,1568
9061,1725,9127,796
2316,7528,144,7925
5585,7591,580,6384
3834,7308,5534,5521
5594,9326,954,3273
1656,4668,9168,2204
3173,6624,8444,858
1808,9987,5333,48
5762,7678,5570,2339
6383,7243,440,5818
1457,3641,7243,8433
6805,1715,4742,7549
2684,5578,7489,5532
8036,3055,6544,5064
5057,5346,932,4332
2886,8939,5263,2120
9947,8335,2006,939
5491,4856,298,9177
9848,3684,2918,3524
8983,3649,6637,3745
7176,5292,5027,2363
162,5615,5417,4461
5158,5700,6761,3503
1330,9141,1977,6857
9594,1654,971,7799
3109,7826,8976,2628
964,8237,5936,6289
6365,8827,4166,2858
6935,2225,3135,6815
3147,5352,2490,8621
6550,4590,804,8118
5283,7406,4174,482
6333,7132,1909,3623
9619,2967,6507,49
69,5887,5529,8045
3617,4811,8026,3315
9742,1741,7031,1145
3442,9428,2153,4972
7494,5500,6656,3175
6882,1118,6504,4988
3245,7724,4944,2421
7762,4280,5879,4793
8175,3038,7445,993
6749,2506,4455,7185
9550,181,4095,7916
9808,2403,7673,1649
696,8944,6841,6505
3173,5228,7036,5079
6370,5790,6114,4421
5197,2255,4148,8361
8522,3347,4951,4816
7089,53,6378,9196
6147,5669,5156,3088
5775,4578,8245,1236
5589,1537,6500,6359
6433,518,7466,4688
4543,2604,8006,569
4547,4201,7950,2945
2836,2304,9716,8136
7389,3492,7816,1691
6912,5523,2732,3554
8401,4585,2593,6483
8941,2068,8265,2691
2573,4633,9653,1622
7205,5597,2150,4536
2695,3992,2923,8062
2740,533,3949,8607
2414,7058,4065,5120
6614,1094,5810,6287
161,6436,4627,5634
3045,6797,1050,9847
5929,2036,7931,4606
6673,4871,685,7682
9615,4663,2513,4713
4853,6734,5691,3639
7813,4496,2823,5191
936,5783,6885,7818
5526,7699,2236,4276
808,7488,5404,5754
1975,9360,6794,3198
8351,328,3358,6148
1868,9689,5961,1947
4415,9342,4393,2825
6103,3017,3624,6828
5782,7134,4553,4417
2792,7259,4356,8623
5376,9115,3027,2493
3156,7193,5638,5022
6886,954,2806,9947
4909,7158,4515,3956
7819,288,4142,7202
526,4423,6907,5429
4828,1519,8651,5874
1412,5345,7556,5798
4128,4967,2682,8001
7378,7572,982,2656
3218,3749,6958,3888
6050,4512,4864,2662
7893,2762,6047,5309
4600,3643,846,9037
3245,7053,4140,5780
3526,4143,5719,7159
4993,1283,5906,9363
4928,4267,5276,3564
5322,7278,51,5837
6494,4761,3628,8420
3745,9784,6283,3051
4939,5203,5549,5050
2940,9206,6570,2493
6417,2595,8614,809
6088,4946,2226,6005
9043,5973,2236,2484
2063,6425,4430,8924
7274,2824,4843,7336
5785,2157,3541,9015
5242,5336,7662,4173
8499,2938,6164,1553
7631,3935,3168,5707
7049,3799,4190,5320
2803,4500,5517,7534
6377,3819,4905,7404
6174,6409,4985,3846
4787,5133,4602,2510
8446,8175,613,646
8655,1756,293,8920
6384,703,3556,8502
1011,4800,4864,7955
8592,7341,5513,77
389,7367,3258,6656
293,9438,6605,5485
4902,4247,5105,7010
5080,1747,2571,9426
6867,3648,4095,3144
435,5167,3972,9973
4403,6715,5823,4479
7369,1757,2075,8875
4335,7986,2104,7775
8111,4320,5714,3970
8413,3541,696,7201
3829,4543,8299,4126
4717,4145,6022,7075
4771,7738,2684,5610
6730,8589,778,4770
5328,2313,9254,1043
4490,5235,3034,7983
1177,5164,5945,7322
5513,4269,5013,5681
5794,2871,4019,8193
614,9922,2526,9613
5817,3717,7671,5182
7667,4071,3219,6239
360,4254,3224,9310
4090,1115,7722,3773
1878,4585,9044,9354
43,9671,7677,3652
2178,5462,7254,4017
5981,3088,7428,3089
3965,6288,5899,4737
2006,1088,5887,8826
2866,3814,3070,9996
8228,2392,3918,6919
7270,3909,5400,4926
9667,2557,6526,2949
7495,1319,621,9889
1102,5172,6344,8698
3620,5316,5865,2713
2235,5789,6360,7728
3497,8615,164,9548
6635,7037,3725,2440
1336,8964,8949,4745
1492,5506,5317,9350
5528,7259,3408,1614
9977,6263,1304,2950
6067,5643,4164,2417
4967,9618,5117,2131
3185,4917,1798,8783
1726,9587,996,8082
8418,9765,939,1318
5807,6982,436,7696
3264,2047,7635,4959
9360,1564,6627,1648
3565,9932,2303,4477
5945,9483,5654,2405
7756,4716,1242,3771
8513,2498,4171,4905
7478,1066,5890,5233
479,7220,7695,3485
6578,7222,2843,2930
2299,3662,6838,7267
2382,9962,4033,4135
631,6904,7427,3354
2700,8371,2468,7471
337,9886,3438,5887
5117,5189,1182,9890
9278,5376,5805,930
2401,7725,980,9010
4151,7640,947,6070
5946,2051,5738,7974
7025,5242,4022,4409
4048,6241,6329,3475
3532,3242,3225,7726
7730,7384,3529,387
3633,2627,3129,9346
3416,8817,2352,5188
2402,3366,9187,2594
9746,3293,4310,3150
6548,6100,6388,3519
2637,8149,5537,4508
4736,6636,2177,5379
3192,8191,6285,2040
3783,2578,7286,6121
6115,2148,5049,7511
1472,6505,5723,8245
9324,4585,4202,3463
9032,1620,8117,2158
4951,6836,672,3917
5588,8739,3792,2122
9393,4768,7341,307
4372,7863,3503,5967
8713,2077,3309,6168
511,6606,7691,4330
1957,3987,8456,5638
2495,7623,4225,6985
2638,9523,2166,4938
1259,6905,7454,4110
9170,1065,4583,3672
8893,3113,1421,7502
2253,6578,8928,3884
5083,2528,6710,4078
3591,9543,4347,4517
6510,4378,5257,3728
4831,7687,889,8707
4117,7912,3453,4726
3792,3292,7538,5091
5647,7489,2103,7274
6409,6197,4640,6110
1081,9732,4901,1890
2792,5358,4590,5572
3938,4992,4524,4979
1866,7612,2748,9642
5268,4229,5841,4529
3942,6307,3265,8619
5271,902,6730,6466
6247,5651,7235,2842
3924,4884,5112,7325
4679,7461,1955,3657
7060,1144,3427,8976
225,8274,5159,7814
505,7954,7634,2437
9227,6620,43,5883
9075,7251,1567,4492
8093,824,7685,4649
5348,4004,3308,5101
4374,7531,1054,6822
9358,2137,4747,3203
7484,6133,5874,785
7951,2878,4556,6335
833,8931,2564,9913
1730,7744,1533,9690
6797,2007,7805,4029
1273,8995,4812,5030
9132,6361,912,2977
6050,8378,3675,627
4328,1995,7265,4678
1607,9198,2225,5644
2834,3600,8528,3068
6209,9281,3463,680
6751,7390,4257,3226
91,4490,5024,9844
7340,8595,3789,1632
3343,6180,8752,843
9731,6413,2462,1440
7507,6295,2886,648
3274,4111,9132,3726
5218,4172,7421,117
5553,338,3381,9047
6124,853,8699,2019
8812,72,2251,7138
1404,8268,5327,2719
337,3720,7383,7400
6552,2628,976,7597
1389,9762,784,8715
7777,44,5282,5762
2876,2417,8107,8870
3477,2420,5759,9262
4269,6195,5886,5709
1030,8675,4497,7229
4702,1325,5844,7042
9966,5847,3212,2298
7429,3525,1501,5410
5091,8825,4135,2362
7548,5815,2286,4879
522,4561,9524,3968
138,8475,3684,7080
6873,3796,7091,1374
8691,2755,5767,2630
5245,5049,8539,361
3371,6419,4165,7716
4371,5941,2946,5793
5084,4159,7115,1837
1355,7267,3863,7162
3071,6560,4487,6367
3054,6003,1542,7368
4533,8453,256,8305
5355,5777,8845,1958
1902,5500,7411,6993
2824,4203,7404,5854
2244,7633,3810,9287
3926,6976,5595,2412
6037,3442,9673,315
5906,2680,6651,4457
3043,7320,2883,6439
6480,3451,5321,1690
6947,2351,4847,2570
4473,2455,8630,5643
3955,5906,4590,6262
6366,6859,4648,2535
5718,6188,2837,5601
2520,5544,2675,7961
9415,1541,9399,3817
9878,5408,1121,1389
1115,6132,7600,3785
4570,3819,3958,8086
6100,6683,5088,3426
5570,9559,6382,62
6183,7406,276,7522
2649,8629,5926,4370
3031,3125,9970,4724
6853,2813,4325,7514
6978,4882,3350,3381
9687,6732,4931,940
4144,6802,4825,2476
5785,606,4974,7988
4114,5636,4135,6725
4198,9753,4746,824
9709,769,8198,3709
5248,3816,8021,2035
4197,5937,7528,4639
4106,7979,579,7627
2365,2539,3688,9707
4964,6015,2840,6204
1467,9900,7932,3349
5595,3598,9831,743
1926,2226,7483,6042
1053,9730,869,6514
3075,4181,9790,2978
5034,5532,4768,4234
3137,5656,3686,5073
1410,5142,3528,8887
6189,7338,1244,5931
9297,1814,4371,7677
3042,8150,2776,7928
5575,5996,3032,8603
6563,408,3987,7500
3379,6126,4435,4134
1853,6135,7111,3982
2828,3409,4755,9242
1888,5156,5755,6889
5147,4270,3243,7233
1488,7517,7645,4488
5253,5638,3912,8658
5782,4232,7284,1215
3340,6192,2687,7160
4359,9031,5735,2914
7201,7505,1200,3336
6533,3026,737,8746
1471,6960,3980,7643
9377,2892,1577,6151
4637,3260,7886,3981
8505,2892,3046,5509
1147,9122,2517,7712
3075,6052,4465,4796
5375,5412,4333,7190
4733,6760,3576,6646
6211,6096,1859,6331
4766,5910,7276,3167
4787,6140,2512,6360
3483,8660,4521,2266
879,6786,7719,3222
1897,4227,7314,4931
4348,2391,3657,9249
4689,6276,8306,2222
3217,4979,7162,7230
2296,9284,4,8344
9610,7706,4410,1205
6769,885,9836,3664
6151,4782,2046,6164
1831,8947,7477,1738
2384,2535,5241,7652
1989,9559,7394,377
7224,4882,6499,1951
2007,3670,6672,7455
6853,7896,3548,5513
5245,6553,6188,399
3788,5994,4416,8750
6061,3960,670,6552
9801,3458,2780,3636
8426,6220,1978,4660
1359,7981,1942,8911
6429,8453,31,3915
3630,3790,5936,5422
6203,2576,6992,4999
9923,3584,1820,5854
6035,5565,9364,112
9637,7366,2666,628
6859,5515,7998,2153
1735,6629,5965,5189
9717,1479,8273,2082
1031,8228,3390,8879
3896,5871,6675,2756
2802,3799,7950,2723
5450,6164,6430,2365
796,9292,4575,6387
5438,2418,1870,8924
3175,4488,3714,7340
3691,8204,4942,2630
6211,4066,6826,4911
5331,8145,4060,4173
7060,33,9931,1281
4558,3215,6506,4324
5952,8991,4109,1672
8752,8082,1944,714
6089,5988,6468,1963
6594,2266,4625,6930
3940,2085,3020,9010
2880,5240,5149,5822
1417,1834,7146,9144
2591,4902,1449,9956
2664,5441,6980,3421
9060,2261,4090,5985
4521,5131,5124,2629
5189,4577,7046,3150
7588,1654,7749,1916
4224,4750,5461,5466
4870,2694,9321,2198
1713,4955,4884,9180
932,9098,6814,1785
8176,4442,310,7115
6862,3781,8471,4698
1510,8734,2053,5627
1547,8350,5010,5160
7723,5031,2805,4145
1634,7239,1272,9744
5035,2302,8408,3013
2930,3558,9185,5292
3601,4169,4573,8732
7527,6888,2311,6582
5306,3980,6004,3720
5572,5066,4281,6303
5099,6582,4529,3198
4091,6491,1650,8648
9155,7599,3148,519
2918,8944,2574,6789
3241,1908,6837,9218
2926,8292,14,6653
2743,6996,554,7736
7375,5912,1178,4944
8062,2525,1351,7555
9177,3431,1348,5254
3337,5516,4788,6550
2335,8136,6338,1511
2388,8306,325,9085
3990,8019,2817,6765
2055,2457,8004,8056
852,2547,5095,7808
4204,2515,5733,8723
360,7061,4048,8603
644,6048,4514,5453
4695,8553,3077,2714
4429,309,3653,9986
6517,4002,7031,4024
1315,1416,9108,7686
2884,5277,364,9215
9567,3120,2966,5506
6049,3794,7247,4071
7577,8094,4416,196
7034,775,5005,5286
4394,7388,4596,3189
5131,3255,9953,1649
623,3898,6017,7374
2320,5062,6654,6785
1978,5411,8030,4777
6423,5907,3955,1589
7489,7326,1,5696
2876,3520,7473,4933
3868,6361,4367,4661
5053,3383,4773,3739
7323,2960,4475,6777
5778,5494,6859,3019
6894,876,2536,9034
7388,6873,445,4496
7497,4656,2599,3995
8911,2303,8686,3084
5138,4013,5512,5622
2920,8223,576,5851
9681,3419,6365,1408
4835,6538,2914,8396
377,9873,4185,2671
6295,4872,733,7658
6552,7207,8079,648
4495,3565,7026,2439
2461,5674,3763,7262
6594,6727,1202,2626
5398,5445,7673,600
1639,7676,4997,5483
4154,5480,3032,6789
3720,2057,5493,7695
6338,4149,9478,1138
7510,2979,6042,4957
9691,3608,158,4939
5600,5218,4088,5875
8955,438,8226,2092
7665,7218,1826,8882
8471,771,4012,6322
2994,7132,3892,4946
1859,9414,4371,6559
7360,3157,3460,5739
4802,2665,6509,4767
4728,5315,7010,4317
4450,65,9837,8892
8756,8542,1050,1553
5203,3432,6736,2867
5660,1518,7755,3821
3762,3656,6230,6997
3944,3470,5046,5934
9949,3076,6936,984
4824,6919,5914,1631
5117,8093,8905,96
2130,6592,9182,3674
4667,2142,5003,8372
5096,2742,5769,8119
6193,3400,4995,6278
6901,2942,6205,3125
1629,4562,7638,5626
1817,6664,844,8497
6791,2576,8706,4022
5122,1630,5477,7676
6209,3545,1060,7368
6155,950,3809,9061
2177,7294,4424,1627
4787,7313,6733,2168
8015,5878,6781,2735
8393,32,9956,940
6595,9028,1190,1838
3987,5453,4948,7029
6559,3572,159,8864
8427,5668,4234,3475
8532,1020,7191,4853
3337,8680,2124,3488
7542,5811,5405,2968
6615,7090,1083,6171
2599,6945,3270,4765
17,4434,9887,5160
4241,4169,6213,6198
1552,8115,4166,4744
6192,3518,2734,7457
275,6608,7334,5253
1419,8823,5139,2828
3898,5179,4795,4619
6061,6332,5777,1333
5954,4288,5761,4347
6366,3594,7298,537
6949,1640,4190,6805
6449,6013,1026,6018
7270,5424,9998,1084
5396,8409,6753,853
1509,5044,9760,5508
7308,228,5761,4368
4918,5563,4592,6716
1686,3480,7409,7392
5029,2592,7158,3977
9025,4810,5206,2739
2977,1062,8195,9161
5034,5825,7653,1284
4265,2404,3240,8539
9938,3027,6306,2745
7394,2811,7458,1962
4391,8592,2146,6767
7886,4781,3275,2449
5746,5560,5034,5364
6105,9582,4249,3396
5455,2363,2011,9100
4838,2736,7004,2166
5471,3759,6009,2755
6905,6606,5026,4533
7956,5161,8811,800
6858,5,9874,5642
6208,6361,4476,1714
1482,7730,1966,9814
8766,2934,5787,5205
2278,6179,8157,1255
5207,5604,3225,8705
2711,9299,3480,6402
4379,6791,7074,3003
3149,4298,7854,3986
1546,6245,9019,3000
4104,6438,4128,6635
6020,3141,6612,5206
1681,8834,5964,5072
6977,3146,6238,1213
3056,1665,8228,4388
2747,1977,5563,7442
8031,4633,3267,2220
9737,2820,95,7796
4905,769,6416,8920
175,7599,4948,5959
3737,5488,7762,1070
1538,5599,4721,6145
7191,2531,5929,3886
3671,1508,8868,5226
7628,482,7073,5478
4405,3992,7422,282
4241,2718,7453,2842
6773,5318,736,6933
3120,4334,3651,7759
5082,6422,4673,6784
5446,8092,2228,3176
5795,3604,2247,3199
4841,5367,5257,1969
7329,2652,9971,4411
5346,6186,6981,2517
2994,9349,8441,25
5132,2553,1946,9734
7328,5790,2874,3535
2632,6859,5669,5733
6753,4458,7124,2050
684,7581,5470,4411
9497,613,6389,2942
8770,5542,3082,3660
7007,3758,4152,7894
7215,6833,5225,4967
8179,1168,6471,3589
3163,5484,4886,7577
6276,8835,1901,5049
4148,3035,7782,3054
5039,6077,2703,7189
2907,6524,3284,8762
4741,2625,2089,9223
908,9876,143,9782
4805,6062,7124,502
1893,7920,5979,4366
5221,6988,2359,8541
7628,8680,587,4055
7482,3259,6871,1892
878,4560,4015,9129
6997,4031,5876,930
9333,3066,1431,6699
7587,9856,1685,2569
9162,4902,389,7109
5705,2420,8590,4073
8082,1228,8272,2395
2939,6867,7456,3714
161,7806,9117,1367
4864,3087,2774,9396
874,7662,3745,4025
6585,546,9869,3277
1989,5696,7283,4671
3763,6739,7026,2190
6526,5818,4664,3601
5585,3980,6162,7002
2026,2107,9596,5500
4892,7753,5552,5328
4108,4988,6092,5660
4727,2134,9201,105
1932,3760,8967,2706
994,2471,9347,6803
9196,7233,1942,1324
8758,6014,6813,870
6607,8793,6004,1648
5817,308,7194,7351
2267,5769,8133,4183
5345,2895,7007,7694
3084,6351,4379,6845
8276,3843,2304,3780
2591,6833,3139,8892
4282,9742,2122,7328
9576,7873,1313,2622
8587,586,2199,6935
5050,3573,4717,3908
4317,488,9940,5969
2760,7018,7142,1905
725,9356,2662,8999
5750,1951,7086,4775
1665,7389,7935,4139
6006,7533,5545,2285
6136,7524,5192,4804
5084,5427,6157,2298
3178,1407,7361,9134
5536,4793,2521,9134
1414,4469,6662,5331
9215,4876,1158,2757
6930,9378,985,981
2282,2163,8152,8402
7606,3397,2529,8211
6426,6098,1445,2476
6256,8069,1587,5967
2443,7723,6324,2282
2579,6809,2372,8956
372,7317,5214,8579
810,6407,5572,8638
3955,2022,6933,5211
2174,880,9885,7185
8094,1203,9790,1544
2817,5672,2417,6588
6298,2351,3896,4680
3597,8813,1272,7980
1932,5511,5456,8211
5890,2462,4021,6072
2865,3939,5276,7317
2503,4764,7846,4367
2548,7760,8471,1771
2867,9007,4449,5216
6668,4485,7599,612
7524,289,9064,5287
5867,4844,4139,3761
8420,5201,6301,779
220,5295,8998,1584
4217,4711,6894,2344
6405,960,2745,6828
7439,3970,2560,3559
8711,2375,6037,3077
8704,5343,2572,5757
557,9045,1834,9927
3863,2122,2307,6686
1529,9112,2484,6890
7518,437,5723,8608
9387,6654,2701,3961
5563,230,6885,7420
8724,2466,8683,868
6012,4880,3072,9086
1224,5824,7785,3630
116,8354,8783,4134
6757,5962,4108,6525
6488,8097,836,7324
1225,8720,2865,8236
9308,3902,6840,768
2989,2917,6390,8066
4356,4957,4956,3906
3678,1803,5780,4943
8723,2038,4411,3953
5005,4975,9794,2189
9372,1805,7753,2508
5998,6148,5570,4323
8334,5823,1770,6922
6305,2839,1111,9254
2381,3532,8646,6758
2254,3637,8330,9270
1611,4290,4110,9320
4417,7618,5807,3701
7729,6014,9146,1286
4758,2861,4007,5179
9329,8198,1974,77
8108,4648,3532,1251
4161,5697,2565,6170
3866,1922,6073,6378
8788,320,6968,4832
4553,3625,1473,8261
8404,2814,4058,6220
5408,3029,4628,6771
5465,2106,8552,1126
4548,6239,1129,7403
2070,5722,7444,2075
4111,5786,3997,8297
7644,8899,2143,307
4723,7657,3236,6173
6318,9881,1217,4351
8491,4608,1002,3976
1721,7633,9304,4863
1940,3333,5995,7596
2978,5068,7629,5720
4442,4260,56,7724
6181,1660,8534,222
5082,4016,6934,4838
1292,7810,6612,4983
3150,3413,6034,7273
387,4145,6585,4301
4568,496,8729,4787
8268,6014,3790,2832
5599,3339,4801,8904
7692,3263,5115,4032
8454,1617,7375,2648
9329,4090,2985,3090
6060,8229,4160,1390
5716,2384,9370,2118
6173,4008,7316,2587
5342,6001,1912,5173
3300,4775,9597,1646
8663,1308,5462,6215
4876,2844,5430,6817
4133,5762,2034,5038
7543,1814,3777,6824
7555,7457,4495,610
7753,3071,3386,7755
1407,7580,5665,4671
5431,1892,2232,9840
4147,6105,1211,6493
2721,2479,7826,5602
4156,1195,6243,7316
2823,313,7679,7329
9816,4032,3710,3944
6216,1483,4037,7532
5323,7319,3491,4527
6551,98,8481,1729
2699,5792,6616,4206
6023,1110,3558,8647
5541,8236,7166,873
5381,6308,3418,4676
3263,3399,6980,6039
6657,5858,3806,3007
9727,1535,7175,1245
5513,4313,4399,4977
8265,3582,3151,4456
4049,9311,5250,3552
3340,2990,9884,1659
6441,3895,1076,6821
5565,6363,2522,7066
8058,7747,2845,2467
6002,5227,6650,907
5306,4754,8643,4916
5979,8466,6535,2418
4456,3920,7133,4161
6990,4631,9009,3131
5134,6617,1243,6593
7892,4461,4880,3980
6500,619,8096,6325
2637,7285,9986,572
3220,5880,4348,6730
1933,7868,7403,1561
2884,2870,8750,4801
459,4342,9133,5018
7473,4239,6263,2394
5548,2589,3943,7118
5211,8059,1787,4222
2704,6164,2444,9953
1148,5421,8204,1502
3971,2504,5186,8528
3622,63,5246,9754
3026,5459,6752,4429
4607,5923,2158,8321
2558,5434,5644,9668
6888,4105,6331,5811
1492,3458,9400,6329
1807,5886,6667,6599
9756,554,8210,217
6350,8113,535,3621
7501,4183,5691,4730
9750,3938,7197,1050
7601,1035,2666,7401
4982,3191,3414,5797
5835,7802,665,7384
7169,7086,5283,842
6,6881,6331,4441
8049,2156,3214,6071
5657,7488,2702,2601
6012,443,6785,5529
2276,3362,4516,5517
1562,9058,2807,3377
4434,8358,2596,6099
5842,3959,6731,4910
7044,5055,962,8826
7136,1518,4446,8993
5727,623,9036,4448
4393,9213,6153,1299
805,5218,6409,6014
6354,5253,7313,3778
2321,5576,5883,5016
6011,5528,2673,6456
3029,9037,3605,4760
5203,3909,7113,1473
5630,1140,9593,4701
1442,7397,7742,5469
2632,7312,3054,6322
1318,6328,422,8837
4983,7854,8094,622
5570,1334,7252,7550
4850,6043,2852,4303
3591,9974,3032,2428
5050,8610,6656,1713
4661,466,9691,6080
2391,5079,2465,9100
1209,8959,5539,5983
4344,6936,3160,2918
6015,2357,5350,5390
4799,3074,2357,9994
2751,2080,8736,5031
5859,5036,6792,726
2904,7321,3139,6219
5855,3739,4033,7248
2523,5449,8275,5075
4716,339,8061,5388
9492,7904,725,2065
1590,9691,1795,5568
4935,5913,1364,8837
6214,6731,3401,6198
4089,4705,3139,3146
5288,7352,7505,1523
3656,8613,3615,6570
4977,7578,5656,1305
7417,3733,6251,3256
2695,1763,8650,5538
3495,9918,1627,4252
2440,5073,5733,3907
5058,751,8541,6364
5691,2364,2933,6675
1653,7948,4613,8366
6709,2147,3837,6135
3912,7679,3283,9132
5986,4722,5031,4253
4047,1295,4642,8839
3065,7318,3955,6242
7534,3788,8263,1233
8459,1422,8168,2777
3563,5196,6138,6417
3795,3866,9525,2083
4748,2275,4037,5107
3722,6824,1804,5180
7285,1439,5540,4453
9191,1139,2984,2286
4444,5936,1942,5626
8423,1925,9491,2878
1739,8394,3161,5963
3862,9505,1895,6338
6597,5934,1107,6163
4738,5061,4287,6295
7590,6179,5628,1477
8648,7206,2040,4160
2969,5748,3680,8555
3526,6410,6038,5543
1214,6248,3920,8156
3909,4327,6970,4929
9217,9036,2149,2131
3296,8406,1624,7706
8280,5098,5543,3231
1015,8641,5628,5000
7989,2415,5292,5587
4112,5777,584,9084
2578,6247,6318,5075
2719,8553,2873,5497
6625,1474,6374,8221
9011,4738,2915,5967
7477,7574,1208,681
6103,2366,8521,192
9154,2564,2478,2753
7814,6176,2400,5950
6846,5582,5724,154
2251,9637,5250,5314
5719,5884,2534,6210
4306,7277,3662,4158
2140,8445,7567,1524
5030,5417,6447,3722
5588,719,4977,9279
6881,6595,7799,65
2127,7323,2899,9262
646,9187,8435,2261
3095,8542,2866,7645
7240,6036,468,2878
129,6675,3422,9298
2025,6200,5750,6860
239,9588,2128,8186
1295,7071,3511,8733
7556,2646,1586,8123
4340,2127,6343,5351
6200,5532,4565,3865
7599,6713,4429,2474
6779,5290,329,7465
5900,1095,4700,9538
4482,2720,4498,4862
7575,2214,8454,419
5184,6649,8529,461
5806,4981,2168,7763
2406,3671,3617,6482
59,7095,8672,4099
4695,5755,5381,6521
6298,3536,151,7886
1244,9289,7888,801
1018,6544,9691,2576
4054,1506,4442,9962
2547,9496,2103,6579
7422,6663,3125,4192
4056,9673,5223,2828
5475,3461,4776,6716
1092,3513,9084,5738
8596,3827,793,7316
2624,8258,6576,4757
2757,1455,4599,9996
3938,2396,5464,8931
6794,4020,3096,7876
7186,3156,7527,3350
5011,525,3806,9515
6583,2623,8860,700
7783,7177,3226,5010
872,8837,6083,6632
7774,3084,2176,6674
4279,8251,3567,2037
3579,7258,5479,1756
8648,5916,6846,531
8603,3148,9083,2326
6314,4445,8684,3732
9865,2802,7075,188
622,4532,8442,5512
6322,720,7895,4019
4364,4704,7468,3550
2155,3923,9161,1760
8546,6874,930,5477
4294,1445,7762,5672
8752,577,1703,5621
4184,5627,5477,7546
7243,1768,2188,6817
3059,4379,6399,2655
7407,8382,1363,1647
4028,2318,6318,6040
4017,4708,9596,2193
8329,3116,2275,9112
7766,2568,2147,5944
5504,1532,3384,6067
1759,3270,9177,6684
5454,9387,5270,1029
7452,5556,2738,5491
6594,2301,5379,5273
8865,5746,3786,3960
4611,5933,7394,3563
5200,6481,3770,4662
4632,4786,3780,5509
1838,7617,6280,5830
3606,465,6188,9230
5876,7286,1819,7895
1790,4571,8281,4445
8033,4067,3460,3247
5569,3329,3755,8975
2829,5191,1681,9040
8999,2090,829,7721
4382,5335,3268,7736
9042,387,4077,5530
9793,6806,3804,1702
4462,5773,8129,1254
5133,2489,6416,3929
6922,3618,6622,4572
5002,5458,4260,1716
2971,4677,7320,6090
1131,6802,7599,1700
1984,6195,5697,7435
1874,7673,2553,7918
1525,2693,9776,3597
4628,5792,6974,3749
6057,8140,3327,4819
6152,6439,3261,4121
7083,3305,3993,3552
5483,937,7359,4372
9073,600,5834,4603
5478,5141,6838,3945
8676,1207,2422,7074
1879,9452,1689,2183
2438,5560,5342,7443
7122,4503,7149,3780
3746,5167,8284,2142
5006,8323,1943,4133
498,7273,8985,4863
4760,8070,3151,2966
3881,4196,2024,8579
8032,1923,9936,2968
7157,7627,934,2499
4539,297,7518,8693
5346,5197,107,6502
7947,55,8332,1731
9041,8547,1362,436
2770,9107,5960,7836
7681,608,6317,5498
1257,413,9274,7236
4271,9199,52,6521
3182,7254,9178,2159
6484,4510,1672,5984
7774,1762,3857,5290
6349,5638,4515,1042
2988,3862,5245,5536
5384,2900,4416,5063
6461,340,3900,8854
8050,1944,8034,3945
7089,4532,7265,1701
7355,1727,6081,4228
9110,3659,5348,1604
1975,5643,2251,6664
3660,6666,2639,5501
3313,2488,3380,9762
9306,293,7974,2485
4069,8663,3902,3570
7167,7310,4693,3297
6014,383,4679,7838
5264,6248,8129,1305
6663,6454,4106,564
7901,7278,3471,2329
5372,6780,1078,5194
1259,7075,2129,8016
1945,9513,539,8543
4325,7330,2843,6737
1254,5620,2918,8060
8754,2648,8194,4597
3404,8245,3153,4830
6840,3137,9356,3475
2871,9054,9432,2717
6775,289,8648,887
6943,4733,8101,212
3868,9596,3093,6293
6903,7728,3148,1197
281,5180,7511,6485
3280,6199,2029,7554
6745,8461,1694,4763
6331,8790,3377,3001
2194,6925,9889,1502
5045,7202,7003,3129
5433,5845,2951,4790
3299,2902,6349,7760
7365,9957,2117,1124
8969,5275,3413,733
3552,4421,9025,1769
7855,3657,2496,3856
2624,1061,8794,7682
4456,7839,5466,3326
1599,4353,7461,6362
8611,4984,6460,3
5997,248,7384,6634
356,5482,6501,8139
5736,6625,1529,7161
1257,931,8513,8000
8131,1517,4923,4236
5532,1208,6321,6147
8042,5844,1419,5853
4428,7657,5899,1640
5815,1840,7575,2814
6343,7542,2344,1768
8522,1783,3587,6167
5132,2720,6670,2662
5255,1492,6331,5018
2179,6746,218,9230
5387,9435,4336,552
6684,2852,7320,4102
4121,5241,4925,4964
1529,6411,7762,5536
4834,4614,4657,5025
1929,5438,4424,9132
3181,4126,9174,516
7687,1535,8834,3748
2484,6902,2736,8316
7771,4454,4900,2562
1136,9385,348,9408
2114,5981,4303,6752
844,1955,7695,8491
7149,3679,6323,7574
607,8283,9787,2769
7381,9304,527,5979
9990,1869,3724,4871
4697,6731,8349,401
8881,59,3372,5110
1411,2248,5311,7075
1611,5177,5848,7187
2829,3037,6590,4537
3375,52,9071,4687
2302,4170,8895,4448
9961,6078,478,4595
9979,616,2309,7864
3705,3880,8640,1597
8763,4568,6796,582
8958,4775,5735,2215
1466,5405,7100,7517
9913,3201,4601,1512
181,1854,8588,9653
4671,7117,4546,3890
3951,9208,3851,2885
4854,4272,4692,6308
3492,7057,4600,6715
7424,3756,3564,3988
9288,3598,3433,8124
5992,4201,4235,6212
4617,6387,5515,2401
2654,2355,9825,6417
8189,3937,6545,929
4368,8846,1417,4745
2893,7445,2432,5520
9476,8645,1036,43
2277,4312,5419,9841
6298,5118,4496,2946
3952,1956,5802,7706
5231,992,3682,8424
1288,9194,2425,3625
2357,3463,9080,3501
5185,2397,4522,9067
9357,3936,482,7891
2130,2802,6018,7216
7697,5154,255,3634
9746,7548,2778,1668
3604,5337,8631,2126
7617,5062,3595,5413
7392,4898,3854,2943
7807,5085,2361,6024
3694,8372,4525,3722
8346,6862,5217,1421
5363,9093,1942,4312
3202,7133,1625,7170
4511,3098,6039,5476
9515,133,6137,4090
8803,8254,1566,3026
5206,6883,2339,5131
8103,6963,5759,1099
2263,3018,6643,8712
4340,4859,3590,4835
4644,5494,8214,2924
1940,8730,6303,6662
1313,9924,5796,5982
1256,8598,3079,3349
4302,3545,3993,8644
6222,1947,1422,8097
7837,5794,190,7171
4499,8303,2986,4600
2620,8384,4788,6182
6408,4377,7795,1988
6984,2626,2543,6894
9574,926,9960,1545
346,6561,6670,5019
6300,3844,6784,5401
6882,6589,2405,4123
3717,5514,7674,2770
5495,3572,3421,5710
5697,2562,5475,3312
973,6053,3795,4283
2862,1123,7716,3920
5145,3907,5711,6661
8962,6316,573,3538
8514,2139,8521,413
253,4737,7060,9295
9512,574,7452,2090
2154,5830,3237,5431
254,6330,7089,8190
1786,2782,9396,6053
6949,3675,6399,5820
5832,4254,1993,8493
7699,1635,5516,4891
9749,3885,514,4609
2142,7339,1775,7180
2722,5979,4299,7922
5111,7376,2440,7117
2091,9128,1220,8125
6543,4863,6383,871
7119,5235,5646,1022
3310,2010,4410,8973
2579,5366,4628,8302
3446,779,7710,7601
3885,6789,5003,4030
4560,2984,2331,9155
6396,4283,2464,4101
19,8329,4718,8989
5811,3455,5162,5222
7007,1203,9607,771
1864,3335,7025,5381
8218,4468,2894,6084
4107,7457,2916,7297
7406,84,7533,5355
4605,5116,8239,1734
6747,8418,7544,756
7032,4789,2059,5152
8542,1844,3585,1782
3423,5356,9411,2691
3939,8107,3786,4734
1700,4202,9884,1041
7780,2643,5244,1275
3914,370,3170,9371
1134,2466,8474,8095
5278,5031,7525,3551
9591,6088,2806,3070
3928,7145,5100,4556
5015,6514,6292,5720
244,5159,6597,7288
4659,4891,432,6597
5756,2888,8017,3334
4171,8006,9202,182
5348,2455,1468,9862
806,4862,7245,5351
6794,1172,9430,3461
4883,3508,1806,9025
1483,6376,4483,9575
1249,492,9442,9154
4645,5860,4838,7918
5879,175,4136,9940
7959,4812,5217,1826
3066,6114,4936,3419
4671,3074,2217,5599
442,5665,4939,9493
2973,8420,2470,5903
3766,7013,6742,3339
1293,8456,4645,5383
673,8920,4171,5233
7174,8230,5323,2532
8128,709,8869,4270
611,8667,3405,7405
7156,1868,3454,7783
6162,4602,3746,3122
4824,2642,5550,7421
2214,5455,8539,2362
7126,1810,5544,3882
2043,3481,4563,7701
7519,4490,4226,3448
3213,9642,808,7926
7037,3683,1507,6924
1369,5637,6970,5893
8593,6218,1847,5865
6457,3556,8635,2927
4324,4641,7196,3534
3684,4647,6646,4195
6037,6432,8072,218
3309,2089,7261,4023
1214,4728,3923,8766
1081,3537,7634,8078
3793,3089,4654,7762
5281,1738,2787,9078
6174,2319,4662,7990
7641,3922,5899,2939
8977,2448,2633,104
9793,1287,5319,5987
6868,3267,9152,2988
4297,4991,4540,9677
5212,2534,3589,8308
1083,6901,3108,7558
7222,8536,932,1962
4678,5680,2342,7095
1889,6291,4605,6590
2326,8301,2132,973
5752,2870,1824,6231
8157,6880,583,5490
2307,3369,6989,7713
4372,7596,1923,7360
6525,4711,5499,3424
3094,5959,5381,8312
655,5255,8192,7090
6688,5216,5222,2279
4582,5296,9576,1693
1998,4453,9960,4636
1798,4587,6018,3846
1741,601,7768,9232
4352,1082,6399,7847
5948,299,6439,6929
7779,4150,6761,3954
9748,2016,4173,3807
4176,1248,2453,9073
1791,6347,1987,7751
4684,8360,8253,326
4319,9919,5749,55
6617,2044,7053,3371
7750,5075,3816,3486
1896,4217,9583,5888
1585,5802,4619,7527
1748,7370,2054,8201
5749,2946,4748,7421
6341,3753,3305,2385
4486,3544,5222,8462
5421,9541,2996,1414
5819,7056,5111,1107
6369,2287,7772,6943
2267,5313,9913,5595
2770,6070,1713,9570
8203,4053,3191,5824
3215,9977,275,5842
5373,6808,2153,5863
7490,3205,7355,826
228,2380,9067,7709
5870,3572,3704,9225
6509,5195,5485,2529
818,9915,1262,8020
3556,1611,9723,8260
6481,2893,3665,6320
2264,7835,4101,3771
5643,4289,6414,5103
7554,3329,809,9381
5276,3895,6732,3508
3647,2770,5119,5374
7680,4872,2429,8518
6237,3127,6463,1097
6490,3969,1178,5455
7403,3437,2466,7108
1785,3280,8979,6036
7474,5671,1435,3215
4457,1277,9876,6268
9945,1874,1707,4852
1293,2038,7083,9632
5408,6206,4203,6276
5748,3249,5249,5289
2847,644,9212,5238
1665,1277,9048,8434
511,9210,6476,6527
5630,4890,8911,2419
1909,3591,9679,3460
7662,6502,689,5792
8393,6365,4855,435
9673,1780,4800,2722
8990,72,6438,4393
5441,3411,5724,6075
8222,3454,5680,4631
1403,5927,3792,5759
4511,2563,8127,5567
2268,8834,1401,5138
7818,5939,4747,2049
3491,8558,2985,5579
2114,4650,3833,8376
4554,5130,5849,3444
2137,6086,5963,5704
6288,4523,3988,7047
8442,8499,93,3905
6201,4423,9233,1085
4817,6053,5376,7981
8190,6331,183,8643
7085,5232,5007,3867
6059,2024,5103,4015
8407,789,6664,6911
6694,1517,5372,4812
9420,4494,6179,1671
5780,6213,3193,5564
8076,3219,7198,661
4541,4534,5097,5712
949,5364,3528,9211
7132,7413,2699,6756
9170,9498,1223,3044
5099,4192,530,9418
3594,3785,8816,2263
6161,2065,6023,5158
3640,2806,6062,7528
1925,5603,9109,5396
8220,3928,3431,4626
6182,9015,822,3801
7577,3294,5428,4191
4197,6416,6861,3481
1351,5027,7585,7229
9572,2786,288,6878
1168,3438,8709,6053
3222,2547,9203,5086
9362,583,3440,4397
8105,6529,3708,4673
3341,7183,6483,3247
2858,7404,6320,1805
2036,9992,5051,4132
8006,7556,3978,721
3009,9246,1945,6135
370,5935,9610,1993
6325,7364,2472,4493
6210,6703,3368,5735
6938,4326,2308,7289
3099,5518,9154,5226
1692,3120,6576,6200
3342,5596,6266,5388
745,5522,6172,5461
7150,4705,6574,3533
4536,1151,9658,7553
72,3230,9157,8373
1830,6603,1661,8040
4353,3609,5932,7005
5382,3490,2811,8389
2292,3957,4261,7428
4579,1923,3918,8446
4127,7667,1151,7178
7254,462,7746,720
4129,6105,3337,7061
1480,8998,8044,3370
6183,7056,3740,1113
3996,3208,8975,4033
9380,301,9390,1807
9206,3477,5035,3238
9534,5640,4280,945
6210,3841,3140,6942
5924,1824,6899,1721
5388,2482,2590,8491
4586,868,8236,6519
521,2145,7932,9882
3719,1541,7108,4038
4135,9019,3715,6645
2632,4745,3717,6856
7087,2496,5862,4616
5000,995,7241,5469
7580,2760,2210,6888
5818,4166,5512,5576
941,7226,9667,3707
3359,7554,241,8620
4249,7432,6731,986
1315,6854,735,7812
6025,3240,4971,6764
8975,6374,2970,2429
4189,3513,9492,3515
8774,1746,2387,5728
8446,7688,685,4217
4246,8513,6498,4074
1946,8189,4759,9909
2493,8131,2180,6413
6444,3726,9699,320
4587,5357,3896,7341
6820,2578,3260,6125
4363,9139,4262,3884
6088,5132,3474,3209
3580,4628,5347,3599
4581,5582,827,9521
5509,8037,3012,1099
4651,131,7999,6922
6021,4358,6889,2177
2157,7902,8256,4586
6992,4880,492,7882
2370,6193,6760,6993
7725,2774,4266,5254
1229,5788,7848,4059
5878,3931,4736,6126
6636,3514,1573,8209
6278,6622,6325,1654
6279,2422,8624,3032
1119,8500,1279,8705
978,6237,5930,5237
168,2920,9964,6870
6925,1342,9117,3790
2985,3670,8707,4332
4596,8689,5913,1912
6344,3127,4050,5608
4622,8018,4992,82
8821,4663,2379,1951
3689,6215,9354,453
1833,3500,9805,5278
5856,4695,33,6056
170,4125,6345,8597
3941,8296,4590,3119
4185,3747,4248,6098
9525,324,8556,2899
4560,6721,2154,4235
3683,5402,3854,6982
3838,9984,100,5935
4514,5147,3944,3421
9380,5441,427,3948
8055,5798,2753,1466
651,7827,6239,4194
4804,3278,4449,7330
358,8515,2989,6329
3775,7064,3743,6987
6484,6390,2358,7337
4885,5534,1435,6274
2198,4754,8719,742
1818,6896,5584,6074
7722,3573,2857,3403
1991,9154,5478,2905
1979,6596,5156,7303
4529,9904,2699,5765
9062,4371,2827,4198
9157,5711,1123,3472
2597,7145,5399,3416
9065,5402,2683,2197
9282,4077,2840,4988
5921,7706,3030,1712
9142,2774,6935,860
5466,3167,4116,6657
3236,5820,6588,4250
2506,5409,5470,6426
9861,3785,8251,384
5979,6862,4607,2867
6723,1893,8400,4043
9491,2251,1367,5173
6237,439,7975,4272
2981,9772,5768,2953
8026,4299,1560,5614
8217,604,6040,6576
5490,3640,3202,6133
6506,3406,6565,4709
4505,3859,2456,9417
4436,7465,8778,1838
1398,6020,3356,8343
3295,9101,5899,864
9357,4268,3037,2633
6555,5470,2710,3358
1925,3002,5507,6282
899,7227,3063,7445
7491,7058,3460,1906
4091,732,6745,9973
1181,7610,5877,8910
7470,6893,1349,3453
2541,7817,2378,7771
3373,5476,8283,5468
5075,633,5865,7944
814,4550,8447,8216
5702,9630,866,5501
7414,4723,1778,5401
6968,4146,6440,4594
7409,2454,3401,6707
7613,3557,3347,7349
2090,4494,8061,5460
8953,3309,8097,3044
5226,457,8542,4134
2290,2666,6598,7115
4933,6134,5987,2792
7253,3222,6038,4122
4922,6423,1816,7624
6046,7744,1066,3635
2928,6217,8024,2554
8477,2360,1686,5197
1228,6467,4671,5396
5490,6274,6501,3522
6263,4363,2387,5737
4598,7486,3727,3865
2547,6385,5758,2705
8190,4564,3782,1558
4996,1061,8319,7395
1165,5282,8671,7658
7496,5223,1524,4145
5996,4549,9490,862
5936,3797,8346,2824
274,9684,2707,8362
3108,3600,9114,4031
8000,694,7795,6779
5560,3175,6612,3609
6328,1010,5204,8120
4322,5337,4974,8063
5798,2861,1080,6568
9447,545,1538,6430
4311,3876,4588,5080
5771,4138,2700,7304
6387,5647,2710,6375
6610,4787,5823,2044
5586,1772,7127,7483
4983,5387,1849,6615
4404,6694,3739,3902
6375,6328,3493,4482
5080,4220,8815,1537
7970,124,5502,2939
2267,6344,6053,1492
2881,6520,5324,9079
5780,8074,5961,2371
6419,8009,2054,4349
9237,2978,2769,6324
2159,9035,3610,6283
8064,1326,6939,4431
8270,1898,7985,3224
7416,3191,9534,2178
5969,7447,2588,5333
5142,2672,6034,5715
3903,2966,7647,8863
4822,1918,4387,7284
1212,6796,4641,5858
3332,1637,5263,8162
539,6217,3437,9729
8645,2729,6027,831
6487,6650,1411,5838
251,8893,9810,3242
5540,2729,4529,6184
3680,500,8723,5939
4182,4801,2189,6048
2166,8184,8362,1241
6506,3089,7363,2995
3130,1846,9976,5114
7944,3662,3825,4558
5442,4046,2024,8625
7639,8827,2523,2881
4701,457,7162,4749
2762,4848,8055,3003
9639,220,7770,1085
340,9547,4056,5416
1467,8771,6657,5520
5319,8405,481,4597
5093,9446,4407,1753
7357,6271,7006,289
3354,6209,8741,403
7003,5147,2382,5186
3728,3133,4920,5589
3257,3728,2513,7976
3235,6075,7540,2974
1946,7664,4961,7736
6449,3594,6974,4351
7665,7228,1919,7197
5095,533,5467,6943
5781,4475,4115,4037
4568,3246,7175,4002
3465,5074,5615,5078
6616,3704,6512,1068
5802,473,5439,9936
3824,2447,4032,9552
2087,3756,8587,3198
4394,1885,5993,6102
8624,4230,1024,4903
3512,6016,4179,8428
6907,5934,1471,4902
5728,140,8010,6967
8384,976,8963,1345
2203,5316,5450,9376
3814,1855,7433,8787
7123,1654,2714,9735
405,9654,6060,2438
588,6847,8741,4399
7044,3907,5354,3568
6432,7117,1484,6294
6259,5479,8585,911
4453,4837,3029,6280
7267,8591,1658,4989
4297,7208,8489,1934
2106,5169,8326,5565
9120,5627,4494,2982
4284,1664,8360,3182
8088,3840,377,3342
4591,4817,6319,5393
5701,3823,3198,9499
5081,1704,9143,4886
6440,3365,8948,3970
1655,9646,2627,6952
8918,3154,4913,1419
2181,1740,6762,8383
3862,2138,9240,4001
7228,1788,2235,8382
5236,7940,5370,2637
4226,9412,2314,3539
9760,1585,4774,3187
6683,1327,1578,8354
5980,1025,4332,8678
6455,5171,4010,5046
6873,6573,7173,2097
6906,757,7398,4000
4857,1531,5321,7056
2322,3234,7086,5417
828,9440,3089,7713
8022,7669,2469,1570
2587,3352,6938,9748
6322,3526,4752,5458
6587,194,5140,6908
6214,127,4902,8048
1254,3392,6782,9263
4191,4102,2714,6020
6066,3618,4921,4496
8083,2024,6879,2789
2096,5281,4224,7442
78,6888,6405,7110
3018,1419,6728,7454
3976,4837,8098,3580
7236,4945,3895,5769
3275,7161,4805,8522
6394,3654,6808,1616
4340,3050,4143,7129
7663,3012,3341,6686
9046,3467,5196,5586
602,8350,4492,6354
1969,3106,8977,6147
7099,6816,3057,5641
4625,1957,6332,5469
4624,7675,8026,490
973,6404,2347,9632
9992,4271,4094,5637
8092,1182,6072,5155
5146,6504,9286,222
5748,699,2947,8559
4069,6390,1013,9054
6275,2526,9753,4135
4387,4572,9483,1941
556,7445,5218,9659
5358,6020,3729,7086
9565,3698,2136,6088
5023,5515,651,7076
4370,1006,7093,9911
1219,6418,2976,8566
5512,8350,3626,3172
8032,4888,584,7080
6613,8685,2938,1918
681,4455,4878,7203
4316,682,6363,8934
333,9966,3859,5547
2048,6715,209,7102
1208,6699,9093,4245
9723,1214,7347,833
1520,1252,7243,7706
1076,7983,382,8415
487,2988,7058,8595
1185,5096,9649,3976
2676,1733,6993,7350
8062,379,3865,6649
3803,1864,7433,8874
6608,4594,3097,7101
2078,5170,4496,8603
6812,3893,3074,7417
4944,5269,4349,6404
52,6364,8071,5417
2287,4245,6368,8608
8493,4384,6560,990
2304,6198,6924,5250
2448,8536,6741,3412
8980,2367,6138,3889
7216,5856,2146,5814
3705,2898,6678,7702
6832,2801,2103,9320
2890,5223,8784,4906
2417,8453,5237,5199
3318,3008,7559,4013
2509,2614,6219,7208
5728,2331,8892,3949
2275,5756,2482,8637
1081,8475,1744,7127
1494,8132,5125,3568
2154,3805,3522,7578
7444,574,4432,7758
6110,7890,3459,6627
5240,6742,2717,8013
5167,8437,2027,3870
3026,9879,4054,2067
1793,7923,5674,3665
7744,2632,8842,1201
2812,2513,7432,7517
7729,4705,1375,4283
1303,7374,2836,7681
7802,7496,5224,1640
6029,6785,5644,2056
4661,2731,2288,5309
8030,1824,9482,384
9424,1554,7718,2219
8832,8569,3846,790
2234,9300,5299,4912
5408,8385,1410,5808
7490,2188,7965,582
5724,2844,1750,9203
2723,4483,8437,3645
8026,1456,3980,9491
6285,8698,1446,5908
677,7260,4726,8748
4245,1199,8597,3022
8257,1058,2789,9707
9471,7798,1138,4790
1047,6712,3548,7710
1984,5715,3359,8902
8933,4253,5690,656
5853,6515,1478,6796
3942,3401,8660,1921
9026,3015,7209,652
5356,4452,3181,4712
3213,4032,5758,9330
7264,7196,5904,2262
8101,3715,3550,6161
4365,488,4946,9437
5587,5263,7958,557
6550,863,6682,5074
5531,6381,5240,2148
6615,3767,7060,179
9507,868,7531,4900
5349,7485,3428,3847
8789,3297,7241,2075
8875,2410,9813,1213
3290,4455,9061,4457
4362,597,6060,5965
3152,3134,5422,8583
698,9023,7577,2953
3019,8042,8366,2313
7292,6203,4684,3049
241,7874,3301,8694
8151,4946,4043,472
1135,8750,7221,3541
9253,1975,9792,829
5770,3707,9072,2593
6982,8682,62,4868
7507,7334,5142,3690
6933,2759,2327,6845
8225,1111,7597,2359
286,6370,8852,4919
4135,5327,6467,6407
6043,6587,3019,8359
5971,3152,2110,7169
3253,9699,2277,2274
6017,3943,5663,4422
4153,3420,7877,6809
6558,1970,3113,7369
6596,5914,4406,4693
5630,8125,5106,1938
2734,7596,2494,7478
6663,6368,1852,6650
6039,6828,3629,3296
5835,2546,8228,5294
9459,1106,2075,5525
6762,5463,4326,2842
5150,822,8056,3340
4506,3428,4619,9140
327,9070,4294,5824
8258,7889,320,4326
2116,4994,6436,4454
8503,10,9450,3459
9518,136,3871,7637
7787,8360,875,1830
8362,2074,2033,5774
2267,4758,9044,3057
4951,8129,2593,4655
3515,9857,6339,762
5395,4060,8314,1716
8930,3514,1638,7413
3798,1103,5158,8490
6200,9396,970,2652
3875,4554,7722,2691
4512,6955,5342,4972
3718,7503,2146,7505
9665,288,5848,5319
2617,4267,1898,9988
1747,8206,2136,8347
2458,9478,2048,5751
9390,1379,7865,3464
4504,4344,4729,7952
2296,6651,6696,3837
2245,4498,8035,4527
6255,4963,2410,4110
9216,4728,4228,2895
8163,3156,237,8639
8256,3628,2820,7446
8578,2440,3078,7051
7052,5336,5818,1328
201,1083,9148,9287
2261,5991,6306,6594
8542,3944,6884,2173
6739,2720,6991,1804
2611,9353,2271,3087
1720,8035,6456,2768
655,2238,7277,6461
1044,9972,1968,6849
2283,2668,7650,6127
3332,4861,1846,9120
2423,9411,4673,4275
4813,1678,5980,7429
7169,812,7693,2550
1273,8588,5377,7650
7481,5791,2688,1706
3816,4289,4554,8491
6110,4604,7319,1653
7167,3762,2626,7344
9460,2292,2316,5092
9994,4658,1123,3590
3043,4174,2985,6719
1524,7947,4102,7340
6930,8085,2922,1032
5040,4468,9975,3390
7657,6868,921,6225
7225,3542,9864,483
8051,3506,9261,845
1835,6467,8176,4224
3452,4005,6563,4557
5564,3726,9044,928
8698,929,1705,7146
347,7792,9811,3940
4553,6061,1504,6211
5012,6318,1335,3239
3265,4977,4361,7052
5269,7474,1770,6868
3795,6999,3247,6260
4708,5252,5735,5332
5061,3919,1190,7784
672,7812,6855,2773
4878,6156,7198,3196
2260,8412,2555,7881
1830,4743,7782,4391
2396,5582,5648,6393
6599,7718,3540,1482
1559,330,9961,5751
4742,968,4976,8138
3014,4841,6775,3680
5455,7832,6042,927
334,9190,1417,6023
2339,1475,9979,9199
6300,8747,1863,992
6742,797,8598,6669
2719,3348,9888,4190
5003,9943,7492,526
5361,5492,7628,2724
7176,2347,5680,7191
6022,4623,2766,6627
4683,2172,9494,2897
3988,3001,4697,8171
423,7479,6644,8773
5947,7640,6523,1428
4459,3322,6527,5087
1995,5068,3878,9278
8525,4302,7589,2836
4664,7652,1490,4504
7238,2482,4765,2962
4480,4898,5644,6597
5636,147,8476,5123
8679,7305,2763,2303
3135,2115,6673,8299
5099,7952,5632,1226
5490,6482,7142,485
3039,8353,8368,777
6597,7329,1494,5112
3472,7644,4303,2535
3432,8928,3243,3267
3800,4198,7293,6619
9492,2577,6013,1626
3501,8066,1722,8652
6615,649,6042,6644
3240,7986,2610,7183
5254,3293,4462,9792
1346,8652,3881,3845
4055,7488,4574,4532
5004,6518,2280,6857
6517,179,7324,4300
1731,4793,4601,9100
9844,1127,6239,505
4839,2467,3485,8844
4485,6295,603,7700
5241,1095,8098,6032
5476,3273,4092,4774
4226,7695,4089,6037
549,4662,8769,6327
8228,883,8555,2007
7424,5590,6873,1075
4527,7488,3952,5625
8766,2681,3436,6067
8672,2526,7742,2469
3534,4841,4158,8669
7277,1405,6394,7786
5813,5627,6279,1196
1978,6891,5587,7844
5275,5226,3410,9889
487,3930,8589,7121
6125,380,2058,9844
4073,4221,5687,3825
2079,4836,3318,9714
6472,7364,3108,3087
9930,7527,499,2345
5933,8479,3918,128
6363,6397,448,8195
2160,6117,7722,4027
3486,3999,4994,9488
2155,7236,6841,5347
4594,4873,5416,381
4250,3194,6505,6078
1274,9809,272,8999
2533,5727,2125,7577
9445,3015,5483,686
3616,8100,2413,5731
3367,1617,9294,7758
6971,8431,84,4264
6441,6505,4099,4901
253,6100,9285,6750
7085,5660,2246,4158
2033,5129,3086,7127
3189,6250,4834,3703
5129,3301,9806,4225
8416,7121,2183,2922
7086,4861,5832,1433
9941,1443,6783,2724
3975,4857,4648,7946
1580,1633,7933,6825
7219,557,8612,4256
4935,4399,4372,3713
5828,6100,5834,2051
8925,3148,6993,1278
3049,6903,3502,5351
2954,391,4576,8655
1644,5760,6986,4533
4946,8097,3165,2516
5182,6903,5354,2560
3599,2570,8064,8070
7293,6600,3718,1577
4967,1971,8927,7376
5887,3174,4663,6360
3304,1114,7065,8743
882,1704,8205,7826
7796,6328,1480,4660
1349,7903,5005,4721
2919,1937,6143,8848
1152,9252,5135,3580
6245,5549,1826,9684
4038,4223,6848,4280
3188,3502,7916,4491
9691,931,4404,5771
1555,5072,6207,6955
8006,3360,5277,4546
5856,4754,541,8572
3042,9203,6108,1904
2653,6209,406,9693
5647,7792,1626,9245
8216,3617,7222,536
75,8225,6650,3070
3625,6007,7847,3227
1771,9659,4827,5737
6878,5496,2385,4563
7846,8432,218,3264
8648,85,5512,6269
5756,3911,9425,1815
7051,1988,4887,7984
5016,3955,4095,7000
233,1817,9426,9112
5750,8109,3712,1983
5817,5641,2591,3046
313,9500,2863,8078
4793,9241,4992,3961
7725,6673,3316,2497
3787,4463,3804,9438
4149,6358,1838,8490
3883,6243,6102,3991
3457,5434,3999,7674
4240,4422,3447,6366
3103,5046,1588,8369
6416,3947,4217,7033
4648,6056,6018,4293
4964,5418,1693,6249
4275,5665,9220,2401
5067,3805,6209,4955
6101,3911,2612,5565
5331,5977,4695,6902
2517,6152,9861,1794
7692,182,7091,4727
3277,9345,1847,9057
7589,6336,3224,4913
556,2817,9259,5155
8971,42,6667,4874
6536,2656,2739,9010
5637,6402,5743,3499
297,2921,9026,6589
4034,7155,7074,1983
2156,6867,9056,4090
8548,255,9223,5003
3204,6526,2428,8951
4764,9206,4887,643
9131,3818,3733,4010
7364,923,7059,6570
3760,7553,4317,2644
6435,8677,2868,1842
3797,352,7107,6511
9417,6184,4668,3383
4267,5490,6860,4583
5414,5164,2801,5977
7054,1679,3081,7340
7323,2471,6035,4901
4292,7246,851,6916
1280,8803,2453,9250
776,3873,9273,9266
7895,2213,9618,854
3624,5405,9145,5333
15,1437,7472,9550
2325,4743,7746,3532
6555,2188,1032,8853
8996,268,9292,1074
18,9944,3769,5917
4324,2264,3755,8659
3744,7569,2131,5943
8691,5140,5234,1403
3198,7738,2639,8094
6139,8170,401,5158
4142,7235,2837,5851
4512,6044,8247,1759
5060,4812,7504,3286
7537,2923,5648,1187
4714,9273,3909,1573
8612,3048,4398,6451
7927,153,6026,6820
6915,6003,2868,3129
5888,6721,5580,2352
7887,5186,2717,4351
5756,1258,6470,6746
8082,6911,5916,1380
7489,811,5774,4824
7195,5231,2515,6729
4476,104,4817,8284
8605,5143,3163,5448
3250,1262,9430,3049
118,7667,6307,5012
4834,5724,6181,2604
2148,5687,4248,6169
5508,6352,3744,6402
1427,9527,618,5578
4314,7425,2089,6838
6096,9708,119,6101
7905,1929,2614,9686
5275,9056,2881,3641
9309,6467,1554,4680
8441,5950,5625,3356
3188,4623,6756,6914
936,7781,5836,5980
1632,8741,1645,7105
3032,864,9069,5359
3995,3732,4761,4872
1254,8950,307,9540
1529,2770,4246,8554
5818,615,4556,6695
5408,8343,4929,514
2097,5292,8459,2147
528,6119,9952,3282
2572,9393,3774,2853
1066,2668,8418,7288
6647,5337,3259,6410
7338,4241,6425,1702
2666,4644,5077,9870
7840,4419,4194,4055
5316,1413,4183,9767
7628,6652,3008,4688
5912,1850,8848,3889
391,5839,6599,5442
2562,2792,9684,3036
1663,3726,9794,3921
3387,1046,7600,7469
2672,3976,5405,8302
5154,5624,6914,2250
2107,8095,2233,4963
4312,6082,6203,6177
4180,5687,2470,8920
4946,3153,4730,8703
4829,6195,2599,5534
2005,6348,9565,2670
3802,7189,1592,8926
5120,5102,9146,62
1083,4539,6730,8165
2673,5502,2916,9470
8809,2949,3492,5568
3907,2332,6609,8979
5598,2248,6779,4016
238,7665,5233,8288
7020,2852,4601,7386
1789,6312,952,9200
6522,435,3384,8760
63,6713,8085,5838
7250,2892,6874,1513
194,9346,3995,4694
7857,9639,1728,1785
5532,3803,5950,3086
2907,8762,4761,2702
8381,544,4686,4634
2526,6750,4105,4138
4575,6669,8356,1081
4599,7005,4708,4590
8710,6342,2875,1668
4014,7469,9299,144
7690,4273,1808,4597
6371,7077,4025,1956
8923,1806,6272,1003
2801,8849,6839,3139
3698,1524,8711,4194
4300,9551,5003,2717
7323,4653,7354,1621
4763,6366,7202,2188
6634,4184,5115,4618
782,8036,592,9305
4656,4314,873,8436
2207,1267,5500,9959
5047,5791,1099,7516
9000,5053,6442,593
857,9182,131,4830
6379,2646,8304,1003
3280,9255,83,5815
1035,3902,4621,7982
3476,7177,6354,4225
5252,4471,6802,252
6583,5164,2023,5052
4929,5629,3932,6205
6331,8410,2140,3783
7578,2255,1632,8334
8382,4368,6508,3414
8598,1258,7684,689
7824,4811,2760,2696
4776,8338,955,4946
3774,4251,5183,7161
642,8052,5965,2410
1423,3405,5990,9194
3678,6412,4677,5767
3404,5415,3337,9704
6181,6334,2670,6320
8727,1133,6408,4016
8026,1018,7088,4701
648,6641,2875,9386
5076,4981,7042,989
9760,1947,6427,3277
7684,2609,8756,746
7787,8533,5799,4290
5642,6520,9008,291
9457,3189,2693,669
5680,6487,8855,377
5513,5874,6265,2966
5243,2071,9033,1504
868,6928,3025,7630
9288,6239,3411,3424
4296,365,3346,8946
7605,5788,2651,3075
3640,6101,8615,2537
3619,2667,8666,6500
3291,6166,4344,6517
786,9948,7147,1955
4278,8779,6877,1791
2733,370,8976,8609
1343,7168,1645,7654
1645,3972,8401,5244
7448,1040,5264,5889
4234,3878,4549,7007
9977,6293,914,3506
9145,5972,541,1170
7750,3387,4841,3424
7240,5833,9184,672
7955,5290,5260,2042
8676,4081,2717,1990
6096,6696,411,6073
1881,4211,8630,4562
3600,9393,3261,5411
4804,3419,4985,4411
1952,6491,3544,6520
5549,7078,7806,1084
1367,5676,9972,7103
7050,7722,73,7806
9874,1807,4439,5856
8693,386,8830,1603
2838,5530,4582,8305
5428,6912,1346,3718
7981,3888,5913,4223
9852,2832,7295,312
2097,7324,1594,8174
4643,7587,4646,2164
8964,1186,6908,601
8812,1217,6357,3564
5878,927,2439,9654
6363,7096,3615,5082
8620,5376,2540,4200
4181,3956,4570,6951
4087,6794,1441,8672
481,7311,2482,7712
7804,6743,3706,1991
4081,7694,3646,1561
2432,4569,8403,6817
1442,9980,6009,4711
470,8971,4859,6407
2912,7520,3917,5474
3040,4129,7420,4781
5635,1782,8763,196
4116,6021,7422,1298
7217,5061,2723,5685
337,5430,9844,6274
5129,5434,3183,5767
8299,3329,4783,4871
8761,7042,2070,1855
5992,6770,3870,1991
2118,4509,8730,3423
5452,1274,8985,3977
2442,6841,6173,4397
9232,104,9769,2093
2553,3718,6768,8965
3532,9690,4223,1688
7957,4829,6172,2435
2453,2238,8522,7623
3248,3922,8144,5017
1516,5748,1944,9443
4582,6928,8411,2003
4781,5768,6021,5430
6910,3250,8017,2107
5037,7017,7994,375
8709,2456,7692,1775
7665,5797,2292,2553
1214,9159,6618,578
6675,5068,1041,4813
3165,3268,2759,8017
1849,9180,3258,4493
8853,4158,6622,2728
5794,7127,1677,4537
5892,5007,7473,3272
8987,885,6747,3507
5627,2462,3248,7863
3612,9770,4432,4243
8133,6015,2316,4562
4499,4793,7601,3935
5167,6418,1088,7555
9553,4080,5243,868
1858,6810,3551,7440
7953,4733,3979,4048
4424,7964,8279,948
9469,4056,1839,3430
5069,6466,6363,1418
4653,5637,5551,6399
1079,2031,7175,8442
4702,7027,6910,716
3095,3252,9809,4436
5676,919,9316,2691
7597,1130,8265,3583
4118,5234,5590,5629
2288,4466,7344,6961
6447,2421,8130,4412
7942,8694,3466,660
2524,2039,7850,6672
8717,6681,8963,150
526,6846,6482,7644
6238,7209,2738,4503
2931,3350,6393,6472
9296,5210,4839,2775
7667,6320,4366,2085
9178,5093,428,4212
1558,6147,5534,4657
1007,7858,2467,4276
3497,5620,4412,5052
5314,8029,3526,4023
3716,7609,8613,1399
3473,4427,4953,9412
3429,3396,9884,2741
5694,5008,6477,253
5965,3798,5002,2353
7304,3697,5454,2330
359,9986,5065,4185
4347,4404,8720,3470
2344,4866,9035,6724
8031,4820,3553,4564
1590,9212,2930,7472
7446,7549,1788,4006
3507,6798,4627,7659
5201,4825,1997,7318
4433,390,9484,6413
6990,3900,7181,1169
9826,2056,2205,6419
6169,2180,1928,7838
6466,4689,5204,7152
3944,3192,5533,7359
7833,6041,2603,1972
2879,3845,3854,8510
7000,2771,6838,3894
4738,7200,5882,4196
6623,5609,1407,4861
5211,7393,4637,6832
7872,3719,6037,2335
3379,8613,6209,2131
4142,7755,5552,2229
8016,3740,994,8062
6651,3669,5594,3354
4540,3138,3873,6686
3794,9600,3648,3301
6620,6826,3954,2407
4841,9892,3495,243
2942,6945,8143,1907
6892,5620,119,4983
5018,1562,9336,4248
3082,4213,7466,5309
7595,132,7264,3547
3924,2807,9498,3988
219,5113,4988,9822
4308,6805,983,4542
2715,9745,1414,6367
747,8510,5990,2411
7588,5247,4446,526
4648,5526,2256,9809
702,8486,5770,4008
7591,6141,262,5215
2159,6910,8548,315
4583,7048,6102,3175
3560,6378,7286,2621
6432,4348,4303,4080
2866,4934,7803,4532
3044,800,9846,9281
9222,2842,6444,2342
2039,5035,8446,4803
3732,8324,3339,762
8281,1623,2161,6389
7957,2976,6143,2940
2475,6921,4980,5952
1664,7613,7768,3789
8906,6794,135,7261
5976,6667,4878,2866
4245,3219,6798,7816
6878,2354,5574,5387
1563,9014,3355,7316
8454,2132,2106,3075
1881,4558,4292,5454
5202,4723,3840,3755
4675,5984,900,9099
6917,7358,2937,3075
4844,5391,6186,2439
1958,8141,6102,4366
5809,4620,7704,2965
6001,2604,4722,6606
3456,8937,1088,5821
4483,5778,7364,90
1934,7206,5631,5658
6816,1090,4797,3390
3973,5513,966,9347
7535,513,5378,5575
8963,212,2358,6783
9746,5627,184,4390
6584,9300,2421,520
1917,8308,8896,633
3529,4632,1247,7936
9188,324,3035,6691
6586,3001,6038,6950
4340,6883,3683,3273
2135,9762,6654,3411
6563,339,8535,5613
643,5421,4198,6661
3182,2146,5587,9832
7213,2028,8300,5453
3985,8786,5126,5142
6142,4382,4809,3171
1740,8756,7270,3603
6157,5898,3375,6532
7407,4316,4159,6472
2543,1908,7445,7530
9828,5493,1749,5635
5526,2395,9327,5463
5153,5081,5224,1983
2644,5463,8709,4522
3354,6688,9055,842
8928,475,8426,2318
4218,3424,6889,2778
5815,6819,1772,4213
8957,3677,6499,511
5818,7512,5360,1455
2752,8247,936,6171
3511,7023,3450,4105
9075,5996,936,5346
1327,6244,3922,5773
7711,1550,4645,7171
9338,4987,4411,1641
2849,4533,9969,3718
3731,2735,5331,7105
2980,435,6448,9014
1456,5198,6653,5985
858,1634,8434,8045
825,8511,4610,7107
6391,4025,7220,1956
5846,532,3775,8671
4389,3258,2982,8090
3023,148,9201,6578
5516,4505,9589,2381
3687,9400,5431,2612
2532,9967,4645,2832
3070,6818,1281,7628
3966,8717,8399,417
20,5001,9936,4900
7420,5898,6122,1222
6098,2888,8806,380
5187,9822,2854,3134
3719,4486,8391,5194
4429,7540,114,8662
216,6015,7873,5260
7364,8362,2378,1529
77,6572,3373,7208
3496,1198,7357,7505
1670,8972,4212,5860
7046,3305,2049,8212
5376,2263,4027,6592
3172,6902,6111,7253
1203,6049,4485,7223
6717,7848,2347,4820
4064,5371,7962,3463
299,6878,5911,5903
6782,4876,4179,5872
6014,9069,4049,4142
4482,5655,6780,8436
6364,2874,5650,5063
4794,3122,2048,8200
4581,9424,641,6775
7415,329,3979,8707
4059,8935,1906,2594
6954,1905,7593,3726
1850,7690,5493,6992
2459,6137,4717,4895
7349,287,4172,8254
3879,5931,3348,7927
5717,3678,7673,1454
3051,7269,7555,936
4033,10,6173,7870
3841,8276,3180,3970
2456,4756,4806,6666
4116,8971,872,9599
6623,3839,7773,1172
2611,9656,2707,3647
1966,5102,9033,1983
2101,9777,4430,6277
7817,4131,5780,2636
9794,4192,3731,760
3159,9496,3794,6834
9232,5169,6068,122
8031,1735,847,9287
7396,5784,3041,3911
4094,3728,9769,3048
3698,5765,3518,6692
2974,6120,7011,4073
8378,1680,8499,3232
6550,7561,6047,613
5225,1950,8412,2940
5050,9162,1204,6247
9651,5845,3961,1186
5909,935,4745,8209
2657,6027,6351,4599
2294,5273,4794,5464
3677,7334,4285,3782
5418,761,4662,9973
3065,285,6695,7505
2302,7830,3339,9461
5088,7119,6102,3944
2855,7444,5208,4805
5564,9483,3152,685
2421,4761,7994,2776
3865,9554,3301,247
2970,2835,1482,9317
8687,7012,854,5822
3562,4160,5215,4356
8961,6958,3533,827
1723,9138,7579,3848
7085,2997,4284,3426
2990,5700,8481,4325
6746,1768,3099,7455
2079,7902,6344,2005
6726,1926,6239,5426
5077,6714,2312,5303
6565,5892,2702,4877
991,5629,9925,2111
4152,9636,2164,2989
1551,9472,1152,9602
665,7662,6587,5918
9416,4004,2020,6233
6011,1032,4198,5921
9626,4746,1831,4657
6729,3417,3475,4965
3468,2297,5910,7276
8797,1753,6296,7134
3989,2050,6093,6925
2775,4564,6925,3022
9337,3518,6493,1398
2781,8379,2128,7385
3699,6873,7013,3145
4101,2951,5324,5149
2095,5878,3744,8475
8819,136,7508,1915
4720,5286,5402,4905
1192,4412,5775,9335
6045,4240,8850,5070
7120,9644,3629,1912
8817,2521,7330,4981
8855,2289,2812,8186
8367,5258,4403,2662
2761,9294,2397,4786
3056,2698,5621,9094
8205,184,6556,4574
2175,5610,3837,5231
4204,9585,7235,517
3198,4291,2788,5458
2752,6782,5651,6873
4365,2963,4501,6194
4465,120,4809,7876
3516,4195,9097,2216
2870,9147,1578,6320
7903,1087,5125,9328
4767,4394,2876,9629
3271,3155,5505,5340
4305,118,7928,6850
483,4930,5297,9007
2399,7142,9583,2247
9452,1852,8342,2108
6831,2302,7215,5081
4416,8688,2496,2955
1798,2919,7423,6174
3237,2307,3749,8183
9669,630,8492,1418
6733,1373,6283,4899
6539,3313,5741,3662
5102,3640,4333,3195
3908,4537,2381,9451
1066,8413,8448,4497
5160,2862,5353,5478
4914,1233,7110,7885
4565,8632,1932,4248
3008,4947,7489,5935
1212,7985,4352,5404
8780,4427,815,5237
1604,5905,7788,4031
3731,7260,3265,5264
8638,1444,514,7366
5543,6000,3009,6409
2720,9057,3395,5616
2340,7684,5817,6984
2608,7379,2688,6962
5608,1557,4374,8302
3685,3158,6004,7040
4148,8554,3113,3449
8222,5953,6361,1252
1076,6535,3178,5661
2843,9077,2838,1899
1082,858,8411,7486
2165,7996,1863,4802
4757,6814,5334,1095
2806,8720,1134,8262
1205,9168,3824,4219
8510,6438,2224,1454
897,5278,8977,4128
8230,5026,6129,453
2466,5621,3617,9577
6894,5006,4904,3633
5746,517,4775,9954
4267,3669,7873,1626
306,9212,7513,3448
6285,5817,2821,4669
7408,6493,5220,1260
9005,2788,4309,5066
4174,7076,8104,1296
8958,4719,5744,1934
3988,356,5895,9188
2033,9503,3019,6565
3641,9138,1128,8270
2763,2568,3957,7428
5087,5008,6676,6061
8896,8112,2721,2190
9349,4034,2182,6321
5979,2265,5820,6985
1436,4140,5949,9647
9913,3084,4622,2397
7469,2837,5448,2626
3763,5173,460,9783
8424,2802,7700,3618
5363,4536,3582,7250
3984,8817,4485,1599
2181,4558,4827,6765
3436,2442,8556,5064
3310,4780,6897,4302
5165,6756,202,9222
1075,9746,5515,4634
5542,5378,2119,6745
829,7871,4312,8690
2683,9530,4726,1909
9890,551,6806,2472
6504,850,3911,7001
5737,6654,3695,3706
3878,5951,5535,3476
4181,7429,7344,55
386,8392,4235,9079
5478,4602,3799,3768
5593,6694,5596,1312
5755,1463,7733,6830
262,8983,3857,6978
4498,5037,4971,5381
190,7588,1667,9268
5261,5961,1896,7325
4418,2951,6153,9476
4803,4172,336,8244
7432,1078,8992,4505
9018,1299,8304,2758
3139,9376,4728,2071
4956,1585,8036,6480
79,8798,6446,6664
1,4940,5238,7709
5217,4770,6784,3048
7329,2317,9256,4303
4830,8934,1479,5351
7969,4525,1443,3491
9352,169,4577,5979
2519,4131,4704,5853
8452,5036,1789,1895
9219,3721,1634,7589
3620,6358,5390,5419
7402,5757,5585,939
6501,1643,2429,9615
4664,3812,6350,4350
6805,4213,9004,2134
2100,7256,7735,2281
4893,3352,8080,3460
103,7781,1847,7148
3538,7637,2913,3695
4471,7374,4729,764
1721,4755,4965,5902
6681,5147,4954,4129
735,9833,5178,4711
2515,5390,7591,2764
5088,6577,5892,4135
6178,6082,4855,3999
5083,7971,1769,4472
5534,3988,7477,4804
3871,7201,6537,930
3206,5244,5051,5734
8484,7297,3011,617
5165,2042,5079,7387
1693,3656,4578,9123
1322,2021,8598,7358
3326,4826,3797,9262
6737,3714,7004,3576
4157,5826,6503,5255
3509,3340,9070,6179
1930,2553,6198,6532
4749,6423,7079,3807
4988,5082,4225,2735
622,7960,6696,5316
1766,3754,4384,8129
7487,1805,2507,7236
245,5968,9801,3022
7425,3185,9547,1930
1740,9363,4493,6880
2090,820,7158,8004
1939,2157,8080,9137
5932,9560,908,3067
4781,3166,5639,4106
7108,1948,9197,3079
6206,1936,6215,6531
7505,5278,5277,1310
4721,498,8821,7373
1098,6561,9397,6063
6023,6318,7937,1983
3485,1420,6882,7318
8978,4412,5415,3299
6195,6239,4776,2701
1517,2229,6230,9391
3335,4198,2510,6096
4001,8838,1357,4490
3147,5641,3929,6964
696,7484,5662,6565
7815,3665,3926,3570
2218,7802,6645,4560
733,2941,8761,5423
912,6893,5482,7812
2779,3456,9031,3983
4442,2753,6750,9007
4867,2641,6107,4043
8523,3700,2369,1778
3395,6439,4153,8707
2911,2199,9278,5880
4315,2317,6341,7820
966,9088,3123,5527
5046,9883,2301,3313
2412,2077,8957,5598
5793,4573,6030,4484
4303,5913,3916,6879
7029,6366,2194,6248
7789,4326,1204,7968
1849,8366,3502,8444
7287,7119,1011,3909
5350,1205,2942,9380
3943,5418,1189,8918
5267,6092,7117,1873
3577,8565,1394,6571
5999,3551,7629,3376
8101,6483,1986,3449
5680,2869,7778,3036
5167,1053,7429,7982
5952,9429,1826,1738
2554,3777,7915,3041
2391,3417,7637,7581
7450,1260,4428,4543
7983,4659,5636,64
3977,8348,1230,8494
5158,4961,3342,6616
2244,4860,2914,9221
4395,1160,8071,9001
8491,6430,1373,2067
6731,5688,3887,5429
4716,4400,4667,6019
4459,2125,9789,4256
4955,5826,7589,2435
1600,3216,9659,6880
4434,5980,1380,7717
9317,1062,7221,2306
6844,1855,6383,5641
2315,5272,7397,9077
6240,2940,7335,4617
497,6309,8122,5217
7216,1147,2904,7259
192,9531,221,6890
3112,1232,8446,5276
6617,6526,2389,2117
993,8865,5652,2216
6188,3862,8097,758
2884,6266,5388,4874
1670,6992,3571,4745
1112,6510,6037,4694
3968,3760,2174,9174
4910,4794,3273,4955
4529,4961,8694,4004
1641,6097,5047,5653
5283,6426,4025,3864
5369,2072,8377,2213
5992,6253,2979,3261
2979,6546,9044,823
9755,4944,3408,3682
2415,2644,9856,4673
5801,4061,6188,6526
1076,7853,5087,7381
2756,8397,1451,2668
2980,4104,9166,206
6978,4597,5564,4698
7809,4071,6684,3544
3635,4576,7478,4497
5762,4176,4790,3283
3248,611,9734,4726
808,7404,8843,422
3374,2155,5794,9705
3847,7802,3290,3914
7102,3389,1655,9782
9130,1758,5806,5178
2435,5052,6736,5959
5358,940,7546,8883
7096,5082,3325,4446
7892,8204,4113,184
8316,1676,6269,3506
3507,2818,7238,6814
8517,5732,3890,1791
6972,4823,8326,769
2300,6044,8575,6182
6599,5705,6759,1188
9534,1536,5040,7428
1019,7003,6224,5316
3170,7314,1017,7485
5123,692,9652,2982
3607,9247,4618,4297
5990,4787,3458,5729
6977,3590,2042,6692
430,3319,8228,7823
1410,2417,8807,7256
7564,1924,6965,2433
1564,7768,3120,5389
3053,7164,2710,6205
4990,4976,1614,7705
1083,6952,5444,6763
6749,4084,1269,9475
3980,741,7200,6834
7435,2806,1607,3319
5075,8123,6199,3686
2211,9428,4842,4575
5409,6669,5079,5630
3528,1736,7087,9752
1149,4954,5280,8841
1151,8742,2770,8059
1655,5216,7379,6437
735,7486,7613,4236
3848,4724,7505,1874
3219,5064,3617,6030
6459,56,5163,9185
5278,6826,49,7033
2252,4146,5817,3366
8050,3006,8442,2860
1115,3253,6922,9184
9438,473,7035,5204
6751,4302,1864,3296
5173,5257,6364,3155
8217,6966,6034,28
5663,2155,7562,6254
6973,268,9419,5438
4348,7592,5715,5774
4026,737,4241,8993
5175,9893,5066,150
1718,4240,6263,9672
9568,3254,424,3588
396,4798,4477,9825
9099,6094,3451,2008
