4000 4
9853,9413,8580,6819
560,6722,9850,7044
7547,9246,9798,9327
9381,3195,667,9410
9295,7672,895,1882
3838,5598,600,5045
1133,8129,9337,9239
3620,4066,9559,3474
3480,8139,293,4040
4862,143,1085,2409
9390,883,1737,8772
4079,2404,8183,3374
77,9078,5257,3915
4676,5857,8961,5809
3987,8299,5049,7608
2365,4608,1082,5845
2748,1375,9885,7611
1519,971,21,909
1854,1758,9681,5934
4162,7865,9309,4239
6943,4566,8155,1620
424,7116,7429,4412
5415,2479,2020,7781
7087,3102,3626,9835
4478,3512,7446,5997
4483,7467,6907,6338
9226,6588,2272,3388
4453,1581,7628,1397
6148,5784,3017,6572
2900,447,984,8316
2926,3004,6098,13
6107,9725,9849,585
3237,7296,6583,7721
4764,3490,4060,3990
78,6333,7379,4532
7915,5008,5929,4063
792,8947,635,3693
9394,1620,2010,2320
4625,8108,2333,732
7833,2183,1318,1071
9479,7901,8792,4243
1391,2853,8234,1470
9186,5613,6002,7101
621,1932,1164,1413
879,1800,5107,273
3421,7117,2593,8046
5225,4927,8779,3059
7111,97,4130,6590
7998,2923,834,9390
5776,9068,860,4963
4681,6862,2064,5303
8795,3229,6716,9674
5030,1824,9948,8451
8941,2542,6498,4167
7469,5277,7226,4581
5375,1357,1171,3374
4280,2006,2764,57
1075,3624,5020,5756
487,7085,1060,9282
314,7777,8957,5344
9601,8906,3796,8542
1448,294,2710,8918
5572,9936,3499,948
1294,4671,4322,5574
6677,7087,5632,7752
712,653,3509,1199
7738,4570,482,8053
2347,9439,3398,1948
8346,7195,491,9794
7489,3201,8712,3062
3138,2212,4011,4432
6883,8334,7,3561
5421,5640,1314,6133
6293,4824,7333,4032
9394,7815,2085,1741
7255,5484,3690,5601
2679,4181,5395,168
7383,4108,3231,521
6321,7243,4953,3205
5577,4961,6766,998
601,8080,7132,6894
2905,4465,926,2299
2280,3012,4040,9535
8496,7730,5137,1175
1912,533,1344,9295
4642,4576,9816,963
1819,4770,4168,7396
9732,934,8395,333
9015,5527,7228,1920
9993,8154,4219,2273
1167,8260,1809,9663
5991,6947,839,7903
7480,2183,7199,2122
6759,7015,3085,8578
1786,7254,5975,1518
8188,4370,1852,7204
9898,9080,9125,9891
7235,3345,2165,8402
1606,3975,8066,7597
923,8905,5501,8403
1088,2700,525,7848
9716,3611,6427,1502
865,2402,3021,9054
6773,4873,6259,6672
3953,5384,6564,1188
8730,8730,9591,336
2705,7657,7933,3628
6562,3434,2032,7651
6135,2558,5499,5851
6169,1926,7354,7035
4328,375,6090,1102
5248,2349,7774,9202
7734,4338,391,6464
3068,9982,6800,5774
7640,4733,9403,4203
8168,1435,1854,4304
3993,7353,155,163
9279,7509,7199,3608
7884,3289,4710,3133
5638,2484,2336,3372
6823,2728,9836,9891
2711,6636,5666,351
1370,5069,4554,9539
6505,6408,3843,499
3761,3999,663,3041
1508,7862,6649,9393
1151,1359,2527,6789
3844,4863,162,667
7592,9998,559,303
6635,6226,654,8006
1296,5209,7545,7801
1617,1389,8301,5379
5388,8964,8421,6897
6826,5070,6290,7978
6430,8818,4767,274
3682,4929,942,1274
4928,1502,1577,1563
7728,2232,9569,9024
7441,7115,6825,9059
8505,5127,4438,3894
4091,2860,791,918
7930,7082,8896,4360
5900,3664,4635,9582
8593,5577,856,3522
7080,2434,5086,4808
4666,4656,3832,2107
1771,658,1166,277
5785,5605,4171,9877
8465,4963,795,6396
2045,9692,756,7946
3356,5392,7528,1950
970,8385,5472,8050
819,558,2858,5485
5214,6691,7593,6986
7349,8759,7264,3135
4365,1435,3012,2830
6398,3808,9226,8444
3500,9983,6390,6856
5376,3918,8806,6346
2304,4279,4397,3123
4838,7255,8609,53
3947,6202,7039,1296
4962,4303,4432,9327
5739,7444,2157,2138
1253,1384,582,4753
1368,6972,1610,6744
891,417,3090,3195
4696,7487,6319,9535
4743,4928,9588,8691
1131,6628,9988,6093
931,4420,5420,6671
1865,7578,8809,3118
8962,9391,7872,330
6363,9482,7075,7254
9900,165,449,4597
7653,6769,4132,2397
1698,3720,1088,2829
348,1076,8923,1280
5497,4343,7952,7362
1922,6761,481,885
6152,8353,1216,2516
7836,8291,9771,7736
8457,221,2334,6110
6990,6466,8508,8688
187,9596,1517,536
673,441,1816,6170
4784,9769,3533,6707
6530,4014,7592,2683
2367,8809,5200,204
7100,4971,7940,5557
5192,274,1668,2183
6741,176,871,6928
9773,2389,7464,447
2830,9281,6618,7615
9050,151,4322,5581
4165,1915,8264,6533
724,3464,6737,7825
8436,4677,3382,3629
4952,5051,5812,1693
5228,6684,8622,5001
9073,6087,5449,1904
5368,2067,9520,4419
2218,3843,1,6384
5759,8265,2917,6483
1730,9654,4308,166
4331,7691,3795,9284
2742,9607,978,7970
6292,9600,2972,5366
5688,8422,7270,1056
489,6791,5476,2708
634,5476,9092,6393
3741,2009,2877,5471
1663,7186,5638,5995
4877,9433,5280,7620
9041,6258,5590,5333
5859,8563,699,1547
6985,7970,2604,7475
4761,8080,183,5396
3556,9275,1789,7298
1285,4667,2770,2949
1853,8408,8944,6730
7841,4224,4350,6883
483,9941,2216,6342
8505,2916,7890,5491
887,494,2966,5648
8575,3149,1045,2132
2425,2834,9430,3711
7502,2201,6660,9355
609,5604,6086,8451
9829,437,5334,312
379,7551,6655,8884
468,4546,4375,1355
5041,7342,7004,3616
491,8049,5748,2917
883,5179,6628,8386
7381,3288,7741,7990
8893,3827,6442,8723
4264,1776,9036,4644
9328,5692,3528,9796
238,7904,1152,5279
5246,8156,8896,5738
6205,4645,8656,7089
9825,5284,5475,7206
8573,3216,5197,7467
7044,1639,6190,1309
3416,5226,5953,2744
918,9482,2541,1157
7386,3693,6437,2633
1849,5333,8371,8055
9979,7027,5144,9804
2312,619,7011,886
3836,2208,8353,881
3847,4544,2191,7263
9771,8145,8,689
7627,2549,1847,5014
6243,8284,7647,8093
3618,6019,6148,3597
3047,1292,3402,5360
1912,414,6246,5749
2622,4600,6630,6470
9145,8822,3734,8916
6967,3743,9606,4594
6292,1453,9609,2536
9738,7257,629,3356
3277,6777,6954,6324
8070,357,1685,9983
771,7932,5732,3394
2533,2363,9864,1678
1185,3599,594,8152
7342,200,2747,3635
1653,2357,6171,1391
9614,6801,4748,2891
3579,1702,9216,1649
2059,902,1632,2831
8834,7365,6225,1367
9728,6089,3045,914
9689,3639,9067,7031
3840,1814,666,5494
4171,6838,6886,3786
3639,1634,6678,7218
3337,5894,8868,5397
6797,500,8228,5631
7866,4453,6999,7594
543,44,8509,233
3684,7576,7264,7525
9390,7931,3019,3562
4770,9905,7349,8409
1540,4027,5627,4878
9922,4496,275,6719
4997,8504,2351,2863
2958,9350,458,3502
9395,8967,3735,3080
6543,1000,605,5934
8932,3625,9497,3702
3531,6846,2111,5072
873,7739,9950,796
2235,226,7515,7232
8730,9866,95,1689
9217,554,5191,8613
9521,8927,1693,6064
9927,2299,1998,8859
5924,1495,2562,9456
8342,4673,4528,9215
2413,4478,11,4648
4705,7527,1881,3436
7394,1977,5125,6612
2531,317,5225,2052
9244,6918,8117,9172
9218,116,8032,5143
1611,594,4599,9954
5268,9127,9169,7681
3606,9181,2330,8311
6709,4212,1747,4104
6190,6873,716,8721
7190,5941,774,6435
2860,8892,5608,2078
9008,3641,7221,620
4236,1820,574,9505
948,9744,7187,4555
8925,9518,2866,5635
3730,4614,9739,9920
1487,455,8642,8678
6397,9417,5114,9257
8309,723,1335,7317
4365,8557,7937,8601
378,8511,8107,1326
8255,5294,5881,7181
4812,8748,2816,8542
3362,2556,8463,4850
3011,7106,3529,9408
6523,8644,8666,4832
9367,1,2149,3732
8559,87,2334,8937
8598,441,263,6854
5735,6145,4035,548
4893,6852,9091,8256
9408,7554,3106,2420
4661,6636,1829,1184
5280,495,6017,4648
497,8166,8381,9056
8254,715,7993,6852
1157,8256,3707,6892
4401,7743,7440,9295
4595,6531,7551,4004
4086,658,6425,8747
7294,8254,9932,2575
8750,5949,7223,9247
4115,5605,8303,2370
6320,6297,9222,7477
4553,2930,4370,8955
673,1811,8250,5269
8343,5802,9274,2429
6460,5699,1177,3755
3954,1109,6330,2704
7058,3554,1952,1174
9159,255,3544,5480
6553,2767,2957,1106
5697,7328,62,6371
9139,8313,1640,7482
4115,915,9912,575
6614,1090,4331,569
2199,661,3274,9258
4216,5226,433,3375
5482,3977,8855,2035
6745,1813,3142,2443
9141,3204,8814,8281
1518,455,5763,5633
1371,5676,6209,7985
6766,540,8555,8966
1202,1829,8224,5418
7055,8658,8793,2537
2636,7649,4573,9381
9462,7715,1825,8604
919,640,6885,2438
1095,2649,8071,2466
8325,4281,452,5092
4822,9007,4058,6024
837,2283,1443,7892
941,236,430,3577
7886,5003,2959,7348
2719,4784,5952,3639
5424,2837,6077,6520
5487,4148,8987,3812
8430,9440,8905,3252
8448,2963,9277,9285
5247,720,7178,6189
957,7609,9767,8843
2612,2727,6192,5331
7511,2144,8970,2936
4982,5048,9457,469
9197,8444,4282,7627
7885,3187,879,6333
6151,156,5619,1399
876,2797,7588,1833
406,7355,677,3019
82,6869,8351,7594
9014,7322,531,3997
2370,9988,4467,1567
8433,8749,9194,6318
1937,74,2652,8089
231,8271,9488,1108
1069,7076,2941,1475
4432,3619,4494,4515
488,2846,2110,9502
168,2641,3499,2538
2630,7966,4106,1064
6716,3300,7383,8654
3375,35,6743,3606
8307,6231,4714,9376
3308,7656,851,7740
1275,5346,2256,1764
8192,4366,1266,8361
7008,4766,899,9639
2733,5005,703,9450
8306,8086,8104,1681
8122,4847,5288,6429
1079,2,5806,4387
7659,6658,2128,8934
2005,4384,698,197
8751,1965,8558,5759
6732,9458,5398,9466
4464,6102,8916,2771
4188,7021,4453,2311
1869,9741,8741,2948
9744,4547,7336,7403
1206,9464,6338,3211
3849,7037,3408,2600
9003,1967,8359,5735
1426,3758,5202,5891
9860,4119,8662,4049
1141,3116,6360,3010
2857,5102,5959,2601
9649,3295,5,855
2760,6343,4066,6609
3380,7475,9210,2383
9443,7570,8119,870
1328,3322,6761,1189
7441,5424,5238,8582
8540,1599,1593,1397
6702,7552,3999,6352
848,4004,7208,3609
348,1275,218,3729
8750,9428,6113,8194
6999,4232,9064,8327
7555,5826,9517,4996
1250,4756,3579,9790
6356,5172,1188,3058
2724,5188,9410,3573
9192,6618,7182,9541
7893,7401,3270,6644
6830,9383,4838,3829
3616,3903,2157,1171
9729,1674,6168,980
6430,9747,771,2786
4919,1959,5844,7644
7147,5255,1217,6340
1873,8400,5881,9767
5801,9152,6411,2632
8536,1250,6461,2152
5154,8619,3324,4884
293,9492,5864,6724
9239,6635,9510,4159
8595,5355,1803,5743
610,3020,2084,2484
1421,7966,2251,7222
7118,8663,9855,5654
9913,6317,7807,5068
4936,1131,9952,5229
624,5817,1953,9864
2452,1464,4023,1048
6820,5826,6791,7430
8847,8876,9915,269
6842,2166,7491,3960
829,7347,9615,743
3664,7422,5811,8600
8554,5763,3829,9178
1580,5783,9042,4033
7247,3066,5082,4068
8893,1874,1498,7740
750,1414,8009,7592
3580,5501,1553,4410
2848,1168,5154,6512
8591,965,5113,7145
6729,8943,6324,8310
4726,5367,2344,1974
8433,7427,6042,7326
9301,7541,5067,52
8955,3076,7644,2536
8578,9197,6946,1427
366,2101,7940,8957
3066,3053,6103,9796
1996,2428,8107,6723
7795,452,8697,6228
7879,4740,3554,7180
2281,8621,7232,1237
1698,4877,3773,277
4075,719,1705,4442
2821,9645,3399,5887
2699,9503,5684,4696
1931,3792,1419,9726
4244,117,5955,2123
4857,9509,9304,7139
8131,6537,8376,9830
1415,2149,107,5490
2869,1812,9932,5690
1458,3332,1578,4157
2836,7263,8853,4768
1055,273,4495,5299
390,450,7423,5247
9960,6728,2386,8091
3266,763,7922,4682
2912,8029,173,5782
9842,105,1472,1301
3438,3051,5459,6275
314,4313,1043,1369
4586,5538,6669,4976
5989,4093,224,5949
822,2611,4040,4089
3374,1962,8771,6287
9992,8944,2069,9835
9050,3542,1137,2489
6593,6596,8764,6908
909,9808,8278,5495
5347,4948,472,1336
9041,697,7285,9864
3308,1326,3953,6683
3289,2724,2970,3282
1669,5040,3117,719
8583,4254,3208,5177
851,1973,2085,1760
1781,363,7256,7128
5311,7728,8465,4353
8426,5750,4218,1734
7077,8171,8417,366
896,1388,3648,2565
6429,6766,3284,5012
1021,6493,189,1872
8466,2274,3633,248
2638,889,7377,7949
8618,5842,2303,7045
1592,6521,8779,8670
4693,7197,9036,5589
8585,2685,8155,5015
9452,1440,27,473
7933,216,2346,6400
2491,5980,6648,5129
6870,4025,3079,5489
9867,5382,2534,1460
1904,1313,131,6597
8511,9167,2187,7097
1853,342,2112,1305
1783,2139,1779,9716
2356,4125,6117,4847
105,2766,9977,6975
6791,3056,2465,6659
8439,4999,8120,344
6312,8251,6941,4823
7419,9129,1920,9272
9472,4033,577,1255
6172,2356,972,8528
6482,7089,3376,6588
9855,3353,3564,6647
6410,6029,3307,4849
1028,1427,5193,7340
9679,2135,2164,7098
1264,4085,6370,736
8118,6948,1992,4291
9304,2964,2820,5787
53,6196,2375,9909
9550,5939,6557,5960
1968,9864,809,2996
1291,6003,337,970
8138,2502,8069,9403
6587,4439,140,4706
1388,2132,8997,693
5096,1818,6480,5150
8014,8855,5060,7564
4794,1617,3524,6763
1481,4334,9759,2772
337,96,3743,8476
2599,1812,7879,9187
6252,8020,3893,7640
152,2891,8333,5249
4709,4813,399,2724
3669,5459,288,8464
7076,3813,5227,8558
8148,4986,1330,8486
5083,5074,6962,7682
6887,4842,6869,3139
2862,763,780,3015
3654,9113,8264,8364
3927,8663,1088,7596
4123,1376,6060,1200
5190,1287,9758,3339
6274,1089,1825,1357
6163,8788,9040,3051
3630,5910,6190,6493
6673,6970,9509,328
6084,7773,8692,11
6437,9780,7608,560
1157,3669,1761,6348
4957,1519,9687,1231
2609,1512,2589,8772
301,1630,1823,3932
7540,8014,425,4214
4985,9934,4542,1069
7708,3234,1081,4145
3015,8690,4706,4172
2359,6467,521,7317
7986,208,8548,596
1721,1138,9368,2022
2768,1192,5954,308
9207,6380,4523,4192
6314,9065,5262,4023
2300,6344,8168,5316
5035,2874,9488,7395
9341,10,4712,7328
218,3261,7924,1939
4399,7293,3961,7167
8486,9916,7476,7694
6296,1999,1886,2611
1064,7149,6634,3365
3494,4802,8681,8530
7676,8170,5925,7018
8180,638,4346,8399
3899,2271,338,8298
9564,4300,5465,8051
4217,2942,5745,513
4941,7632,3124,6006
4782,9758,9371,8277
4560,8053,6807,2237
6224,2733,9255,4404
3371,3602,2804,7270
5873,3142,5568,5438
7443,1034,3490,1660
3976,9235,2174,8918
6868,5298,4924,1650
5056,4296,9927,9617
2349,6735,1854,8573
9468,1110,2978,2839
4713,5782,109,587
8925,5678,6025,6369
6713,9516,8030,690
8752,204,9608,5620
5502,4532,7271,559
8828,7199,177,1178
3934,2031,9752,3402
3142,2730,6241,7855
8513,6351,8442,7439
2030,4468,3808,8743
3984,1839,9433,2736
2043,9041,8357,7546
3574,5628,8105,2403
2827,8282,3581,6761
314,3333,164,3457
6064,6406,1312,4578
2757,9754,2017,4788
4223,5826,3531,8208
7665,2965,945,9708
2006,9302,7255,5581
4931,5361,7984,7758
3643,1565,4520,3958
4899,4685,7415,964
1091,8728,5543,3849
8483,7560,8637,2706
3387,2169,914,1052
5134,1859,761,7141
1162,8016,2722,6093
3377,706,3852,7021
2272,8373,980,7172
3058,8395,8137,4150
7124,3680,7999,5607
1241,6637,8314,4628
8806,9229,5680,3940
1088,6442,1082,2251
4458,3804,8344,7836
4511,2196,4857,6784
569,5837,3956,3628
4233,2094,7778,1358
5774,5778,6965,7015
2415,5280,1643,1221
4509,7324,5162,5598
3766,6244,7849,8224
49,6194,6060,4561
8390,918,1345,8960
6756,5302,2589,989
7396,367,2348,3171
6145,9313,186,8561
4593,1830,9782,9103
9154,4945,4701,2920
1189,2550,1145,1239
8744,7206,5800,7135
8124,7145,6096,4880
2448,8685,5870,9844
9053,8218,3015,5199
7532,3202,3760,2126
5032,3543,1229,4186
8488,5930,7106,9678
8481,8252,917,7225
5458,6717,4361,3582
3863,457,8463,6311
9143,4333,6156,8196
2552,9172,3396,84
2374,7156,2210,7406
699,3439,1593,9188
9370,8699,8866,7851
6952,9783,5077,2410
6500,9438,5992,363
9896,4455,6675,9040
8789,2831,7236,1341
2003,633,1426,4377
7789,3636,1784,8489
7076,3377,7678,6447
2077,6544,4298,9029
6327,9376,1439,2828
8815,7432,3192,8711
1887,9867,7751,677
2699,4988,2018,4703
5622,3445,9080,3411
7081,865,1901,4158
4242,9579,605,6320
6124,4904,5349,2451
4281,6789,5280,3096
4221,8472,1808,6109
8340,9559,6786,1039
4548,8805,5742,170
2250,4823,3582,9332
5689,5484,3491,9932
5064,4097,6252,1188
9001,1601,3640,3282
8391,8920,6379,2612
7393,8187,8721,5733
7747,5508,6773,2295
4313,2516,2466,6564
7340,6049,5897,3029
1533,9388,2961,6598
3485,9213,7786,2487
815,1427,5770,9206
347,2149,1818,7740
336,540,3474,8083
6048,247,379,362
2764,2846,6927,104
8895,2824,3133,429
2213,6094,7028,5699
5307,4815,8186,6123
6242,3956,5329,6589
6106,7148,4330,6442
7688,7805,4526,3737
8053,4906,4100,817
7752,1028,921,6648
3853,4054,7078,6066
149,4107,1765,5457
8922,9952,1580,5164
3908,6910,1753,15
4058,6084,6457,1747
3889,984,5485,1942
5890,9586,2760,3643
614,3681,292,4467
7736,7371,534,7885
1478,2299,3343,400
2251,4923,5564,6160
1833,7318,6175,5892
3403,2633,7640,7293
3618,3125,9235,9509
2711,1995,3152,3326
5677,3445,7793,3413
816,8327,1299,2295
627,4642,2695,2879
9566,8260,9039,1399
5579,5215,7292,8982
7849,4932,6275,1467
8057,5511,976,769
7507,4129,4095,3184
7574,1889,6598,8391
217,7897,687,844
2539,3383,3723,2106
1643,2763,3505,7223
7979,798,6205,5828
5730,2481,7296,3788
7993,8272,4557,5500
2402,8653,8684,9977
542,5282,8368,760
3180,9056,1604,5720
2439,5328,7826,4083
8092,1332,1306,6072
2130,7512,1901,7861
9993,9197,1649,7986
7470,6207,3487,9872
4861,2171,9849,5404
7454,8218,6164,634
7274,7769,6354,9713
3098,4180,3796,1190
5513,5102,7262,7643
2615,9163,5504,2608
8361,7154,595,5831
3361,4082,5703,8223
6254,5552,3627,3709
3771,9791,4343,1045
7560,698,758,658
4879,4555,1849,392
9658,9112,8036,2273
8276,3541,4882,6637
695,5477,2468,4057
9560,8172,2280,5815
3725,5908,9524,7496
5699,3868,8541,3260
4567,9300,3919,9446
3856,5768,9839,3514
4880,7876,5787,3157
1417,670,9794,2113
6147,2263,6170,5708
435,8451,1524,4161
4359,1049,1657,59
4917,199,3319,9484
9500,7238,8931,3356
3007,8771,6871,7888
6647,2659,1045,8065
3329,839,178,9477
3103,6349,5185,3538
4801,6710,7700,9160
7759,9357,9219,2677
9557,2539,2161,9057
9778,1093,2414,2785
9865,9286,673,6513
1945,1718,4578,5274
2558,4757,4751,5661
1106,9937,9200,5907
6647,6900,5068,4407
6258,4288,7084,5816
6827,9246,4873,6605
340,7288,9391,205
6574,64,6718,8519
1783,1297,3794,4342
6054,8545,3,7161
8483,9204,3069,5131
6105,8137,9538,2364
2425,6622,8180,9253
5869,3054,5859,6209
342,5250,6414,6917
5314,3133,5437,7098
4430,9231,1440,485
7777,1444,7646,6261
648,715,1392,6754
8853,931,9118,1278
7554,7298,532,3423
352,6391,9632,695
1641,6046,7612,6956
9180,3050,4054,3611
2281,5495,4096,59
6939,1743,6320,7588
2459,7712,4342,1312
8644,3461,2591,6198
759,3123,9621,1112
9514,9253,1807,1155
5300,9420,8112,4481
2470,2166,8092,4752
7661,2188,4811,4601
3931,1132,2189,6391
8844,6532,7703,7488
9993,294,3686,752
3417,3308,1865,2932
2562,3673,4088,7862
3093,2200,2343,5564
4367,436,317,2028
2624,5128,6630,6556
6260,8819,2947,5105
5351,650,2594,5345
945,6281,6098,4363
9589,7963,7295,2151
1636,1384,14,4730
3584,2358,295,7951
2794,612,9980,5419
5740,6610,1975,2001
5430,4923,7107,782
5574,9701,6127,6519
5983,2225,882,5572
189,8178,7724,1826
9562,7739,6556,3147
97,6852,1098,2891
7464,1079,8310,3205
7690,286,5207,3120
5209,2314,3902,783
2016,30,7303,7999
2256,8186,3571,2446
6364,1296,4272,5927
9035,829,9075,9132
7681,174,2024,5145
1253,335,8350,8943
621,3557,2064,5831
5872,5967,6615,7888
5997,3918,5887,8254
2104,9459,700,8469
755,4972,4396,9790
5801,3472,8923,3482
3646,948,8628,4899
1283,6979,3843,1905
536,5907,7737,6409
1874,4352,4297,7872
8270,184,6126,374
9643,6826,8843,399
1798,3240,189,7600
6712,9113,1083,358
61,9711,5258,1345
6691,9101,3251,7228
5009,988,3637,6884
5340,7934,4756,3611
8118,882,3985,7762
7709,2829,8161,9507
6070,8351,7108,2783
7465,8191,3142,7526
7903,8400,8872,4595
7502,2123,1823,2511
3112,5460,9395,8452
3394,4152,2064,1513
5034,6050,9275,2743
8880,7437,2251,4950
5788,9360,7733,3253
7552,875,780,5456
9276,9653,51,6778
1777,1874,9290,4889
7334,8686,3342,729
2838,5406,2242,7873
1456,1518,617,336
8955,2869,5287,4743
2229,3020,7997,9781
3896,8778,5238,3172
8431,5289,9951,208
7163,9242,5098,4498
7928,8440,5227,767
3846,7470,8640,5303
8988,9258,5640,7943
2127,927,2687,4357
3948,684,4138,7845
9463,9376,1018,7895
4666,969,8104,1829
211,3202,6328,8140
1642,1555,8907,5489
9025,7548,792,8013
6806,6433,5957,8933
7360,8644,3290,1309
9329,7429,9154,8792
6806,172,6687,1472
1142,4792,3302,1354
7994,9630,9494,9636
1186,8401,5126,212
5950,5918,8225,2756
2352,4183,1690,9712
2827,4980,1022,2156
2410,176,949,9216
348,7637,689,1491
2429,3991,2845,423
3622,2339,60,4808
741,5186,5020,6691
1105,3246,9448,3457
7429,1138,3170,257
6119,4192,2413,8529
4368,3363,7746,4717
1000,8435,6208,3429
2427,9054,3853,6049
1394,3913,857,2135
9100,5878,8827,205
9124,8276,3662,6554
9414,6833,6811,5533
1025,9225,4063,5394
2588,1809,111,3588
244,6320,7018,2671
5375,872,8721,6769
4786,9578,8905,3886
5456,7733,4091,4581
6009,7754,1135,5423
4588,7947,957,5613
7172,5020,1008,9760
6829,1119,3349,7074
7440,368,9746,2815
1240,8467,9585,6026
8045,8490,9913,3502
6223,4005,8083,2232
1760,9219,7656,6348
7166,8613,1962,4338
3633,2970,4099,463
4090,7448,7537,1530
7816,7283,4346,9057
5750,3932,5083,3796
2422,4996,7298,8646
9001,5382,878,762
4602,8535,7110,1768
7148,9072,6107,782
2042,206,1245,6132
7654,8782,7663,5471
6065,2010,4528,1816
5942,9612,5612,8365
4609,2911,7011,3611
8294,7890,4373,2896
6425,1483,4665,3574
555,772,4356,2598
979,5601,8731,8633
4383,6395,4105,449
8405,8633,2265,4348
8246,7878,2713,2855
789,9725,6466,9083
7615,839,1979,4040
2323,6645,7615,2879
7417,1971,5477,8396
7572,4209,7030,1956
604,1135,2405,9010
9769,4671,3358,8016
2549,6072,871,3339
5797,7338,2422,3413
8177,4402,7453,500
1047,5068,3380,8465
7040,8857,6861,4612
3067,3892,6568,3671
5028,8974,2682,4798
3645,6040,2814,6194
2113,3685,9534,7910
1023,1956,1323,9201
6359,8777,9702,7407
3846,3082,5872,886
1940,2734,5499,5007
6627,2068,8679,1655
1042,1361,6453,4687
7402,9268,882,9515
2953,416,7426,3977
2373,8750,3179,8733
7527,2881,6140,1374
5964,2013,2261,7905
4748,7760,2912,1375
9828,1592,3031,871
2954,9485,5558,356
8753,6441,9872,1707
6858,7298,5685,9231
6048,8864,7964,3576
1746,4105,4950,7710
6119,7212,5615,868
4972,8528,2244,4801
121,5276,5673,3075
4761,1231,3432,3514
7673,3304,5221,4531
603,906,3762,6651
9771,1727,228,1517
5833,5179,9228,1953
2391,4844,2822,7364
3373,5066,2166,3494
342,7839,6570,5103
9071,3,8618,6744
3307,3840,1275,3911
4747,5038,563,4518
6766,791,6036,2600
5970,5264,4554,8361
108,7376,5726,3482
2443,7892,6976,2785
5731,3547,7889,4802
3550,6508,1547,6858
348,2823,769,5095
7861,1332,9614,4628
2124,5650,7229,8094
914,1783,6456,1023
9159,2183,4506,1602
75,1483,4388,5806
5030,2278,609,8581
8786,2156,5439,9134
4979,6209,4230,2841
7542,3844,7470,9666
9494,4699,7761,409
6482,4218,1433,5641
6401,5939,7244,6476
7423,1632,2283,2453
3910,2893,1034,2697
5050,6474,1831,29
2683,6062,2871,225
9906,341,9892,9401
5041,7653,9811,1523
1872,1244,7165,8273
7184,4410,4749,4607
6042,7033,7061,9953
9926,8096,2650,4976
4570,4482,5006,7254
544,7878,7480,451
8220,7372,9852,3261
5026,9663,4784,6898
908,1950,5171,8093
6360,9921,2700,2403
6955,9762,2357,6881
7858,5008,1858,2429
9490,6865,9683,35
4743,7163,486,2963
4536,339,6224,9562
2,1009,6461,911
2960,1633,9004,9320
1554,1705,1724,8509
1467,4081,5391,9326
9089,7250,1755,8580
4115,1439,8615,8859
8603,9102,1823,3139
9441,8047,2702,9444
9057,9164,356,2017
797,9360,1338,2352
1066,3062,862,2534
7143,6253,1861,6233
3504,3616,4813,7619
5056,3429,6479,3659
2531,8302,6799,1973
6350,9502,1418,5407
8666,1774,7425,9464
1135,8764,1816,2202
1826,2678,4736,8970
8932,6597,5203,2436
214,17,56,5270
3446,6535,8930,5978
4837,5729,7952,1187
5232,9370,6595,3899
1145,4020,3363,2280
2784,5179,4482,4611
7857,9219,3582,6789
5817,8786,9225,6031
8803,9281,1302,2250
5817,232,8228,654
5962,6181,1841,1194
5551,8436,5093,6696
2457,8456,8977,5242
3636,3460,9854,1493
2680,3436,8283,8497
2222,7509,4528,1026
6791,5831,3276,2608
6063,1505,3263,2025
7686,5104,3220,3238
3541,8313,9935,5999
6770,8912,1242,406
2373,1096,1900,5053
4532,184,3551,6755
7694,8080,7781,4485
3911,1058,7094,9974
2563,357,2000,249
5462,5220,3487,9004
3534,3422,5004,305
2335,6246,712,4709
7342,2613,9763,1875
2797,3314,8631,491
1394,6413,4977,5306
7471,2071,5280,34
2429,7281,284,7892
2502,3772,6896,6036
7195,1901,6342,9531
8147,7054,4240,5490
9667,4004,7365,2465
7318,5997,2957,8713
2410,7934,4019,9881
6,9300,9916,2435
6582,201,328,9084
3973,7225,5121,1169
9126,1463,700,7273
8518,4940,2763,8186
8944,129,651,6263
6127,3608,4977,8537
1543,8997,8419,1549
8297,8335,3985,4880
8536,4313,3964,2510
1538,9085,3679,664
549,4379,7938,9067
9320,702,7253,8265
831,7905,4528,6958
1513,9506,5496,3057
8503,3915,4606,6801
2251,8591,1681,788
2905,5645,3298,4444
4731,6978,5108,5280
1358,3047,4348,678
3749,1601,8944,4581
9507,3473,1540,1021
2979,7036,4078,1482
952,8684,8283,3203
7276,9965,3991,181
5611,7290,4625,342
4269,9734,5622,5627
2782,9970,6306,6531
1572,5250,1112,1079
8723,2653,2100,1702
9689,6179,3185,642
4863,1469,3845,2139
1434,7837,2321,7045
5128,6947,7388,9397
6682,3011,5024,9464
2982,1331,5995,4554
6581,7108,5634,5305
9761,7735,7008,9451
3914,193,93,8777
1663,3939,917,3097
1776,3239,143,6904
186,7532,6302,6869
543,1327,6333,3525
2658,2328,8079,9240
9437,3714,4545,9198
1449,1554,8649,5364
1747,8743,4141,3411
2682,5059,6508,4458
8299,6652,1363,8486
4184,7666,5355,4728
8993,1688,8253,1652
4017,6333,892,3454
47,5438,2653,1497
6993,1303,6861,8741
46,1003,2152,2728
6062,8661,7187,4362
5313,8550,2848,9498
6217,8203,4226,5210
9892,2479,6863,3909
8812,7756,7363,8860
3195,16,357,188
1319,7218,8929,1366
8221,1081,4094,4284
9742,1281,8646,5056
9832,1494,4555,6049
9698,8781,1260,9590
1261,8124,3499,74
5880,863,8934,9075
880,9292,9264,2199
6510,8193,3565,4732
9275,7660,9016,9017
8941,7662,4074,8774
9157,8629,4823,8855
7411,6084,8446,8672
4208,1945,8747,89
2808,7682,9164,3688
6974,8428,5888,3484
6622,9454,8216,5897
7114,7233,4915,6056
4895,8989,4831,4053
7618,9655,2908,5029
5739,1354,3702,9948
3300,2449,37,6109
131,9201,9798,7105
7630,5687,590,4253
5141,8807,150,2256
6040,5065,8313,936
4054,3144,4989,1673
2799,7898,6702,8539
9253,405,8487,2553
2854,8524,8663,2986
7726,8461,92,5357
4148,682,9610,9290
9490,9760,1546,5530
4826,9860,6467,8881
3004,1456,554,5804
9354,7257,4343,8607
7662,2830,1161,517
1355,9824,3504,9082
8286,3596,4440,2434
4279,4050,1724,3769
3811,3271,9300,8637
3131,5767,7519,6136
7224,8073,1940,6579
5330,6283,5187,2993
9114,6349,3511,470
6173,7015,9553,4459
611,3993,6894,4890
8043,8619,8660,1855
1890,7961,493,5021
3728,8012,1158,953
6085,3098,7532,1416
9382,2720,4409,8497
9069,7920,8967,5243
4935,8521,9702,5547
2514,6597,437,557
5216,9098,2413,7106
7059,2906,2128,788
918,3286,1741,7004
6385,9274,8420,5767
1994,2830,4264,1064
751,3232,6307,5687
1753,6010,1234,4267
2607,1672,4825,7824
770,7239,4930,7830
145,7059,8618,1064
346,359,8068,6731
9634,6488,2498,1629
9319,6763,2693,70
9996,9000,5757,1750
5011,6992,6018,7618
8664,844,5442,9435
8083,373,7265,8228
7433,5883,9292,7779
6243,7360,4510,5878
3849,7009,7507,3168
3773,201,3239,3769
9202,8996,5519,4213
5989,1538,1832,4654
2382,7275,4089,465
7649,1355,8694,5082
7239,7986,2861,3483
5347,7371,9361,9197
4380,6869,2366,8153
7071,5605,1923,6273
4602,7443,487,591
8981,2320,5245,1363
9595,9335,1828,7245
690,522,2327,7930
8509,5188,1413,3857
2560,775,3054,6940
7645,5420,5094,4716
1026,7018,990,5628
4461,1478,6219,3443
3798,1465,4806,3394
800,6635,639,1490
7158,2966,9420,5668
8155,834,9525,715
1609,2580,7656,9254
8001,2750,3971,9027
9769,4962,4655,4230
6440,875,7673,239
2340,2480,3633,3140
9115,4273,4631,6274
7240,4052,1942,5395
4886,1468,6110,6496
4048,3766,5751,2050
6517,9723,1077,6287
4685,5733,518,1125
6609,8192,1365,8949
672,4999,2090,9788
9272,6722,6062,6512
774,8005,1908,5661
9473,8019,2157,3522
1785,7909,5572,8303
7632,6650,4590,2317
2384,5108,3443,8993
3300,4808,7943,3973
9807,34,3761,9080
6756,9824,5593,7530
7830,7501,3191,7303
5520,5349,826,7306
3258,6398,5610,891
3049,201,3208,5434
5309,6652,4428,8610
1461,2371,2584,1269
2406,6346,349,9162
6170,5943,6692,4000
3444,9884,1304,8965
5234,2130,6272,8493
8529,1882,9384,1579
2083,2593,7013,7393
9245,1441,6004,707
3813,8588,1976,6219
4934,2326,5381,1105
8269,2074,5106,1714
1959,6411,679,7193
8541,6951,5686,7071
8834,5070,8651,917
7664,5664,8310,6910
7106,4314,7617,920
2903,9593,7140,7837
1920,2522,8943,189
4596,4049,1904,6556
460,2583,3749,9002
9535,9436,6073,8369
4507,4725,9287,2171
389,7597,9081,7496
1912,6698,8416,4815
6292,5557,2653,8213
8079,1596,8402,2676
5646,306,9232,6107
2890,2982,5109,2426
2418,1183,796,6925
5908,83,9097,6298
7681,8178,3794,9594
4877,2211,4410,1170
7768,7063,9383,5848
8660,7786,8524,4307
8093,7756,414,983
739,5523,3410,3157
6707,4207,83,2615
4291,9180,8913,1972
7359,2708,1567,2236
4920,5977,3407,2689
3041,2790,8537,1701
576,7061,6008,8669
4818,6422,9653,5557
1946,3064,8715,8653
7271,8799,1269,1562
7979,183,3535,5338
2891,5102,7575,7811
1079,982,500,4120
3772,9038,5822,4349
6100,1831,3018,918
8254,2672,6476,200
5736,5192,8854,3007
3991,123,4570,1970
306,8105,7309,3198
3207,4884,1010,4286
5867,1511,8407,9639
549,4230,3989,6649
6061,7008,7568,4316
9680,4045,4517,5417
9237,3371,8425,3229
3495,2995,5200,3802
1100,2509,7000,4307
7394,8011,8594,3261
9522,7001,2901,71
1232,6890,6721,7293
3899,4289,1610,3579
8334,6127,8997,7572
9499,7422,801,2994
417,6001,6797,1517
8511,3797,5824,5905
1809,4418,9167,1331
1420,2069,1403,2652
8960,8124,9946,2859
2414,1556,6439,748
7683,5436,8321,7182
2858,9122,177,3275
5123,6975,4792,3635
773,617,9540,2582
5035,8708,3913,6455
777,5316,9108,9737
3441,9054,2596,5855
610,9035,6603,8294
4472,4925,5477,7330
4047,5655,606,9171
2630,5399,2806,3403
6016,2347,5985,1052
1055,9898,7508,1832
5215,6616,1570,8656
5670,4167,4511,6281
3203,1115,4575,7675
6040,53,5006,88
5708,5612,9259,8338
1012,2066,1742,7028
4413,7727,8081,5469
7626,5589,7302,2841
2206,8872,1498,7877
3039,6009,4158,6243
7125,8734,3918,3165
8788,8925,3253,4496
4537,2513,2835,5550
4579,4577,2579,8993
2305,660,4462,9931
6250,1764,2773,8456
637,4271,6334,3677
281,493,9920,7406
9228,3839,572,8016
2764,3826,2513,7302
6339,5348,2852,919
9926,5431,9912,2231
6092,4375,2162,2342
6140,4935,799,6777
9207,7133,455,9489
7626,375,6896,6854
4215,7468,4870,6979
1295,7383,4282,7635
2732,7134,8554,2658
2566,8467,4889,8658
2842,7052,1000,8983
1988,1800,5760,1195
8933,6216,684,6560
6592,7580,3414,807
5049,8285,7787,6345
5669,2069,3980,8401
9203,2535,1060,1769
1002,5949,428,3845
3002,1429,2828,4990
3229,8589,6185,2162
4805,6870,8722,1397
4451,2137,2204,9501
422,9992,5846,6092
2061,9827,4494,1264
2362,5554,3034,3365
1504,3462,7211,4506
4891,40,9496,8121
8629,5682,283,3435
2553,9006,4832,7004
1143,7037,6506,1566
7029,2353,7659,9091
2180,2153,355,4543
7707,3390,7908,9211
6853,5119,3717,1745
5160,3213,9866,3789
8896,150,7225,1449
9156,2058,8454,300
9095,4961,1867,6125
7314,9526,5217,9494
1679,5573,4037,9386
8963,1946,8598,5817
7066,2315,7562,2226
5529,7428,6015,4426
7578,3240,5875,6735
5298,4330,7035,4394
9291,8902,520,6605
8429,5738,6099,108
1311,137,9495,274
2083,8093,6091,9149
409,3654,1376,5939
1082,7391,365,8661
632,6240,5396,5931
570,2431,326,9861
1334,847,6467,9763
6585,2567,9872,7896
2704,9367,8171,4788
7461,4263,3938,7870
7917,5314,3810,8999
2706,4175,7661,3339
416,3057,9270,986
5489,9597,848,6823
444,7315,6587,7030
9882,6460,4926,2587
5827,3097,7376,3289
7361,1314,1160,5278
6629,4970,4278,9335
9145,1939,2675,9561
4996,1945,548,485
1543,1396,7309,1987
8712,3897,9017,8595
357,3944,1182,6185
7042,8559,9474,4403
9874,634,9681,6503
5605,3959,5839,4750
5899,8514,4312,895
460,4860,1381,2003
6257,8691,3991,4970
2588,3009,3565,2946
6953,4748,9131,3996
3307,8606,8399,3181
9241,8081,9685,4846
2041,5524,9597,7940
4039,3909,8836,4499
8770,217,6502,5027
8908,494,9997,1497
3503,3562,4443,456
8311,3575,4452,1618
2181,2852,4800,1423
933,4485,6269,2974
9,5866,915,4048
9776,9751,8548,8546
9968,5051,3573,8877
5545,3571,375,9048
7134,4818,9505,5445
8393,3958,7064,575
6811,1864,1998,7744
6349,8268,719,6359
4134,1635,407,3911
1386,8956,2457,1355
4007,6031,232,9552
9602,607,8601,6736
5426,8107,2182,3820
2065,9246,4396,8876
1110,6394,6621,7460
4662,7341,3819,8797
8976,4227,2709,362
3183,5166,1717,7190
1198,1950,6743,800
2558,5344,7537,7984
3451,9720,1805,5517
8966,6201,4394,77
2595,1015,7537,7258
8356,1357,6056,7333
5584,8765,7695,8768
3932,9413,5959,5130
1363,2703,5931,3921
8047,3469,1906,1499
3189,3711,7017,2156
9912,1411,2233,2508
2427,9771,9767,784
1129,5823,8117,6714
4589,5813,5482,8521
5226,1442,3652,6590
4145,9583,512,2193
3052,2418,3693,6242
6130,710,8398,6043
2122,632,8552,4549
403,8319,5334,1533
4143,3451,8247,8732
9264,3730,7254,4491
5172,906,1081,9317
489,1594,1510,3542
4012,5203,9784,143
5914,8182,6186,8037
8814,4739,2586,9218
3058,7920,751,7201
1372,8999,5934,637
2729,3188,5128,7901
4094,6210,7219,4584
7804,8730,8127,1817
3934,7911,1960,9848
6093,8147,7885,4908
2886,472,4127,5945
8393,4878,3146,9765
3878,9081,403,6607
2269,5531,4509,6364
1741,1728,949,9546
459,9076,1363,4393
6987,3324,4242,3081
1472,2128,7990,4358
2600,2117,304,994
6996,3451,760,874
2532,1163,7482,4802
6694,1991,1166,8436
3720,2116,7982,4179
1192,9346,8572,8180
2670,2814,1261,4142
4943,9252,8501,7543
1369,8805,8538,8365
2257,9298,9240,4789
461,6722,9591,7156
8713,758,5593,2434
2874,3576,6613,4067
2922,5186,2247,5593
8000,3509,9735,2944
2761,8237,487,4131
7043,9026,2496,9300
8324,1737,4089,8786
8459,3681,5943,7173
4439,1536,9607,7314
5112,6221,1382,8035
1407,3629,3628,9408
7138,3364,2352,9900
1601,2840,4031,8644
1866,6528,7944,191
8265,2034,8977,6725
5715,4920,3899,155
6457,3507,7470,1570
9728,8852,9605,1136
2482,3234,544,9621
6598,2896,9521,8199
5736,3553,6844,7603
81,4789,7794,8347
6823,6771,5073,2539
1692,8973,2695,8150
2480,166,9720,2209
9018,9326,3345,1500
2560,3890,1122,9159
6786,643,7359,2523
4197,4203,126,4278
8993,7920,2626,5817
4692,7700,8356,6385
6673,1052,4536,9154
1218,4257,1364,237
3583,4710,1738,6144
8600,2860,5304,5387
3504,2663,7911,7701
6866,8037,1980,5860
5958,4607,1677,651
2307,33,7037,8980
1086,1573,8135,2304
5830,9499,2541,9414
4209,4279,5559,2810
7140,863,8198,644
3526,6109,8346,393
4147,326,6253,106
4933,7930,757,7241
7964,7795,6222,9050
9368,4357,1355,5199
3857,3897,4614,8067
8177,173,877,5317
1036,9075,5962,4563
5185,4308,4956,9332
4634,1210,9438,9568
9141,196,6809,7105
7991,3031,6156,7359
7389,7512,2559,1246
1410,7173,9313,9587
7346,191,4905,8383
9267,867,2946,4452
5175,7903,3784,9810
9114,3223,9378,8255
3419,6188,5361,1410
9219,1518,8770,6609
9031,1329,7855,441
8502,7169,28,5849
7360,4933,4232,6627
5800,7179,1080,976
5083,4865,786,4198
8088,165,2453,1507
6353,7815,2918,5573
9334,1688,2182,8365
3018,38,8806,1520
7207,8835,7370,4567
3769,1602,1195,9570
8782,2275,546,3866
7140,1333,8064,5228
1498,517,6736,7851
8333,9655,3425,7667
1343,5607,6032,4362
5645,4839,5882,2853
3674,3253,7420,7443
4856,8616,7013,3638
891,7560,7504,8032
8893,5568,3261,391
6086,9997,8243,4420
9652,1668,2087,996
7276,8120,5358,2922
2959,1241,5775,6633
4494,3196,4077,9350
1812,1091,2989,2703
8652,494,736,7545
6063,3997,7937,2150
3995,6180,6570,3647
7849,8657,4644,5126
6777,3,8048,9737
1245,3823,6371,5740
7019,448,5090,8831
1540,8080,1535,192
8574,2271,7738,4638
6269,5675,6788,264
1856,3358,3912,9706
2016,8556,4832,8794
8560,2880,8531,9805
6704,4902,5545,3724
5351,636,2556,6891
8716,4092,7084,7291
6363,4822,1929,2633
498,8718,2897,2355
2076,6809,2061,4093
5365,6894,2887,3925
9774,1418,3731,6479
6320,9276,204,1671
9912,2760,8563,8629
6852,5647,5921,3216
470,7851,5849,968
6569,8746,3323,8645
5555,5384,2739,921
2278,5626,4847,2053
7044,8578,8533,3365
7855,8737,5037,7768
1497,3600,6398,8350
9248,2319,1566,9718
170,7416,687,6739
6162,4010,5385,1718
9395,8124,2639,1674
3751,7487,3728,795
6066,2261,4161,3921
999,9198,1689,2497
2799,8088,847,2048
407,2414,1766,578
9830,2453,7318,5993
6464,2703,7711,5860
828,351,7534,4579
7839,1262,5375,3905
3524,9537,7827,4524
8735,9517,7021,1535
7605,7868,3583,8012
283,5350,8590,114
7804,5909,6107,4268
8612,3819,129,9441
4171,7663,4021,2010
8926,9397,5916,2451
8934,3743,6975,7670
3260,3996,9205,865
1865,2789,8878,2148
8140,7469,2262,5944
3378,8370,213,1991
2189,342,1433,6361
8006,5454,8371,6932
4852,4288,9383,3786
8031,6358,1457,1292
355,663,2158,2220
3452,1036,4369,1592
8506,6632,7537,1884
5002,7750,3876,7192
8093,5309,3553,6099
764,1925,3032,5617
6213,2415,9403,4245
8774,861,5537,9130
1524,7696,1351,4976
8732,5720,6569,7239
2352,4106,9123,7355
1857,3000,4547,9950
8310,8101,6050,9075
27,9082,4692,6241
1498,4096,486,273
4957,6024,9403,6481
3720,754,1458,2453
6475,8027,9692,8828
2134,8816,6183,3991
1816,731,3942,127
8833,9993,9202,8860
9075,3894,5101,573
7991,5588,847,2948
1612,250,9429,5333
1005,887,7786,7480
8915,7479,6308,1049
6295,2492,5041,8112
3223,8983,8239,2057
8976,7441,917,8052
1336,6019,8626,9327
1607,9473,2276,3220
9723,1705,8554,729
2593,6340,8209,1508
3820,4518,2558,115
7010,7599,8228,234
6582,6467,2291,5559
3909,3208,3611,5246
9228,2237,4574,835
1711,6850,4055,1434
8555,2610,2164,1149
8951,373,2658,2771
4891,5216,2887,1901
2816,1115,2135,9398
7583,4427,4958,1493
7636,8570,6739,6864
807,1313,7699,2518
8163,1755,3953,6719
4365,6117,7869,3316
6491,527,6087,1383
5744,8975,3284,8560
90,5420,7959,7674
9848,2917,9167,7484
1487,5907,4348,2295
7220,2047,4814,5384
3803,8768,2104,8168
4886,9973,1485,1378
501,7573,2761,6245
6548,6046,4805,6639
1467,2765,4313,1315
5682,3480,8799,7170
9387,3147,9466,6608
5195,4280,1992,8998
3049,4097,7167,7936
4071,8652,9314,4572
6225,2075,818,2774
8121,5623,9413,9588
8389,3726,904,4071
7206,9703,1242,6594
2850,708,3202,8045
4989,5195,7043,8038
9292,4210,5975,3363
2863,5289,7936,9089
7364,8754,1863,5486
4378,1276,5075,2767
5002,5979,6839,2209
5682,8081,8803,8533
8789,2005,6579,3779
7200,3622,1818,6493
7833,7793,9857,697
3082,7793,9786,447
6547,1649,5933,925
2925,1009,3693,7928
6988,532,137,2671
8613,8940,1204,7403
946,7783,1182,8146
1406,3001,4640,9240
794,4497,9937,3877
2290,9724,4324,8838
1373,258,9764,4299
1267,3457,2228,8256
3989,2365,927,2602
1306,2131,6,2252
9915,1188,399,1322
4190,5039,562,4984
9536,500,8861,1827
224,3186,665,1598
3444,429,5898,4712
3886,8126,2968,7876
491,3895,479,1797
6027,485,4050,5943
1674,4449,7265,5864
9488,7828,848,9024
8329,9710,852,8554
2897,1517,152,6341
1947,6050,1054,5834
4177,4022,3710,4668
7918,4189,6466,3946
4674,516,9889,6348
4965,7155,2213,4454
4984,3061,3479,3313
2772,4331,1867,5669
5848,2020,2011,7796
8071,3065,3630,2248
7088,7340,6916,5006
1530,3383,8952,6205
3899,8842,2554,8865
5998,4767,3319,982
7829,6798,4295,601
1130,6163,6271,6978
8183,8282,4775,6255
1348,8405,8503,8436
5746,5420,3443,7277
8803,2396,3482,2703
1239,6036,1569,7237
804,4888,8219,8633
1687,2515,9235,2817
8679,5507,9796,6863
3789,4571,3118,5138
2977,1621,3575,8723
7041,7018,6001,5844
9414,9483,8548,654
5520,117,7891,6324
5006,6110,4958,6693
8626,4193,9511,7305
9700,9308,4168,3490
3880,7286,8629,6857
8908,2204,5581,5949
9222,1582,1794,8637
1066,342,9291,6586
460,7183,2910,5466
3294,7868,2160,1920
2062,1671,9226,1763
980,3395,5253,4860
682,3882,1718,9590
6086,7299,5540,5309
8882,7334,3947,9948
7677,3239,6535,8137
422,9445,3604,3716
7314,5764,5637,9377
7436,4864,1140,8416
8259,6393,3277,8942
276,4995,8532,6363
2295,4073,1673,1178
1407,5620,1126,9085
8860,7661,7223,9283
7107,827,3000,4422
6591,8638,3799,4027
3502,4939,2444,1761
1333,5721,703,1609
717,9236,7972,3013
3309,9646,4191,4717
5266,5317,3803,4127
2979,1026,3410,87
1854,6411,4509,8445
5049,8308,2473,8551
3248,4918,313,4581
639,1017,6190,1357
254,4163,4370,3563
3809,8561,8281,9076
3879,2084,3204,6859
3111,6615,6946,4965
3026,1455,3411,8075
9764,5885,6626,3012
803,6940,7593,1443
7957,3784,2800,8211
7948,7170,1775,1758
5732,57,835,9611
2142,4040,6471,5253
655,3417,219,3681
4872,3631,1757,4637
9516,8383,7649,320
5324,5243,1763,3281
9028,4564,1493,6977
1735,3268,8736,7467
3325,9571,7079,5467
3611,3550,721,4266
6967,941,7948,1840
4572,9705,6477,4089
8089,4127,4410,3413
9371,6173,6695,8399
737,8188,5376,2472
1457,4112,9940,4783
3684,7020,251,7296
570,972,1563,7538
1914,9511,9379,6487
9216,5857,576,7306
9984,4987,719,9355
1160,7414,7755,1898
5603,3132,4371,7060
7244,4312,1844,929
1332,2095,8225,1903
3067,9788,9441,4981
9300,8821,1469,8516
4678,2045,5823,4662
7032,6542,4018,8193
3957,1773,92,9560
4905,4463,6621,2150
8776,8465,3080,108
560,1305,2011,3628
1094,1453,8610,394
275,79,8911,4953
2125,4734,9616,9158
1277,3634,7352,5234
5408,7444,4795,314
1908,1417,2464,684
9882,5544,793,443
6850,2805,4072,7944
4258,2682,8339,4534
2762,7250,9487,4887
1985,9103,4046,3262
2738,1398,8496,8147
8842,3292,8461,751
4709,925,1435,4592
6470,2228,5036,3320
5033,9108,1265,9292
1791,9604,3826,4553
6854,3314,9441,8839
2418,3487,2102,5156
4885,599,3304,3728
3891,1765,4479,8601
2691,5914,3193,9161
8143,8229,2482,3177
7338,3747,2469,9129
3351,6296,3682,206
9610,3124,9046,2029
6611,1148,7185,1497
1747,490,5225,5639
2255,9704,4240,4946
5619,7434,4107,3763
5664,6589,6940,3002
337,9410,2131,3688
5707,5814,3895,5318
8939,2942,7347,5550
4091,4533,7047,5839
5023,2273,1478,7278
1978,5719,2225,7598
3153,6333,1361,8817
2922,8302,1820,3260
7713,3951,6949,3420
9766,844,8738,8705
3786,6086,4256,7878
619,1304,3717,5642
3577,5196,2921,5555
915,5147,3153,4068
1480,4515,2886,4403
2817,4706,7663,530
8658,4612,3951,8425
5456,2690,7131,9243
8776,1387,7121,9396
2691,839,5039,6269
6035,7961,1825,6950
3108,4979,1019,4588
9494,3906,8991,2312
8612,6654,2843,7271
1266,6794,5697,6723
9485,2828,5967,8262
4216,3088,7658,6908
3928,2697,3177,9963
658,5002,6914,3767
9981,7933,8355,9476
1839,7347,1788,452
4001,4631,7724,5268
1426,3421,1991,911
6250,7958,9173,466
1047,6832,7374,4975
9530,552,4939,189
5554,1853,3956,5536
9786,2311,5013,1626
9658,6801,2079,3660
1433,9803,8928,2859
3225,920,3771,9475
8878,2945,9941,9925
9777,7316,4901,9307
7868,9840,9496,3423
1693,3452,8959,1480
5764,3973,3107,5423
774,5187,9084,2208
4990,8012,5067,8215
8932,8839,7691,7811
1784,7632,7737,1561
4949,2638,869,2817
2479,365,6240,4173
3818,5200,5654,9583
9173,8761,5007,9948
3948,4091,2156,8939
2104,7224,7155,1037
6063,4846,8848,7847
2479,6585,9409,7428
9224,279,246,1703
645,6486,5876,4463
1687,1530,4047,860
292,9054,808,4240
3146,2965,3180,5250
189,335,6288,6252
5182,5136,4100,7661
1722,3510,5090,946
3789,5336,2650,4434
1822,8527,8898,3509
57,2946,4370,350
2001,5179,4590,5147
8144,7771,398,8334
8106,6686,4587,3288
1823,8687,950,3546
2198,6040,4493,5987
1376,7143,422,3199
5670,9320,6709,5728
2266,1080,6078,4267
6259,669,9415,4404
8440,9813,2739,6547
6500,7326,9836,8324
6014,786,1870,8212
6826,6363,4199,8203
3507,4622,1402,9177
3942,8112,4906,6209
9192,985,477,5452
1654,9893,9856,95
9707,2595,6642,6207
9922,6478,4531,5936
7264,6402,4148,4091
2765,8348,2295,6272
2970,3698,5450,6913
1810,357,3123,1002
1342,3600,6455,2996
3493,6311,3091,3201
8907,9734,9408,8830
6212,3940,4766,3477
342,8914,7569,3108
7263,9864,9380,233
3562,4831,7147,5373
5188,270,6376,6530
3870,2831,9527,7364
9143,2618,565,8051
2353,9974,6881,8565
3915,1647,2043,4257
562,9613,7366,7825
9478,6747,8059,3040
1578,5206,8413,6767
5476,4790,3297,9347
7621,2824,6712,6764
5443,7278,4815,7796
7252,1696,6362,1168
3344,8406,5425,3906
8019,2791,1732,7497
9538,9791,538,1117
4997,8952,7884,473
3742,1182,9821,1363
4006,6533,8128,9450
3811,2943,7246,1064
4640,3609,2232,7985
2015,7658,1891,35
450,3623,7533,9989
3415,8071,1106,8412
7023,8991,8886,766
173,8708,2129,4180
5241,258,3631,9053
3202,878,117,7842
4487,2350,5827,6503
9,7719,6538,459
1343,4072,448,4759
2143,1555,3171,9167
547,2058,9933,721
766,2063,4901,6008
2321,8532,5061,5523
9411,5179,3366,3898
7530,9194,401,7539
6914,6940,7998,8258
1012,8447,3017,3156
3,6189,2323,550
8247,2257,1271,9014
4321,6173,5023,6643
4706,84,2166,4117
5264,5533,8015,2794
4728,8417,334,1642
5358,8332,9900,6370
6780,2917,9527,6783
9106,1850,7334,7354
4108,8605,6369,8429
4779,1392,5073,9485
1477,7239,3603,6741
2773,1619,9536,7501
37,9870,9144,5395
8203,9044,1766,4984
1962,1293,1767,1069
3144,9101,8424,7252
7707,4793,5682,2487
6186,755,1973,7663
7995,5576,4404,769
7195,3941,8271,7233
3812,7415,2628,2015
6460,4394,6999,8422
5688,8767,9492,8832
7869,7917,6085,5577
2711,1768,8064,8897
2524,37,6560,520
5614,964,1289,2810
4906,9560,43,8718
6975,2671,734,3436
7066,7734,1859,2754
6501,1351,1587,4370
9269,7673,9947,1980
9441,8012,877,1966
8049,7437,2486,3664
8402,3776,6474,3308
3336,6517,2027,312
9189,2761,3748,6255
495,5607,9010,6996
6959,597,1367,6228
8271,1315,8208,7712
9328,9085,9678,7378
6523,2165,1042,4925
5941,7516,8234,9277
4033,261,9590,3222
3022,3339,9478,3518
8946,8488,515,5906
9086,1883,2135,7357
3198,343,5070,2526
9429,4749,9904,5952
6914,947,878,2855
8463,9112,2133,2497
9373,1723,5719,2396
5062,5198,5914,4009
3687,6430,9916,2774
8313,2051,131,1511
2394,5202,4038,1824
9951,3943,7777,6865
4890,8655,9720,3353
7767,1854,5850,7141
3577,1570,9538,8640
6769,5452,2650,456
1882,2566,3230,195
4617,3362,1707,7012
8564,5746,8836,8516
9689,6614,5381,4580
5270,5102,7933,3038
6956,3784,179,534
5355,9717,9175,2124
5170,1825,2581,7053
4391,5811,7249,9008
9173,8957,6021,7738
4703,4858,6254,4392
1472,1636,8972,6742
6739,6906,9780,3696
691,9960,4230,6047
9678,3405,8171,4848
5230,753,1902,9622
6564,9151,8630,5738
8108,4651,3477,2812
9510,9732,7205,982
1368,6178,7725,8107
3084,7505,1804,3776
7465,6034,9823,7144
9440,7995,1992,4671
8748,3894,4293,5313
3046,2924,1052,1155
7576,4529,3967,7086
4261,1172,8068,5630
7350,5794,3738,435
3299,5542,4211,765
1577,4035,7909,1017
2030,9902,5688,778
3797,9982,6092,6843
2906,7144,7998,483
1673,1966,7569,5935
3138,5638,1565,489
1432,5303,924,4732
845,5136,5498,2422
9171,3407,3440,1201
3310,9129,1980,7107
9111,8072,3951,2018
5216,1950,2501,6890
3916,71,2825,7055
5710,4390,7544,7142
9694,8468,1875,540
3604,7373,2963,2775
780,6403,3977,4091
5532,5957,1198,4644
4030,5149,6662,9246
7099,9164,6137,1016
9236,8962,8071,4946
3353,5615,2089,3047
4084,3964,3588,7689
1337,6551,465,2118
2954,4442,6209,8487
400,7408,3131,4430
2557,9794,3677,9657
8958,9814,673,8194
8777,8744,3141,2131
4360,5230,5179,8444
9194,8767,6133,532
5318,6598,2650,8273
1040,8860,6760,1441
6268,9891,5872,8825
9685,9550,8483,8644
9365,9156,6839,8142
7901,9980,273,2261
5211,5452,705,4405
4220,6838,4937,9538
3437,7588,7811,4478
6448,4572,5919,2716
4464,1791,1542,4150
1341,25,2794,706
9182,9634,8849,7083
9615,9123,9344,4826
4575,50,9231,8796
6888,4169,8334,325
1757,6146,4804,8206
718,723,923,5182
2515,2465,9332,3856
2491,2127,4563,1673
1761,3412,8757,1377
2536,8101,6203,7111
8151,5435,5908,5040
9604,4242,5366,1362
389,170,9569,1107
894,492,6290,3409
2957,5623,7266,5449
7750,1829,7123,9512
5242,5880,889,7778
3982,7093,4890,2134
2528,798,7174,2133
5041,2541,3495,5430
2712,3065,6538,3606
3557,2828,7016,6515
8452,4282,1964,6203
6112,9087,5715,1354
4968,6605,9133,8950
3698,4024,1084,6226
4823,8259,8359,9864
801,1855,5295,3514
4920,1833,7120,8478
4662,4137,4993,3114
8419,6958,9317,4531
6046,5033,5886,1014
1639,5020,9965,5337
9044,1050,1564,3867
9310,9924,3732,111
1780,9027,3626,6701
861,747,5179,5523
4884,172,8638,3303
7131,7956,7835,3177
2990,3721,4191,4629
8742,4157,9966,7786
5207,1531,1654,4517
1455,5387,4629,3235
4414,8255,9937,5276
9002,5116,799,3886
5289,9438,7190,2420
7395,5025,5597,385
8747,9789,5014,7489
3946,4981,5276,9153
6512,6931,3671,7968
2318,8301,1204,6732
6556,1141,2008,5558
6257,2808,9445,1547
2247,6635,3967,9642
1661,9564,28,408
9354,5043,7898,3300
24,3174,2454,6537
105,6126,4506,2423
4427,5710,9156,983
6852,1165,6542,3110
3974,5988,4657,6221
2623,8624,5864,4285
8189,5892,4694,7544
935,2592,844,960
5767,3299,7498,5873
9425,2004,8297,3853
7715,7453,4836,4567
8619,1379,7678,2594
7367,2335,8816,9991
960,4680,4276,9150
573,8970,6694,1508
1563,7539,2469,7330
839,9967,3203,265
1971,1500,4118,9687
8954,8955,4254,7574
334,1932,168,7702
4268,8984,7694,5229
3664,1970,4379,4238
941,1073,5747,2505
8613,8216,9835,9452
8183,3039,9717,155
4540,3835,9843,3495
2790,4098,1069,3125
6031,1237,827,299
222,8521,5528,3887
492,9907,8125,1434
981,3872,3940,9595
2088,3776,9047,272
6815,8765,428,1356
2601,271,4851,5391
4369,5920,8517,400
7158,9345,700,7380
7867,6228,1267,8360
6136,9392,9795,7118
3265,3735,6713,5353
7511,5761,5626,4327
4527,6054,5683,7128
6326,534,2520,695
6455,1037,1096,3613
382,1796,994,8250
8025,2262,6610,4161
1655,6405,1280,4920
140,7994,273,7651
3755,5900,1978,8283
1954,7662,5411,8281
8196,7931,8976,4652
8968,73,8266,9351
1869,9260,7601,9894
1522,4211,4056,3177
617,5336,8097,757
3331,8371,8409,7087
4271,388,5370,6226
8050,781,4507,6247
8712,3484,899,7681
3558,9165,7033,5428
8426,4634,5322,9949
8846,9379,3126,9463
4716,1224,221,8047
9595,8630,5134,3867
9019,505,94,7069
1286,4602,3317,9999
8087,4217,7681,1645
3383,4714,7073,1809
9349,2396,1758,8195
1776,4885,7659,6493
6109,7880,4540,5705
6511,9675,9573,5530
180,9668,2600,1467
4270,5917,1467,2358
134,9148,4004,3518
3863,1078,5328,3212
3474,7087,1408,5251
1972,9067,1744,8082
6948,6285,3787,3459
5960,3361,8989,6141
3029,1589,7609,7300
7507,9076,9658,7642
8224,3662,1160,2087
4740,6488,5300,8215
3575,6708,3467,5548
5776,5211,3630,2724
1496,7418,6183,7457
780,5173,3599,3809
6763,1208,1109,4271
284,768,1913,8509
4431,3074,597,9172
9563,5897,7387,3139
2606,854,8687,8382
6066,2318,1106,7563
9737,7290,5020,517
2463,8620,4326,9227
9829,5436,3498,114
6205,5411,8623,636
8486,9221,9808,8049
5118,7196,1188,7724
8051,9876,6106,4117
2194,7213,1680,1931
4503,6701,2448,6967
5321,6775,6194,5151
2212,9693,5265,8417
5105,3888,9054,3591
3110,8862,1641,8228
6059,2829,5953,4110
2706,2060,8227,4901
9273,9908,6832,3777
6609,9281,744,1931
6057,6939,7082,8270
6633,2347,6687,1738
6236,5742,5330,9346
4605,6971,7575,664
9801,3529,4774,2507
5589,3002,7408,4863
2910,4241,8640,9520
3523,9385,1451,9581
6325,8534,7851,2958
882,4538,4697,7119
280,27,6465,4886
6998,4041,5550,6800
7570,324,9307,3159
3326,6716,8023,6237
958,6664,5757,4481
6049,7209,4062,2374
5743,1913,5333,6626
6452,30,3745,6733
57,210,1619,7056
4252,7169,3856,1822
7494,3164,4982,821
9881,3005,7058,840
9669,2815,5322,5719
25,9385,8094,5768
1298,3427,2394,7751
3458,6140,4485,3515
6350,6105,572,603
3274,4429,2425,769
7594,7407,1591,7476
413,8649,8316,82
1465,3638,5802,1490
3023,3896,7259,4322
7323,9654,2074,781
5794,6559,4297,2145
2664,4870,2748,5939
9299,5174,6709,6894
2581,8300,4370,2995
6949,2687,3077,8415
6325,8879,9906,9349
2776,7166,3671,99
6820,5745,881,2615
2305,5179,4761,4969
49,7509,909,9349
2684,7618,6244,5265
5918,615,8260,2868
3302,1338,1284,9627
218,1190,8977,2995
8356,2648,3095,5177
8394,3976,7793,699
9156,2554,5669,9206
63,6579,8555,2747
4197,4800,8013,116
5415,6274,2984,8717
7613,4268,8345,7832
5459,7322,827,3816
9971,3922,8993,8365
7899,6786,9065,7055
9340,4735,6261,9404
1314,4817,2152,5512
9617,166,5628,5033
6441,8612,3750,4055
2881,2095,1887,8340
9418,2715,2156,9389
6638,1150,7755,4538
7937,6820,1593,7277
1555,7855,6682,2870
2673,8835,8382,2291
9001,4010,7324,5443
2623,1075,9498,5505
3171,1385,3845,2589
4101,6002,1978,739
7153,9733,5278,5090
6554,6871,2367,8110
4727,9050,980,7401
7885,9363,9692,6887
3374,7017,2330,5997
8092,1828,1502,1263
3214,5348,3853,7315
1351,5832,8055,8504
5566,3333,3594,2120
205,5962,230,4933
5012,1211,2334,2898
574,2027,9785,3948
9045,2115,9946,7137
3944,1449,8401,7158
6797,2255,4474,8149
8087,2530,6653,3653
5864,248,5773,6070
6210,6004,1003,1223
7216,3338,4121,7790
5366,3906,1739,4411
6022,1686,1549,9966
3135,9951,7125,9933
2206,1600,8082,293
4130,4736,3947,9994
4984,9721,6065,1195
5725,7068,2418,2941
407,6540,732,5774
447,2472,186,6469
4158,1735,6436,7294
1687,3562,7227,3894
5162,5310,4188,9292
47,8135,9287,5032
7856,5352,6227,3582
2421,8646,6523,2829
5186,7256,8603,5633
9729,8789,2103,3888
525,8540,1182,2212
2103,8410,6107,7265
3720,295,6558,3768
8430,5846,8800,6287
1198,5027,9869,3620
3674,6393,6449,8860
3649,5052,4494,3379
3842,6598,7267,4367
5138,8449,6580,7242
6859,2687,4507,580
2982,1066,4348,1413
6912,3148,7700,8111
8176,7569,1731,1850
3963,8181,711,7612
3234,5205,991,7076
1803,8258,1444,6942
6708,8024,4184,3568
712,8692,4148,3695
9758,8497,5109,6671
1646,2809,4782,9822
379,6514,1673,4342
4695,2384,1955,7929
7590,2947,5006,9394
1206,6450,6336,7915
4475,521,1483,5187
9214,5632,8883,8973
4129,3992,5644,5776
6802,427,5599,7181
6941,7272,1524,1636
9657,3480,9566,7247
6427,4572,6641,7634
1022,2978,5549,5497
3499,7032,685,2714
2664,9568,1687,6794
3560,7331,2570,362
7759,8169,7544,4700
5441,9069,6337,5099
2549,5903,2346,8977
476,8987,6611,1499
1965,2160,6996,5465
9193,7682,8179,1858
7251,9867,8652,811
7199,1223,1174,4958
9392,8719,9658,4834
7788,5995,9933,338
1899,2280,9315,2375
1267,5926,3874,3233
8087,871,8699,7281
8554,6879,9139,5805
6746,7792,6617,3945
9015,7792,8903,8408
6511,8562,3242,4300
4558,3176,4638,6457
5456,3953,8833,6724
9880,2707,9958,7968
3579,8658,5249,2133
5537,4389,7938,2283
2181,4556,6229,1196
2348,5133,9604,8859
3695,2847,3159,8254
6024,7797,4711,1481
1751,3544,8205,1631
6252,8164,9600,9832
6822,4849,1965,2359
9238,9904,4643,1420
4460,873,2616,6808
6006,2221,5668,9702
5069,8827,7956,1093
6625,2668,2574,8376
6213,780,8,2466
8944,9608,2298,5767
4458,4264,8126,3697
4168,2770,5117,8629
3643,7733,5438,9650
9955,1106,9353,5024
9934,7310,6118,6559
9978,8693,4936,6192
9473,4945,8658,8418
4554,957,4185,9012
5221,2312,2709,9390
5082,7826,8019,8726
5560,3458,8376,5516
4564,7730,541,4498
5040,6659,1058,5019
5352,5995,1211,4826
940,9869,3244,5495
827,7430,4508,6048
9742,7217,5438,4825
5044,3458,3551,605
6916,1928,6121,1481
9658,6662,5980,4698
3322,7038,9717,8675
3033,928,3502,3974
798,6747,9469,1625
4177,3977,7674,3919
1195,3113,8745,6240
6572,2296,6845,3489
4224,2967,4970,3882
9630,950,8581,2953
7989,8299,1628,1022
9227,5131,4997,26
1878,4466,1652,6055
8444,9327,9975,9640
2440,8720,5880,9013
1016,2726,2502,5241
5694,7473,9124,5324
8424,7705,8278,6413
6004,9907,7436,5232
5038,2433,5259,6916
6900,6912,2971,5344
6239,2947,4984,8680
1667,865,7693,2684
3591,196,7925,9285
7669,7049,4610,6093
4755,2889,2507,760
2796,9943,5992,7834
2377,1252,4751,9277
8164,7722,4622,4404
669,9607,3084,2337
472,778,5021,4064
975,2947,3350,8644
9997,7961,4738,4752
850,7246,5513,3646
7189,1506,1481,9566
2758,6232,8844,923
3955,3466,5327,4624
3073,8412,6962,3546
9191,1984,7610,166
4931,961,8811,4928
8922,3550,9681,9772
796,5194,3419,7986
6700,4900,7553,9458
1132,6397,382,5087
9864,5710,9712,2937
4123,6674,6484,3314
8658,4094,3481,3590
5055,2292,8518,3978
5843,8200,3750,6639
3394,7169,4626,95
2069,2179,9554,3202
8577,9936,8289,8441
5646,8002,1378,9769
4677,7863,3084,3336
1957,6565,6926,7013
8858,5445,991,4701
3645,4742,1341,7040
1912,5967,7135,3981
8147,6689,7184,6724
6626,5474,5165,2272
3476,6544,2042,8154
4407,5127,1490,6365
1692,8417,3379,551
3862,4371,5253,7508
9113,6595,4548,1025
2562,1684,5007,710
8374,2191,7434,5000
7666,2600,7273,1142
9144,9316,9297,3551
4443,787,9917,6136
9204,3296,6687,3067
7667,1941,575,6780
8536,5124,7806,1098
6809,2813,1809,5183
5005,9243,183,2671
1844,7457,3814,988
6773,3111,4540,1216
3899,4457,7352,3104
7753,4040,6171,5421
5981,6747,2201,4517
1872,8,5616,8681
2822,7425,3865,7827
6669,4049,499,8513
1506,4313,9502,8279
7425,4042,9495,1324
8500,6848,4428,6254
888,600,1675,6870
7347,3877,1387,9220
3885,7004,7901,6707
4430,1766,4535,1100
5815,5034,9613,7321
9348,9116,5601,6774
3159,5097,8099,1659
1945,2527,7913,2834
3128,9589,9704,476
3466,1092,9696,7352
8096,7597,4060,2527
9364,8595,3627,5180
3630,3241,2502,2979
2357,8103,9753,5516
3200,7852,7176,5146
380,5089,7980,3508
4679,7684,3984,8146
8777,3680,5498,6874
1278,9558,9401,643
8154,3028,5823,1785
6269,8325,4764,8627
6428,4518,4143,9629
2370,1319,4775,2751
6409,2755,6260,1088
440,245,9234,9217
3926,4733,6092,5204
4292,5493,5847,2446
8522,1670,4231,4792
9996,8995,3419,6424
3513,7563,6053,5884
8882,828,8636,5292
3584,4896,6381,4024
5141,5616,3242,9067
349,9334,4272,4641
4828,120,7088,3350
1790,1319,8142,1786
315,1562,8211,3829
9125,4265,9714,8008
5093,8350,3300,8678
3246,9682,2703,8387
5298,5946,7455,5648
5280,1727,289,109
1847,7377,3459,3638
8697,1602,5425,9012
3165,3637,2841,2290
7902,2556,299,2996
906,3600,1674,4152
3282,4377,2540,8581
323,9995,4229,5604
1722,4519,5713,3570
1897,9173,7209,594
776,2634,9606,3942
6271,2448,6232,4173
5004,6532,7169,5911
132,8844,63,3415
3222,2603,1996,3546
2598,6225,9150,4321
745,4864,7892,2642
4038,5101,3236,4815
7736,2843,8757,4007
5292,4990,8181,297
1522,5351,6208,1655
4196,6271,5070,7418
8875,7067,964,1474
3292,115,5796,4037
4980,3688,6680,9019
8790,9916,3834,6526
2759,2592,534,8052
7583,8716,8349,9106
4067,4557,761,8264
829,5832,5682,9704
2899,6647,1178,6191
6763,6974,229,1743
663,6909,762,9453
6826,4597,5979,9585
7189,6514,7638,4772
5230,5987,3878,9298
544,4639,7562,1374
472,3245,1078,3371
9893,2257,9563,6656
9232,9792,8399,9895
6702,9162,9348,3529
3759,5328,3115,948
1843,753,5721,7073
6740,9599,6372,7285
4239,3935,8659,4711
7180,9738,8082,7074
1995,7645,3730,1227
7438,2130,1122,4141
1292,471,7670,5051
5800,785,6000,7643
1538,1721,4717,8279
1321,1089,5564,5560
5024,4224,272,2205
3962,8355,9279,5957
6000,3010,7185,3439
5140,8308,7581,6433
8779,5251,1484,4580
6037,7485,2224,7576
9207,6941,5855,528
8031,1420,6089,3056
5644,6362,5262,9606
4717,4542,5564,718
7552,2749,4158,2692
1057,1739,9125,9837
6991,610,4418,3029
8096,6642,605,7303
3584,6461,7832,1615
7882,3922,4672,3526
284,9934,3133,5001
4476,8698,5720,2029
1447,9878,4722,2505
1617,3847,2343,8608
4458,6761,1637,2554
3403,2243,9858,6987
8705,7690,8603,6587
1612,3275,114,1897
3210,3247,6899,7687
1945,2619,9716,3393
2497,4438,5899,4114
8286,8242,2723,2745
5003,4361,5300,8406
6604,5158,5394,5309
2849,3997,1897,4462
7273,2011,6359,483
5259,3259,8170,7204
5878,7887,598,8375
2326,6497,2490,613
4739,5214,3358,9742
9575,8659,8149,6180
3818,3543,1490,6667
7540,3387,1130,4813
5399,7490,5297,658
749,3467,7863,6627
1355,8461,5003,3682
4958,7493,4295,9698
2708,7654,9440,2283
6313,7590,8464,131
1133,9955,6799,8673
3343,7929,3487,8742
5420,8784,9400,6169
2252,7263,2797,3608
5724,7800,7290,683
5294,1585,382,8003
9240,9823,287,5553
7413,8751,5685,8546
8706,2484,7220,2050
414,707,792,5834
9492,192,2004,1744
7456,4801,5352,3181
2602,2643,3865,7897
4228,4247,5900,3468
4070,6187,9022,1483
4938,4707,30,3645
7192,7250,5695,7606
7958,6488,3440,7451
6680,5444,9195,4137
246,4548,7318,2848
7192,1183,745,1420
5430,6646,4889,9501
2833,3912,984,7772
8619,1014,1417,5811
8265,7113,3417,6224
3601,6858,3675,282
2303,2871,4419,2549
7420,1738,5398,4612
2921,6144,6032,8352
2790,922,7853,5623
4834,8838,3396,3454
9853,4813,9266,8118
1927,2684,4342,5529
9542,8018,5811,1846
889,231,4396,8309
1969,9794,2921,4890
5939,8954,3243,8730
9877,1096,4354,4712
9934,7750,8166,9788
2564,7433,7906,4491
117,2249,20,9660
268,5832,1506,1157
6063,5902,9467,8032
5697,2388,2923,1637
1343,6166,367,1220
7262,4721,5932,7197
2471,4099,6985,5036
1532,4892,9527,1650
7142,9548,1310,7410
5380,2816,8568,1444
8719,8035,9476,4417
423,2399,6054,1767
8565,6422,2988,5828
1143,8921,3026,3615
3020,12,8651,4553
4904,8179,6203,2047
7728,7514,9457,3108
330,8026,4552,9050
6061,4029,3467,6485
6429,9522,8252,4994
5944,1240,823,7088
161,3850,703,3182
3862,9355,7736,8767
7535,3940,814,5263
1454,272,8372,1785
8298,2925,835,4359
6954,4303,845,3383
3825,9097,8378,9770
338,9202,6858,499
3052,7562,3682,6914
6917,1418,5681,4453
5358,6496,9716,6812
6769,8088,8597,5067
1013,9433,9427,7968
3737,272,1351,7563
9370,9730,7333,9708
8932,4191,208,1984
1753,3890,8899,8671
5309,4581,3124,668
1078,2840,7480,7847
929,6078,2915,1943
5512,2342,9912,9249
2615,1264,6812,1986
994,4145,1695,9927
8337,1904,1912,90
5795,811,8762,1104
5393,1886,1772,6471
4727,9253,4318,5657
5332,7233,7601,844
9576,7513,94,2192
8777,6906,4178,9772
1052,5873,9699,9390
7778,1611,9481,3573
2423,8243,4677,7816
130,6449,4287,4857
5703,8605,514,1035
5839,8116,1879,5415
5629,1973,7607,4407
8880,1786,4179,9933
7660,3878,9323,5438
5490,8804,9011,7913
7048,3688,5729,7178
138,16,2035,5841
8622,2550,6877,4461
666,8756,9876,6296
730,7484,703,9611
9270,4882,9544,6930
8761,8868,2368,4251
7673,1379,2164,4721
5068,7893,1899,5206
7910,3935,1048,6533
6485,7925,994,7152
6682,871,3448,7413
8355,4152,7024,7625
9034,6569,4556,7796
5437,6925,2047,3111
8304,4211,7832,3373
2105,9731,8580,16
3666,9628,6549,152
7554,7543,7305,4237
8415,754,1650,6770
4906,8675,4396,3941
5244,8952,1737,682
5877,3784,3793,4182
7996,1625,7555,102
1357,6135,118,5024
5764,6667,5176,3319
4211,2482,7556,2626
3236,9206,9397,8142
7882,3793,2083,3126
2746,3821,3808,8624
7605,7602,2806,5602
9228,362,5704,585
6498,5822,5610,2263
2490,787,5582,6702
3269,3139,9329,6505
2346,8726,4648,228
2520,6732,3354,5266
553,7163,3890,8159
4765,6697,3761,3993
7060,9465,4579,3558
5287,189,5822,7778
976,1404,4480,4245
4544,3809,751,6890
2535,5399,7118,5055
2131,473,322,2684
7637,4213,843,2403
910,4604,6397,7970
4070,976,1529,9358
1166,7351,7136,2143
8756,1617,6388,3300
5426,7140,191,7962
2539,7310,3018,4671
7783,3341,7355,5420
7554,8199,7823,8464
2804,4220,6435,6874
5197,7965,6232,6363
5317,3369,8506,4074
4986,4895,7375,413
2035,7566,8375,4575
4876,1394,9246,2660
4735,6602,8081,2289
4802,5905,754,7606
126,7190,4481,5323
5156,714,1687,473
4083,194,4547,9070
5090,1922,9483,7126
9489,7859,1701,4365
9254,948,7026,3989
7550,5107,6279,2353
1012,7034,9960,1138
4224,4441,6462,9381
5156,8149,9854,9240
8343,4402,8310,3434
6324,7794,560,5813
5654,2261,179,4908
3210,7205,8898,761
2312,5177,3114,3325
2212,3074,4463,6437
7516,925,5818,2672
9075,5672,1913,7419
74,224,853,6399
8018,1413,2213,3672
3675,2393,8581,6885
9598,7479,7646,1911
2657,760,5237,4869
3835,9700,1306,1351
626,7125,4024,9702
2798,5937,7121,2873
6161,7975,9272,4180
9388,1486,7853,3064
3879,6434,9949,3478
3913,7595,5390,6571
8356,627,1440,2191
328,2747,3543,955
9873,7567,658,2671
3505,7779,5544,9667
5755,4817,3847,5144
6303,1700,8208,183
8134,8157,3662,2048
5753,9053,8620,4110
9680,61,6302,9
2808,9845,965,2682
7413,1623,5353,918
9403,897,585,5158
5715,4433,302,2019
6134,8510,2202,4269
6668,5865,6317,2422
4918,4937,6532,4599
4998,2834,4608,7807
2680,5573,490,93
7197,5843,1012,6600
6741,1598,1758,2456
6031,2060,4475,2165
571,6678,6435,7240
2544,2752,9663,7462
7690,6196,2061,2689
9031,6670,497,1711
2244,987,1804,9441
6831,2817,6041,3573
4415,7799,6030,447
9860,506,2613,432
7184,9048,7673,9728
1801,7336,7191,9492
3532,9253,2181,2563
5923,2679,4275,8167
3667,6079,7608,498
8897,3650,4072,3312
1449,102,3759,1310
608,6372,1743,7792
5421,9416,7521,7222
6753,4713,6714,285
3966,8896,2849,9889
1575,7124,8057,5243
3204,5665,5742,2101
9315,9814,5413,765
9916,9173,2076,524
5546,3819,8317,967
3236,5839,8190,9989
552,4904,274,4518
3801,3124,4408,5376
248,2465,620,3453
8130,6362,5554,7446
6176,968,8212,6092
142,288,6617,5689
4107,4934,6657,7343
773,4847,7332,1326
9752,7607,5844,3553
732,253,8930,981
2718,9550,4434,848
5912,9989,8295,2089
958,6507,8182,1100
6795,4799,6789,903
9734,3447,8247,508
8294,5580,1834,8047
3188,7679,1600,3920
7932,531,4902,650
81,9336,1499,5994
9326,9795,8084,284
6302,6266,1385,3098
1066,8175,4002,800
1622,2249,1309,9916
7830,3143,7964,1018
823,9564,4939,8756
96,9841,9406,177
9178,906,6172,8504
701,4256,8789,7004
523,174,102,1589
8349,4104,2390,9971
6354,3699,9888,4184
6843,7852,5202,7667
7417,142,6423,7513
9983,5830,7691,9162
6736,3863,7666,7438
8120,6456,4442,8644
6630,4545,233,4980
8650,2624,4951,5005
6324,4840,9189,3167
2693,4392,834,110
4534,7258,7624,4518
3088,5315,3680,9825
9179,1347,7263,7300
7803,1706,5944,4434
6252,6178,9414,4902
8802,4365,9907,5126
9206,9097,8294,1899
3490,9129,2009,8025
6387,9634,2543,9476
4949,6224,9301,4129
7572,6565,1429,5375
8271,7374,9809,4523
3552,9223,9426,2355
3589,9334,7482,2795
8432,5777,4695,1922
4906,6705,9948,1294
6339,2491,770,1289
8716,72,5418,6288
6637,6848,1664,4909
4222,1473,9433,7775
697,8859,130,4286
8194,7612,7082,6626
3389,1777,8549,8296
8482,8497,9591,4822
989,362,6111,9705
434,1529,5994,7072
8377,7658,1981,2600
9132,1414,375,9829
274,505,4116,8468
8118,1199,5094,1508
2977,3644,9805,1460
2141,9396,6282,3130
9758,2393,2836,192
3922,8831,7265,2300
6490,9246,4900,5622
660,5275,5452,934
5781,9569,9403,3899
768,4498,5408,3746
8142,5213,5206,284
4609,1488,3415,4368
3881,6251,4560,7804
5083,1826,105,1573
1072,5006,7195,1733
281,2648,2668,6063
2217,2071,9963,2986
6569,5371,6732,4712
584,1938,4996,5194
3427,8411,9562,7309
4662,4123,5114,9746
5949,5219,1319,7021
225,8515,8754,507
1163,1423,6571,3380
3494,6534,6367,63
1905,3099,4775,2490
5038,9772,7684,8466
8183,7247,5776,2846
1370,890,2592,7319
6110,3911,4341,6336
2426,3096,6844,3590
4519,3415,6971,8014
9949,3338,8078,1855
6438,2853,4345,1477
2625,2030,9944,809
9277,5720,3655,648
6610,6247,7967,2721
158,2309,9057,2585
5406,5902,6175,9926
9317,3147,7940,9266
6485,6018,1122,2924
8872,5467,4401,1498
7498,4346,2307,6775
66,5962,7423,6677
2209,5391,9398,2368
7701,8456,4954,3107
4358,1130,3033,3675
4277,973,2942,763
6992,4064,3687,5864
9532,8089,7362,7030
2435,9669,3805,2501
5632,1229,9178,7841
6620,8577,210,4322
7033,5164,7429,1391
6294,463,5066,571
1437,8009,1334,8429
2073,5022,4294,1606
3111,1656,8636,5546
1326,2441,8048,6958
3671,7227,4800,291
5804,5010,4613,2837
175,2043,4228,6469
2507,9295,7040,3944
7305,8375,2374,9378
3397,6668,984,6508
8324,9621,2055,9651
2063,104,6610,5734
7331,1410,6026,3135
6421,640,5973,6596
2683,202,3066,5190
9497,107,9135,6802
8482,1509,6181,1880
8177,7166,8389,6502
6787,445,6153,8850
549,2764,4585,7880
4175,611,1016,597
1251,6989,7193,3935
7191,260,9126,6689
367,8261,3492,8850
9770,9674,730,7948
6840,9119,4450,3628
9564,604,2479,114
3369,7064,7994,7544
7675,9010,8141,8927
6000,5335,2862,3191
5595,1989,9881,5962
250,3373,4813,21
3047,5543,7970,9888
4663,2421,3516,4228
3026,5996,4342,6395
3060,2337,3939,736
1348,2080,9664,7349
7415,2527,540,3011
4516,421,8974,4767
3795,3787,4788,6842
9331,2759,6731,3995
5180,248,8223,8206
6244,2566,4601,9305
4904,8540,42,6253
621,9706,3602,8037
2233,4142,1048,6749
4564,22,1516,8360
3810,6305,5203,3141
9064,1934,7136,4244
2182,5360,2451,8426
7927,7052,7732,2831
5593,7774,9084,6214
7480,2686,4252,9713
6829,5300,6463,1394
5323,7980,9754,9133
4285,4958,2275,3350
6892,9412,7595,9075
4772,46,7502,2699
7099,5234,5531,2692
3008,4615,8907,489
7301,3159,202,4131
8460,6666,5525,3783
4646,5280,2917,8932
238,5193,2282,7131
4605,9878,6206,9378
9924,3708,2077,7023
8942,7608,9716,1951
2224,8623,2440,9526
1783,2643,3657,243
9309,9183,4027,3955
4464,6945,2888,4703
2138,5170,1834,6743
5049,8040,6121,4973
1748,8199,1997,691
5808,1714,2642,8032
338,5082,7558,2121
7725,1216,2365,7035
399,6392,991,4864
3337,3879,9567,5475
9050,1401,2219,4099
9442,8341,9073,1191
6540,1070,1882,2349
2785,4525,381,3123
9608,7940,5244,7334
9156,7609,4369,9556
4001,5360,4421,7339
9240,3988,2815,8290
5390,5034,2390,4832
3376,1463,6023,9917
2534,7906,2266,5319
2431,2648,8442,2039
588,3687,9374,9745
1296,3743,9302,5298
9104,3723,2637,8344
7712,5453,6635,3102
487,9025,7934,3863
489,3957,3780,3024
1864,6047,8343,4295
8695,6786,6335,9284
473,5709,9029,1770
9453,8332,7069,8557
2056,9707,6901,9768
5160,3537,2870,5647
2563,804,9511,3053
4762,3292,6077,6626
9339,4421,922,8034
1208,7257,7318,1681
2967,6348,3452,2420
4680,521,977,6736
228,7879,6504,5388
1417,9374,1036,3980
179,547,7033,4942
3839,3111,1568,3179
7532,2491,1213,8740
9748,8531,422,2716
4880,3874,5136,9560
4396,6113,6296,4624
3993,2801,12,5410
2176,1049,9391,2356
1597,6424,7298,5436
9536,8867,8615,7068
1358,9829,5809,1107
8361,6231,3823,3241
106,8959,2801,4502
5073,9098,9127,9067
1900,9140,4478,4076
189,3869,6432,1786
294,3731,7223,9830
2598,5839,6899,3957
5668,2708,5065,4030
8940,8888,7271,9046
7848,73,3549,2922
9172,2676,1989,1072
1816,6467,5149,2005
336,1582,3792,631
5313,1015,461,7912
6854,7360,1870,2523
69,6935,6553,9009
5823,3824,8056,3672
3897,1605,6594,3069
4281,8583,4142,6098
5051,9291,8104,5388
873,1896,6019,6186
2911,6481,4099,9766
3842,5969,2289,3911
2905,8842,2920,8728
2666,977,2400,6564
2582,8995,9634,6864
7578,3776,2962,2630
3068,1066,8018,3941
2963,4038,128,5874
519,4228,5640,4361
197,7929,8272,3102
6772,1193,1831,9439
2170,4232,6004,4753
3227,5638,1617,806
9415,4580,3436,2483
5647,1455,6424,8610
5493,6553,4485,6012
781,126,374,979
8056,8647,4081,4828
9841,5913,4268,2012
146,272,6765,3373
5910,8383,4180,5326
2964,7616,7809,8611
9071,4234,7222,4565
787,1708,578,1568
1834,952,2547,9891
9600,6629,4720,9441
2543,8988,1453,2689
9260,8218,6063,5170
6602,243,496,9566
7860,8306,8177,6932
2540,5400,1497,3328
7109,2075,4897,8944
3028,7445,8835,2628
4075,3555,2069,6618
2543,3523,9308,1803
1741,5371,6974,8343
5615,7471,7909,3476
5778,6087,408,8319
1488,1906,1647,8597
3982,6544,7541,7010
3990,6377,9639,8065
9932,1708,4684,2476
5231,3992,4280,6973
9364,1255,5317,4980
8727,3227,8456,4505
9315,8864,2824,804
771,4472,9401,4753
1016,6943,1763,5006
3320,1403,3072,3253
3112,7756,5730,8343
1748,10,5317,1113
1265,635,6093,9993
3862,4549,4498,3178
3414,7322,3982,4185
1794,3383,8938,2811
327,702,7818,3648
2105,890,6902,5217
8647,2632,3561,396
2643,8879,1509,3909
9514,7602,3902,3377
2152,8400,6555,5566
5723,537,9752,7518
3920,8690,329,4248
9393,8148,7896,1498
9039,4798,6716,7686
7431,277,8082,74
9157,9592,3983,8671
7195,7885,2048,9347
6286,8603,4914,2009
9140,4666,9527,3061
3357,9857,7309,2750
8005,5206,4249,7044
5,965,4731,7436
1243,2814,7511,400
2406,1494,9071,9602
9380,1120,8950,5666
9723,3864,7675,8864
8531,7202,1926,1888
7059,9235,4639,5065
4442,8888,2110,4448
9854,6841,1885,1097
9656,9396,1498,2063
891,569,1665,271
1690,615,5937,1414
4480,3613,279,3011
816,2205,4900,7876
1441,9539,2941,5883
8428,5051,331,8282
1893,2216,9379,1549
1613,877,3612,2504
1447,5278,2775,3138
5893,8713,4552,374
2327,4831,3385,3143
7036,8286,1019,8477
7825,3961,4361,6254
9013,4693,4536,906
6910,3916,2456,8523
4794,6069,1027,6242
1347,3803,9380,7241
2517,3932,7615,4844
8764,1001,7987,5801
9287,9007,4279,7113
2968,8640,3367,1982
3334,7904,2888,244
1820,5345,8767,6614
1415,9795,2856,2763
3599,2237,5,6116
6170,7620,960,4934
8622,8948,735,7910
7955,5014,5024,924
3655,8392,2906,6989
6296,5795,7234,8117
1141,6002,4732,2556
5797,7589,5319,9397
9826,5324,5513,5996
2945,6474,931,1568
5422,1666,9478,3378
6681,4502,4302,337
2895,7209,7327,9191
3004,4561,7309,4145
563,2041,6702,6361
9630,2021,5758,9456
7346,1272,5453,291
7746,6384,1860,3168
8051,1338,6546,4733
5841,849,5070,8737
8058,2397,7928,1062
6959,5237,5208,7522
7279,1910,3884,6909
3932,9642,6366,1278
914,1819,1570,8660
8204,3430,1829,6255
4769,8375,989,611
9224,6059,9348,7282
8457,7277,8345,5417
2515,3553,2939,9794
5464,6823,6703,9396
6466,3070,675,7381
4889,2245,6041,3094
5676,7871,9349,446
6247,338,1058,5471
6398,406,2754,4856
7684,1100,273,199
4654,3213,9994,118
37,6698,9515,6503
9768,190,3884,4657
2436,9926,7751,8112
7797,7101,8559,4044
7440,9617,9516,3838
24,2271,8695,7708
3372,8968,7908,8026
2181,7902,8144,2218
4601,7660,8722,4369
7850,2607,9027,286
2533,6779,8399,331
3880,6958,4376,1321
6576,3893,5160,6600
6165,3855,4309,9537
2823,2218,7563,5005
121,5708,7223,4722
3368,5945,9091,1219
8552,8118,1505,1086
4897,9905,1418,8778
6863,5794,99,3440
9688,5260,40,5853
9115,4350,5391,1938
6569,2954,6943,6690
8663,4167,1412,2032
113,504,3251,8666
8623,4757,9753,3521
4662,1171,2300,1526
6966,2400,4966,6654
7660,5007,2508,6775
9357,7899,8713,5926
854,5657,2617,9518
9825,4030,1550,9938
4534,4802,8605,3157
9560,8358,6679,4222
9529,8979,5749,6496
1379,715,3151,9039
5722,5659,5814,5080
3559,4528,1007,4413
185,3625,3932,11
7655,5483,9949,2189
285,8554,5347,9846
6913,2026,4068,6442
1005,9817,2939,2384
533,6090,1423,6256
1749,7238,1336,5308
1766,2344,9722,1952
5969,3654,1963,3624
9137,1912,5814,9423
467,1162,9269,7381
3188,3338,3823,4194
3156,6763,6579,3690
2853,8002,9946,4602
5240,1283,9911,7007
3627,9634,8959,9597
3289,922,3222,2426
2835,9037,1850,3303
199,1120,684,3388
4459,4508,7582,7616
1271,4161,1306,4124
2164,1252,8727,7405
2535,8638,4412,6163
8273,3371,5760,1562
4294,8983,3989,7129
8020,5839,432,8219
6960,1116,1607,1420
5624,9190,9036,6895
3351,342,1020,5516
1594,9747,2921,4129
8386,7334,293,6659
705,6054,8221,4999
5037,2210,2129,3057
8050,2561,1277,5011
3678,2885,6431,9302
2075,5467,6198,5426
5809,7218,943,7404
6965,3864,1534,5352
1198,1827,2011,1904
7881,233,6904,2918
2444,9033,5976,495
1594,7253,5506,5272
139,1938,4575,2214
7406,774,7641,3215
7992,8584,620,4958
2448,2154,310,3647
3981,2322,5552,1862
2555,2456,4781,4999
1489,757,5495,3084
8011,1001,8357,8150
2940,2932,364,346
3706,8005,3561,1699
6590,4181,6657,9039
6335,6968,2686,317
9291,8238,2179,1846
694,6960,6846,2184
7718,2341,5268,5729
3343,3625,3880,6283
6558,4245,6629,265
2250,191,1964,8841
4373,8622,7880,709
5591,566,1026,4882
8805,3206,6729,9500
166,3575,1685,7885
5917,6953,3615,9261
579,7495,5544,7138
1740,2174,7403,3991
2365,9367,2832,6739
7990,712,7448,3581
1279,8475,8464,85
1681,5193,9585,1848
8769,1270,9733,4686
8224,3348,3948,8804
844,9492,5942,2585
1667,3346,6576,4033
2713,9409,772,704
122,8221,4286,1401
6696,2750,1486,8378
7943,1072,226,6712
2343,9960,1399,567
3309,5347,9372,4154
4840,5314,6739,6507
8660,3315,541,1374
2725,1314,2079,2847
9535,6365,4248,6232
9115,5735,4610,7058
6808,4837,3771,9151
4798,5170,9719,8107
518,9092,2261,5358
4406,9001,1866,3067
2316,2408,4442,5042
3722,6522,7889,3257
2887,2138,9490,2002
7874,4101,9061,4682
8938,2833,3834,3736
8003,3554,1844,8522
2646,4106,3881,7053
3107,5748,121,5424
8156,4563,466,1878
1085,8355,5136,3973
494,4627,5976,8368
8728,5037,3050,7667
7870,6885,1403,5874
439,3248,4397,3085
7354,8278,138,462
4026,260,5886,2183
4823,6352,4062,5909
4708,9198,9883,5202
3826,5859,3570,2554
897,6621,221,8768
3506,1625,4642,3945
4874,9039,7031,2229
7318,7170,2691,1345
7430,8577,3528,2254
4930,7590,8164,9639
6789,8047,4841,615
3907,8412,3169,4804
5034,3391,3572,8540
5016,8215,2486,9890
7255,9518,2119,4573
6688,4810,5918,4119
3388,9446,6373,8319
7037,4538,7958,3826
2585,2800,4441,6492
1213,7611,1297,6247
1002,4869,4788,6018
3084,7275,5909,339
6793,8029,4912,3482
2840,831,7601,6228
278,3975,4548,7315
8513,2507,1141,1099
5308,5583,7592,6521
3194,8889,2769,4196
3759,7558,215,6843
4833,6124,7183,1627
4153,2095,5109,6993
2927,2711,3222,3205
6686,7770,521,5200
278,1663,6300,5586
7246,3892,2108,441
2782,4877,4637,6541
2436,4852,3385,7269
977,568,8896,5130
2664,4006,2124,5591
6717,5346,8797,3404
3117,9318,8605,3395
982,4905,8982,8228
8798,1090,8669,1581
5968,3307,8123,8404
8159,1508,5674,9137
2077,4571,4268,4741
8577,6392,333,5295
1739,9131,8700,4856
8449,7305,8252,9432
2210,7234,7660,1009
8325,6330,2590,4293
9637,713,2698,7797
2222,8372,6935,4299
2944,1203,9041,1522
7595,9374,6817,9334
8506,5517,4191,6956
2823,2443,6388,5034
9678,4048,6043,8003
379,8634,2297,17
9347,4995,7814,1570
3368,4749,5870,6312
5952,4911,7834,3548
4286,4652,2883,2792
170,7074,9748,2993
9518,6136,8027,9196
185,4071,7199,564
2705,9497,581,2053
4492,8396,3624,7860
3146,9494,4173,9099
4405,2007,2648,8691
6660,5531,1484,6830
2605,1232,9823,2123
7368,7851,1319,7553
1923,8519,8118,4628
8016,8700,6682,2509
7096,306,370,243
9800,4543,9343,4206
6551,1991,2898,3211
7522,4382,41,127
5614,9865,2251,2983
7716,3570,537,9639
2090,8655,4268,107
7355,951,2616,4452
1258,2986,4696,1059
7529,4039,5265,4080
6030,8163,7291,3553
2546,7333,3680,8160
7198,5931,1143,4915
9502,1680,4554,1592
336,8823,1699,7692
9775,4316,2145,1033
7302,6841,2092,4832
881,7358,8912,6912
5522,6204,465,8068
3538,4146,6229,736
77,7372,5651,9580
9053,206,1173,9390
9030,2873,7082,8805
7189,9228,9838,4491
6069,1931,9323,6951
9290,8236,3863,4812
4441,4329,2880,7979
8475,9109,8716,8552
6482,4367,8133,5536
4574,9306,4926,3604
2179,2009,2410,9368
1237,2248,3860,7307
4180,3183,4258,3470
1420,8122,8282,5862
2451,1163,3842,926
273,2558,9479,6756
6926,7612,2293,1500
6918,7219,5105,9097
9228,7515,8465,466
9764,2326,7773,3944
5510,2031,7415,6930
153,5698,2793,2605
6862,6635,3531,7136
9193,3011,3892,6119
623,6185,7620,7541
3405,2725,6639,2634
241,5105,3100,6
7431,873,3950,2941
2905,1366,9872,3059
7064,2665,5664,3926
9300,9196,1062,8493
2207,4955,4613,2830
1141,2233,372,4546
4959,7011,7181,5201
2117,281,5207,9548
1154,9158,2490,4060
524,2362,7119,7589
5027,2783,1516,4328
1979,2579,2822,4187
7534,7435,7017,8676
9669,7390,3222,4629
4402,404,9831,6519
685,5038,6067,1840
4197,8558,5900,4721
920,3020,2311,5948
5803,3827,276,7783
6406,3099,1971,3941
534,8988,2617,204
6378,5840,4834,780
6244,4665,7300,6930
9704,3368,8770,3901
1926,4671,8623,2846
7691,935,8795,3495
4762,9072,1279,1169
2171,3250,5111,2706
2238,7728,2911,8617
3569,7745,9398,9814
2411,6699,6744,2116
67,5514,6017,1993
186,4641,4839,7877
5576,3635,1372,339
2707,2651,1509,4878
5901,6620,7584,8140
4349,495,6758,7919
8241,6157,7733,652
2856,4477,2769,2923
9992,8786,4916,178
3428,9756,8056,9005
3391,9428,9345,6098
2080,854,977,7982
7475,8562,6122,1824
9057,2881,9743,7299
9039,7477,7952,1895
1954,721,4819,1947
9508,9735,2125,2936
9492,181,1942,2884
9610,1287,8982,1690
2142,9960,9673,9618
8522,5796,1443,7579
8677,1186,4879,7716
8664,2831,9612,619
3552,4431,2566,3060
4167,4692,5997,3659
4874,7939,6543,4484
9227,5526,6175,1370
5486,5849,988,4008
1645,2431,1588,322
3618,6468,8039,2282
9299,7651,2901,2851
2083,5468,5912,6250
160,1909,9910,5034
9849,6453,9519,9076
1980,5695,447,7466
1544,1435,1475,3189
3866,3064,3512,7485
9532,1552,9768,8831
9204,2669,1683,1287
8137,7595,7538,8298
9505,7448,3333,9354
3901,2853,8431,5881
8548,8878,3348,93
314,4824,3283,4181
7888,6795,1666,7421
8348,1434,6252,7552
4104,7936,8840,2242
5532,6378,541,5037
3826,3874,4392,7728
6727,2824,3610,5276
1703,6959,5369,2017
1783,8653,6199,9672
5449,7866,7093,3797
9300,3346,1350,3405
1283,190,5648,6815
6569,6189,1853,395
63,6246,8124,6791
9070,1735,2068,774
8694,7438,2791,478
6091,8991,151,1540
6857,7244,5337,6157
591,6688,9563,1874
6878,5211,8689,3447
1401,543,3843,1465
6789,1967,8256,5860
3703,325,6634,2398
7763,9426,2877,3854
8417,3028,5395,5274
273,733,1432,864
7421,995,2739,4299
6207,1429,7747,7608
1972,1590,9073,8762
3558,7330,4622,7261
7655,1257,9660,5418
683,2537,9273,9100
5565,4668,4375,5839
5401,5807,6704,2823
6803,9443,7122,3010
872,4869,619,2845
6460,9693,1607,18
7023,6230,7280,4679
7487,6941,98,8170
9478,9371,7271,5044
4040,1646,883,9442
7453,7587,2265,4257
7031,9388,7268,7904
4258,7887,749,718
7581,2357,737,4605
8587,8018,9284,6074
4959,9382,4245,4437
8754,1516,9482,2794
3162,366,2237,616
7954,4502,4873,4985
3890,2141,2889,8148
29,3639,8866,7610
5996,9604,2215,4583
7622,1500,658,2581
882,4903,7019,9637
6420,6502,2432,9583
6868,4669,199,4822
9171,5073,9808,3061
7215,2698,1210,7245
6337,76,4855,2333
9681,7071,6917,7303
8571,7575,9885,9454
2479,6904,9091,8899
3406,1523,8482,275
6193,8682,5098,5364
3756,4906,8426,972
7605,9636,8217,3942
9713,3073,6276,9394
144,3193,6697,8715
769,6582,8169,3248
3487,7261,2148,6894
8785,631,7169,4978
9313,2267,343,3070
7174,8769,4042,4779
8406,2259,8721,8119
5332,4998,7513,5477
8192,4211,4192,8962
794,2362,2210,4281
9624,4359,1176,8409
4990,8345,3388,4304
613,3731,7374,7787
2501,1416,2566,907
3676,1288,9027,9009
6286,6541,4486,4479
752,8678,3441,1547
1041,5652,5829,665
11,7005,9075,5002
5350,2464,9306,5963
6196,6680,3751,8697
8097,6317,9605,1773
7606,8632,783,3892
5173,5269,8372,5926
3948,1813,7474,4989
7465,3303,5655,7477
308,4731,2479,5659
7195,1786,1622,3392
8466,5373,2089,6564
1691,1694,8338,9297
327,9121,3190,5501
4390,1562,1427,8338
3376,8901,3328,841
2204,8983,8319,2513
3715,798,8172,911
2584,9795,4303,1051
5169,6392,7616,6860
8087,5954,6157,8415
5075,9348,3916,9466
910,5343,7804,4286
4245,1133,5128,6450
117,3447,8964,3832
4246,7136,4743,6831
6931,9047,7882,2100
5440,5498,8961,3528
1453,5119,1943,6529
4467,5859,5995,5378
1203,3800,9665,5449
4933,4794,1899,5050
8242,863,8882,2488
8000,3626,9320,4932
2673,7202,7033,8114
2701,5994,1642,4155
1114,3585,684,5581
9444,6679,960,648
479,625,6097,5412
5420,7996,462,3662
8860,9345,6151,6861
2971,5471,1793,5645
2673,8826,3759,5375
4821,5401,9530,5935
8987,215,1517,8431
6894,2477,9079,7373
3103,5177,2786,8523
3174,3248,2185,2034
2593,8336,8896,5565
3807,689,1210,6481
9516,4970,1857,4337
371,1388,272,9358
1603,1789,7790,8497
4267,6870,5871,7370
2047,8657,5893,5221
1906,8079,7256,4500
6416,6152,65,224
6842,1276,6706,6358
6246,8563,695,6618
9952,968,5977,1555
2758,3768,53,7025
638,5925,4395,2686
4583,289,7908,6489
8369,5164,990,4785
1317,1055,5010,8160
2331,1716,4518,8578
280,5214,5196,232
6182,1173,1788,8941
4941,1842,5966,5580
7768,361,8266,2351
651,6175,8841,9020
1340,9831,3805,2657
886,8816,817,3218
532,5336,1796,812
550,6993,1045,6733
8167,2834,5674,3109
4676,1640,8689,2445
2002,6956,4796,2653
3131,3637,1673,4472
