2000 5
0.649502 0.556851 0.537640 0.712206 0.508428 
0.357082 0.620855 0.475065 0.485880 0.530061 
0.335191 0.493469 0.422201 0.534969 0.392871 
0.709379 0.565582 0.456830 0.745617 0.475864 
0.407387 0.618994 0.570206 0.507960 0.417178 
0.324781 0.324531 0.289393 0.402341 0.184331 
0.459927 0.475105 0.366020 0.371816 0.329922 
0.497072 0.266100 0.605222 0.363244 0.388930 
0.321931 0.364109 0.284672 0.296252 0.321063 
0.738863 0.753284 0.631846 0.795104 0.596691 
0.292648 0.566744 0.513352 0.469388 0.524950 
0.536985 0.668433 0.415525 0.610353 0.469108 
0.665118 0.389730 0.496194 0.366733 0.451434 
0.584684 0.665716 0.571810 0.631896 0.502820 
0.496264 0.645320 0.386210 0.487450 0.520857 
0.339791 0.278574 0.331466 0.341540 0.361790 
0.650416 0.514408 0.615923 0.533725 0.637051 
0.279124 0.477518 0.307677 0.361604 0.389978 
0.849333 0.663316 0.645561 0.709363 0.569489 
0.432298 0.500959 0.371155 0.469749 0.653842 
0.389122 0.334030 0.298423 0.304033 0.324710 
0.638346 0.708301 0.612679 0.718375 0.549083 
0.610543 0.423219 0.470732 0.663278 0.511465 
0.448984 0.670503 0.544028 0.666585 0.650049 
0.518387 0.359900 0.508941 0.373354 0.572446 
0.474358 0.538003 0.616455 0.662004 0.474571 
0.299107 0.295441 0.361235 0.533866 0.539300 
0.687276 0.499876 0.735996 0.726177 0.442372 
0.759971 0.783096 0.871357 0.705788 0.792587 
0.569392 0.566689 0.397231 0.616525 0.631760 
0.686896 0.724678 0.583778 0.656914 0.611075 
0.278683 0.583336 0.238209 0.580320 0.277398 
0.542351 0.563582 0.420816 0.632213 0.594569 
0.366589 0.537137 0.364086 0.686109 0.631101 
0.514747 0.590384 0.341729 0.616575 0.636644 
0.753828 0.556053 0.681316 0.717966 0.689913 
0.500629 0.310871 0.394593 0.324653 0.348135 
0.651513 0.229625 0.719534 0.447716 0.491333 
0.344394 0.594316 0.406541 0.515582 0.469508 
0.722396 0.282871 0.540022 0.715370 0.354827 
0.602943 0.446792 0.414117 0.461794 0.576853 
0.397360 0.226735 0.402192 0.381081 0.406371 
0.422480 0.359897 0.416203 0.490688 0.339323 
0.743590 0.681379 0.637685 0.746135 0.392246 
0.466010 0.572369 0.366419 0.676623 0.584329 
0.812949 0.449596 0.537494 0.472451 0.270698 
0.267538 0.378773 0.314865 0.375692 0.383711 
0.537858 0.570961 0.476388 0.632870 0.624994 
0.301098 0.228089 0.406815 0.274546 0.328714 
0.662061 0.365480 0.634269 0.493599 0.566862 
0.440484 0.480549 0.404593 0.529711 0.477989 
0.335141 0.406608 0.443343 0.546211 0.420336 
0.323754 0.510989 0.514202 0.305592 0.504880 
0.220806 0.471331 0.378766 0.225630 0.555934 
0.492115 0.536452 0.325125 0.486700 0.675515 
0.466037 0.575080 0.418378 0.750538 0.431186 
0.524451 0.476474 0.596686 0.489671 0.754153 
0.634120 0.597707 0.693070 0.566737 0.611940 
0.520182 0.688012 0.546521 0.512296 0.613530 
0.676270 0.448995 0.364541 0.646636 0.342463 
0.547975 0.626214 0.733760 0.483949 0.720308 
0.264227 0.378417 0.261771 0.217176 0.320798 
0.547343 0.554629 0.535428 0.629205 0.656907 
0.723212 0.683315 0.636654 0.666565 0.636252 
0.296833 0.544289 0.524230 0.334234 0.551461 
0.609099 0.581609 0.528424 0.683715 0.341252 
0.642104 0.631247 0.711303 0.829788 0.692078 
0.220530 0.136246 0.122655 0.191451 0.118883 
0.421794 0.701180 0.399737 0.250884 0.725648 
0.552921 0.647571 0.387034 0.556578 0.487891 
0.688489 0.700732 0.683076 0.586107 0.629467 
0.487443 0.680022 0.545953 0.818124 0.589048 
0.645797 0.529116 0.487924 0.561400 0.527698 
0.617806 0.433655 0.631305 0.668142 0.397115 
0.413791 0.287615 0.424465 0.371459 0.455912 
0.309753 0.284029 0.300235 0.158267 0.226103 
0.333047 0.468199 0.406717 0.589094 0.412039 
0.641862 0.468209 0.467438 0.584256 0.614743 
0.450320 0.595361 0.462893 0.541213 0.558155 
0.547910 0.584719 0.568631 0.602265 0.559159 
0.725611 0.677630 0.746518 0.632246 0.629120 
0.345375 0.238109 0.270056 0.299999 0.238611 
0.287230 0.559269 0.442743 0.264801 0.400621 
0.399675 0.678982 0.379509 0.407669 0.526171 
0.734055 0.767827 0.671693 0.682364 0.693154 
0.417402 0.337443 0.545256 0.404499 0.361770 
0.349052 0.600728 0.481877 0.542432 0.655525 
0.528921 0.553389 0.489175 0.676803 0.489529 
0.685055 0.532524 0.730012 0.650171 0.483045 
0.396214 0.449827 0.422440 0.562541 0.478497 
0.486977 0.319305 0.427530 0.211635 0.361162 
0.650830 0.758332 0.679286 0.675888 0.674402 
0.324771 0.382878 0.376159 0.542959 0.357714 
0.547248 0.434580 0.658571 0.450409 0.709234 
0.605128 0.751940 0.677995 0.809931 0.717450 
0.450427 0.583995 0.555328 0.540914 0.589819 
0.241888 0.248377 0.175553 0.250824 0.236422 
0.508227 0.399612 0.541040 0.460640 0.640043 
0.760110 0.646732 0.673838 0.652505 0.789533 
0.523528 0.263422 0.617965 0.515919 0.524224 
0.423001 0.576733 0.326578 0.468479 0.497356 
0.496248 0.497940 0.619634 0.521019 0.748080 
0.675703 0.577351 0.686677 0.781785 0.705699 
0.717836 0.512239 0.528337 0.604101 0.313950 
0.739240 0.639975 0.649152 0.704937 0.614289 
0.481152 0.424006 0.522813 0.250518 0.528431 
0.421172 0.491397 0.594475 0.600794 0.534447 
0.295629 0.427418 0.569737 0.361241 0.614406 
0.280776 0.288430 0.306512 0.297575 0.299333 
0.301879 0.400021 0.267837 0.315357 0.346176 
0.512694 0.594505 0.645321 0.562760 0.541757 
0.693294 0.645645 0.644144 0.688574 0.687607 
0.576619 0.594679 0.279177 0.510044 0.400120 
0.679865 0.549324 0.537790 0.521723 0.603219 
0.322711 0.297376 0.414769 0.514657 0.397605 
0.458316 0.568641 0.486092 0.364085 0.612163 
0.811132 0.815460 0.760355 0.813412 0.680151 
0.847947 0.625000 0.602240 0.657148 0.505833 
0.442776 0.624297 0.310377 0.523297 0.282111 
0.335875 0.360551 0.354628 0.412903 0.296591 
0.456844 0.421795 0.532311 0.473278 0.382982 
0.249935 0.528487 0.705582 0.293423 0.612416 
0.252389 0.358965 0.386643 0.358204 0.420673 
0.280086 0.263252 0.513940 0.420988 0.382253 
0.416116 0.447277 0.547313 0.501179 0.391966 
0.467304 0.687827 0.551104 0.516457 0.671086 
0.522933 0.423427 0.597162 0.323111 0.593019 
0.508597 0.406504 0.512514 0.667474 0.486979 
0.413802 0.634074 0.616790 0.408747 0.708654 
0.674054 0.569607 0.568226 0.454520 0.655410 
0.496114 0.520380 0.526950 0.558840 0.680166 
0.689347 0.419267 0.578315 0.440290 0.536876 
0.245899 0.372291 0.371098 0.307229 0.331918 
0.637833 0.518203 0.554860 0.682172 0.445385 
0.725325 0.743442 0.592656 0.679998 0.490326 
0.586017 0.375159 0.708898 0.409939 0.466087 
0.733636 0.539951 0.638535 0.680828 0.564710 
0.596998 0.232587 0.238302 0.548449 0.139435 
0.646477 0.651736 0.656427 0.391787 0.491492 
0.234478 0.340003 0.348172 0.221393 0.393825 
0.565918 0.587781 0.452228 0.570814 0.307197 
0.602641 0.689515 0.476173 0.622274 0.613873 
0.278361 0.331950 0.312066 0.388579 0.307825 
0.148738 0.143840 0.187343 0.099759 0.162763 
0.451648 0.577627 0.445434 0.404151 0.595803 
0.644520 0.612951 0.352246 0.608690 0.632352 
0.256162 0.470192 0.376838 0.341882 0.542113 
0.231121 0.146890 0.249962 0.180487 0.211343 
0.644293 0.246704 0.608390 0.355797 0.335779 
0.635718 0.476960 0.415214 0.683702 0.712550 
0.113119 0.314875 0.307511 0.490261 0.383641 
0.369911 0.503935 0.330851 0.362577 0.456055 
0.544436 0.345149 0.416371 0.360447 0.435864 
0.850462 0.793397 0.786733 0.744678 0.743666 
0.481285 0.380394 0.505297 0.425958 0.562369 
0.205951 0.262178 0.267214 0.179232 0.287262 
0.563412 0.796459 0.477800 0.698339 0.507189 
0.426077 0.458644 0.472619 0.428059 0.288366 
0.522772 0.622128 0.520092 0.409556 0.416496 
0.917654 0.805519 0.841188 0.835336 0.808068 
0.367905 0.358423 0.401241 0.271857 0.487859 
0.423935 0.790191 0.440386 0.672741 0.640167 
0.259506 0.238388 0.339034 0.311302 0.356350 
0.501536 0.797545 0.653583 0.598308 0.590295 
0.548470 0.550154 0.614859 0.505473 0.535685 
0.383641 0.223411 0.518391 0.354075 0.628516 
0.405601 0.445794 0.610324 0.380374 0.400822 
0.394730 0.259322 0.301953 0.391891 0.180996 
0.725511 0.782635 0.729807 0.786865 0.736563 
0.481124 0.675524 0.675725 0.616389 0.735187 
0.251937 0.588544 0.455121 0.535849 0.498482 
0.528992 0.566500 0.561966 0.458102 0.639421 
0.681388 0.642018 0.747734 0.601169 0.793444 
0.670545 0.786844 0.650041 0.641848 0.806325 
0.182781 0.176616 0.295269 0.169704 0.276064 
0.596947 0.705653 0.463173 0.679277 0.548245 
0.458151 0.592264 0.497386 0.555607 0.338079 
0.363936 0.558178 0.305468 0.499939 0.499209 
0.500043 0.316784 0.492788 0.317162 0.670996 
0.300203 0.676154 0.477339 0.526251 0.482083 
0.621888 0.620193 0.717516 0.604943 0.736487 
0.443354 0.400585 0.604998 0.242396 0.452694 
0.737124 0.710795 0.776912 0.676849 0.741143 
0.524802 0.675773 0.314982 0.562983 0.511464 
0.531794 0.631454 0.501274 0.395589 0.690670 
0.558913 0.735102 0.422092 0.582531 0.644697 
0.326460 0.430325 0.453973 0.468386 0.344005 
0.280313 0.486665 0.433156 0.407005 0.397909 
0.509305 0.688709 0.669584 0.595723 0.722627 
0.498639 0.486740 0.401767 0.526687 0.564661 
0.511993 0.298280 0.575127 0.282132 0.534070 
0.678309 0.469748 0.411368 0.506896 0.359049 
0.552349 0.407933 0.447778 0.739247 0.252699 
0.381200 0.337432 0.245251 0.327575 0.296000 
0.402278 0.516450 0.589430 0.418131 0.636224 
0.347513 0.516486 0.321706 0.353576 0.439117 
0.680223 0.629629 0.729269 0.595723 0.609483 
0.367169 0.499767 0.365382 0.534550 0.520124 
0.458614 0.437494 0.491771 0.463047 0.332532 
0.455181 0.376668 0.425529 0.312124 0.350921 
0.375184 0.464532 0.503807 0.485692 0.240062 
0.813471 0.712676 0.579235 0.697835 0.707524 
0.406061 0.464899 0.388524 0.282572 0.512414 
0.430840 0.343576 0.372147 0.332273 0.424208 
0.280314 0.441231 0.289974 0.498772 0.351115 
0.516770 0.452733 0.530752 0.681780 0.509740 
0.366875 0.681539 0.460846 0.719429 0.757846 
0.754037 0.191321 0.470846 0.641123 0.298911 
0.432250 0.527218 0.477353 0.580599 0.780646 
0.280340 0.506020 0.248739 0.434861 0.431728 
0.643481 0.437215 0.465849 0.746953 0.364399 
0.580145 0.628446 0.600179 0.625704 0.593537 
0.557282 0.477304 0.529987 0.771004 0.566611 
0.697470 0.676694 0.888743 0.659367 0.730417 
0.219800 0.289695 0.294961 0.284640 0.284476 
0.440960 0.219590 0.369958 0.310271 0.277176 
0.373206 0.596140 0.410252 0.478960 0.679929 
0.238506 0.331578 0.428361 0.275877 0.447991 
0.343942 0.285253 0.290397 0.226515 0.282019 
0.506581 0.571473 0.308905 0.652799 0.437759 
0.220338 0.189935 0.136134 0.294159 0.190885 
0.624886 0.573218 0.627961 0.563279 0.755761 
0.518248 0.375325 0.449427 0.647986 0.323946 
0.642620 0.664324 0.405668 0.518227 0.465374 
0.228005 0.394202 0.310736 0.507194 0.355111 
0.427197 0.294087 0.348079 0.508067 0.315607 
0.536197 0.634551 0.387764 0.600992 0.553158 
0.268990 0.608644 0.297663 0.485796 0.386303 
0.483564 0.262394 0.319625 0.293032 0.402343 
0.274155 0.419684 0.381514 0.492273 0.579102 
0.325582 0.337151 0.238225 0.408667 0.332441 
0.615539 0.478609 0.576189 0.403867 0.504666 
0.581395 0.571060 0.410323 0.660491 0.385682 
0.376158 0.419255 0.589291 0.475778 0.546526 
0.761117 0.729784 0.798493 0.682995 0.829531 
0.348055 0.216336 0.287583 0.225002 0.191489 
0.710128 0.585496 0.524292 0.427390 0.475502 
0.558212 0.524073 0.627092 0.536187 0.455671 
0.734271 0.586282 0.619762 0.706589 0.571065 
0.204801 0.290406 0.211938 0.272191 0.230774 
0.440267 0.458389 0.642224 0.608087 0.354134 
0.434702 0.288397 0.340129 0.514345 0.396347 
0.623753 0.627592 0.624238 0.631687 0.652697 
0.515616 0.432789 0.463106 0.399071 0.697096 
0.442112 0.490937 0.481867 0.526317 0.250782 
0.492923 0.641693 0.637298 0.576226 0.503810 
0.569703 0.500656 0.477535 0.752358 0.480031 
0.479918 0.543531 0.510341 0.641264 0.492103 
0.660856 0.700592 0.575498 0.710671 0.542335 
0.816263 0.605445 0.626616 0.884013 0.585252 
0.410338 0.317316 0.516934 0.324916 0.487625 
0.561619 0.433397 0.426837 0.565389 0.363049 
0.659237 0.425530 0.457034 0.561436 0.395764 
0.431844 0.405710 0.564444 0.299929 0.351619 
0.722754 0.420925 0.496903 0.513569 0.466014 
0.585014 0.504964 0.604226 0.722053 0.468890 
0.747389 0.762399 0.764616 0.799792 0.799686 
0.686135 0.700760 0.614711 0.667685 0.736502 
0.376464 0.489832 0.444256 0.492732 0.472512 
0.390570 0.281507 0.437180 0.354269 0.482012 
0.619359 0.508546 0.521787 0.690582 0.676199 
0.545815 0.355995 0.320857 0.510839 0.385511 
0.608877 0.639052 0.730917 0.640364 0.778479 
0.464337 0.662848 0.475802 0.680475 0.569781 
0.804172 0.609294 0.644957 0.755791 0.757429 
0.777616 0.394918 0.642646 0.648184 0.545421 
0.293028 0.519846 0.465465 0.336966 0.456023 
0.523033 0.591670 0.399053 0.486509 0.646165 
0.678110 0.409955 0.662034 0.707770 0.667515 
0.622324 0.628502 0.614054 0.658022 0.746525 
0.310544 0.234716 0.151645 0.261336 0.252999 
0.652576 0.380095 0.464480 0.433491 0.315536 
0.359078 0.372691 0.349355 0.263956 0.432242 
0.509610 0.582919 0.362027 0.633125 0.430671 
0.661906 0.414609 0.468799 0.332881 0.520968 
0.761492 0.668084 0.721329 0.708489 0.692487 
0.621095 0.353282 0.568354 0.359736 0.565121 
0.473486 0.668186 0.497084 0.609427 0.545211 
0.346240 0.640602 0.389069 0.525535 0.497420 
0.658520 0.554077 0.625278 0.750536 0.511883 
0.745370 0.601575 0.806640 0.503946 0.621980 
0.401758 0.349870 0.345502 0.396943 0.323576 
0.250306 0.657572 0.459505 0.511833 0.656219 
0.299301 0.379092 0.266103 0.350030 0.392065 
0.460461 0.444607 0.392704 0.365653 0.246628 
0.308105 0.310858 0.346533 0.377397 0.365319 
0.671696 0.773214 0.715844 0.736102 0.655696 
0.496326 0.713200 0.593688 0.580190 0.586037 
0.624414 0.490212 0.675902 0.491035 0.553131 
0.195546 0.172061 0.184495 0.290651 0.278015 
0.245321 0.505634 0.486249 0.561718 0.513161 
0.128996 0.084744 0.143434 0.164478 0.145075 
0.558576 0.522693 0.716291 0.642821 0.459296 
0.376611 0.389941 0.381852 0.337190 0.339056 
0.319675 0.301315 0.148182 0.339921 0.114323 
0.666538 0.577404 0.663114 0.735239 0.707906 
0.536867 0.685392 0.488035 0.686173 0.532631 
0.762629 0.743574 0.744959 0.772158 0.776803 
0.632125 0.737218 0.495268 0.579027 0.508618 
0.591814 0.421945 0.507457 0.481651 0.305961 
0.297835 0.192373 0.334269 0.203237 0.151146 
0.494338 0.489935 0.385672 0.264028 0.434515 
0.331809 0.359531 0.343190 0.389672 0.259577 
0.436928 0.471364 0.634945 0.431637 0.462216 
0.614667 0.498349 0.669944 0.678789 0.530935 
0.498311 0.213464 0.399463 0.562982 0.397933 
0.250064 0.400184 0.283612 0.313151 0.373947 
0.179773 0.406950 0.395510 0.231685 0.441586 
0.464573 0.474157 0.400528 0.500588 0.361714 
0.344692 0.287263 0.221702 0.325442 0.226437 
0.495662 0.487938 0.346536 0.457210 0.378702 
0.672584 0.646031 0.603489 0.658126 0.707236 
0.301215 0.134405 0.320331 0.296364 0.334774 
0.663927 0.765751 0.727259 0.657315 0.604621 
0.342249 0.244552 0.261804 0.382408 0.390454 
0.585418 0.498991 0.401189 0.695405 0.578212 
0.169839 0.249012 0.138786 0.194500 0.140291 
0.625499 0.803948 0.671806 0.733604 0.733542 
0.542507 0.708460 0.510542 0.544241 0.441270 
0.401064 0.263567 0.373702 0.346281 0.373565 
0.755620 0.579132 0.443211 0.586939 0.440224 
0.415176 0.713855 0.476670 0.575787 0.558236 
0.564100 0.644238 0.454551 0.589209 0.676752 
0.610041 0.442401 0.323302 0.504291 0.298250 
0.358825 0.308226 0.246841 0.408251 0.376870 
0.260423 0.588064 0.336683 0.548728 0.462095 
0.321040 0.270885 0.312140 0.227796 0.425773 
0.293155 0.236166 0.382855 0.434790 0.370787 
0.454383 0.495840 0.411521 0.415516 0.349798 
0.414158 0.759926 0.732732 0.504170 0.859395 
0.516962 0.431715 0.678334 0.456355 0.578085 
0.363304 0.612373 0.393661 0.553367 0.747111 
0.456697 0.320919 0.596023 0.316729 0.434072 
0.616956 0.558474 0.507935 0.725495 0.404263 
0.509758 0.321198 0.435515 0.465348 0.359446 
0.819287 0.613826 0.582106 0.639494 0.317708 
0.566353 0.729652 0.557566 0.679469 0.661529 
0.604998 0.708401 0.601371 0.692728 0.648877 
0.713400 0.541178 0.656539 0.656704 0.781367 
0.303737 0.158234 0.403140 0.321033 0.323921 
0.327011 0.403728 0.451231 0.388588 0.414492 
0.524170 0.399727 0.457362 0.591283 0.407457 
0.301904 0.383525 0.410215 0.397424 0.198731 
0.582485 0.437480 0.573949 0.677186 0.411993 
0.465925 0.347746 0.356426 0.308764 0.449884 
0.517687 0.243422 0.420753 0.413924 0.287536 
0.430825 0.673352 0.423719 0.433759 0.648617 
0.462731 0.428982 0.448804 0.435552 0.294347 
0.462556 0.433141 0.542408 0.403060 0.498556 
0.686432 0.502385 0.861064 0.685012 0.515714 
0.430157 0.297714 0.358536 0.266384 0.345687 
0.726722 0.760309 0.758116 0.684154 0.734819 
0.418701 0.697018 0.643194 0.494786 0.509886 
0.309360 0.592834 0.273700 0.418922 0.615155 
0.562866 0.646949 0.771348 0.586196 0.697187 
0.178116 0.214548 0.185343 0.225702 0.262940 
0.704460 0.886548 0.713823 0.701381 0.711827 
0.540489 0.265469 0.460546 0.481804 0.512578 
0.648258 0.745692 0.693223 0.852782 0.694149 
0.347370 0.532437 0.317873 0.296940 0.503637 
0.502170 0.360479 0.434501 0.501819 0.200159 
0.413779 0.607155 0.761283 0.628175 0.579515 
0.551868 0.697964 0.224132 0.774420 0.391594 
0.300859 0.409649 0.218808 0.367441 0.316611 
0.529641 0.584577 0.670406 0.445099 0.637948 
0.578594 0.695029 0.464852 0.729288 0.466357 
0.654869 0.471708 0.630412 0.538651 0.656727 
0.533879 0.575581 0.498147 0.683523 0.559716 
0.233747 0.603357 0.334276 0.357014 0.361300 
0.485262 0.458323 0.504174 0.326582 0.505806 
0.566186 0.556715 0.499749 0.546789 0.600838 
0.608366 0.503081 0.366189 0.517992 0.640777 
0.359107 0.575418 0.476144 0.650097 0.667705 
0.309993 0.591781 0.379552 0.614391 0.435977 
0.551983 0.315911 0.359371 0.362905 0.371269 
0.356482 0.472905 0.406482 0.482680 0.465340 
0.193391 0.670661 0.212557 0.585369 0.465064 
0.351618 0.325595 0.215789 0.368873 0.292187 
0.128868 0.166228 0.143162 0.141451 0.134532 
0.461414 0.669646 0.479526 0.587027 0.307289 
0.710157 0.588250 0.726019 0.576745 0.495050 
0.396520 0.375784 0.325921 0.351857 0.261952 
0.421851 0.461253 0.466825 0.321466 0.297952 
0.510194 0.670960 0.515148 0.418271 0.532227 
0.603969 0.740781 0.559678 0.410756 0.750281 
0.397217 0.462066 0.674115 0.407741 0.722743 
0.674261 0.548179 0.484480 0.690863 0.506830 
0.594065 0.498233 0.326659 0.443051 0.381495 
0.700170 0.479861 0.664716 0.513305 0.359990 
0.609857 0.637933 0.421458 0.498299 0.574014 
0.562634 0.445937 0.510453 0.407212 0.498523 
0.250655 0.248710 0.305356 0.262225 0.360505 
0.411565 0.573728 0.453074 0.532029 0.372006 
0.454371 0.286958 0.317572 0.408733 0.123736 
0.717266 0.725364 0.564190 0.788553 0.747530 
0.471794 0.480516 0.466282 0.574070 0.571011 
0.380796 0.411424 0.450744 0.387126 0.390780 
0.422569 0.318083 0.272835 0.381385 0.267496 
0.723901 0.567302 0.612244 0.475976 0.614420 
0.592986 0.577699 0.636977 0.634938 0.626057 
0.667902 0.613135 0.763742 0.667315 0.690787 
0.182849 0.262334 0.174781 0.206017 0.228679 
0.692375 0.558566 0.586584 0.728856 0.608644 
0.327265 0.261967 0.426771 0.248858 0.405196 
0.409423 0.548530 0.522594 0.478470 0.429973 
0.389591 0.523946 0.427241 0.433496 0.388340 
0.556440 0.666016 0.585481 0.568698 0.686118 
0.870810 0.640096 0.800796 0.752320 0.592156 
0.294326 0.273780 0.217992 0.289628 0.320762 
0.714109 0.545501 0.708585 0.697443 0.604685 
0.604168 0.652719 0.545939 0.750706 0.599342 
0.409335 0.577271 0.621880 0.542615 0.406140 
0.569709 0.502109 0.505545 0.608207 0.672220 
0.464373 0.518764 0.536619 0.654595 0.442862 
0.617489 0.401194 0.492596 0.412520 0.659848 
0.394689 0.369633 0.519515 0.303085 0.289762 
0.774843 0.504093 0.755967 0.529836 0.817904 
0.783775 0.602909 0.765883 0.672386 0.676530 
0.448647 0.339951 0.768444 0.345338 0.522154 
0.357275 0.520757 0.373885 0.337861 0.503944 
0.509454 0.346098 0.436648 0.447511 0.498867 
0.203625 0.351662 0.297242 0.208579 0.260972 
0.602409 0.556311 0.587105 0.483243 0.371391 
0.376850 0.447693 0.559334 0.627112 0.347923 
0.325286 0.418600 0.391470 0.359409 0.480273 
0.518205 0.388133 0.329129 0.453896 0.551035 
0.401148 0.230946 0.225777 0.380446 0.127703 
0.675429 0.414860 0.502128 0.423827 0.466436 
0.716638 0.714521 0.707655 0.729885 0.527637 
0.550680 0.366807 0.432547 0.337212 0.456267 
0.296540 0.416309 0.462245 0.353182 0.432133 
0.401140 0.270329 0.277693 0.276594 0.261357 
0.489895 0.285324 0.708416 0.455885 0.520651 
0.791114 0.656214 0.878983 0.713094 0.793422 
0.258272 0.357045 0.187028 0.280656 0.230103 
0.600413 0.586610 0.543246 0.517467 0.598400 
0.312517 0.453141 0.350036 0.368950 0.616771 
0.591965 0.737570 0.656758 0.600919 0.770428 
0.581095 0.574638 0.742925 0.633117 0.583050 
0.206118 0.168412 0.291433 0.163481 0.319731 
0.462575 0.569515 0.765933 0.284684 0.689805 
0.448443 0.554920 0.585580 0.401760 0.394386 
0.368191 0.303975 0.325705 0.305797 0.542321 
0.495595 0.567178 0.729164 0.752750 0.560576 
0.716654 0.327697 0.510594 0.329588 0.575527 
0.305375 0.535271 0.465492 0.388581 0.560318 
0.606975 0.755799 0.425235 0.820780 0.645760 
0.572538 0.240982 0.367730 0.447651 0.484543 
0.424866 0.445146 0.504670 0.612191 0.513924 
0.611249 0.630180 0.737144 0.489555 0.634558 
0.687643 0.664079 0.583104 0.622020 0.603772 
0.548049 0.397075 0.823887 0.542009 0.559362 
0.196790 0.195289 0.309256 0.218864 0.232530 
0.182797 0.744738 0.193273 0.442615 0.508031 
0.329093 0.568288 0.348286 0.409818 0.532372 
0.723212 0.807674 0.712894 0.840371 0.810355 
0.614773 0.341474 0.535448 0.321944 0.464161 
0.321953 0.323417 0.366747 0.276674 0.435616 
0.162565 0.202345 0.117961 0.229694 0.131828 
0.387942 0.582296 0.415401 0.313724 0.460077 
0.686267 0.613526 0.587789 0.700425 0.542282 
0.608822 0.426999 0.670617 0.637641 0.626471 
0.581055 0.536086 0.491146 0.629817 0.610339 
0.396062 0.451112 0.489937 0.498939 0.491971 
0.661130 0.548138 0.721499 0.457108 0.579182 
0.285660 0.300596 0.312542 0.251095 0.187506 
0.697286 0.231214 0.391088 0.465901 0.433388 
0.500044 0.546748 0.658822 0.494136 0.464937 
0.677023 0.475758 0.479790 0.495001 0.631958 
0.623280 0.471478 0.612349 0.501762 0.714867 
0.448854 0.515433 0.606955 0.510746 0.570137 
0.546983 0.624627 0.817031 0.555124 0.680095 
0.381630 0.504384 0.413511 0.569276 0.406517 
0.600479 0.716662 0.647103 0.617225 0.753064 
0.446167 0.381653 0.503254 0.363745 0.495478 
0.686108 0.444927 0.614553 0.584924 0.425339 
0.499012 0.487094 0.261579 0.446562 0.371122 
0.489264 0.691501 0.558331 0.517939 0.789095 
0.392423 0.450597 0.406573 0.473082 0.510681 
0.208799 0.288908 0.141624 0.285334 0.214008 
0.550866 0.807084 0.576916 0.753755 0.808420 
0.547397 0.532102 0.367427 0.667119 0.428707 
0.363521 0.306892 0.350362 0.368905 0.258083 
0.601718 0.757908 0.760049 0.810414 0.833239 
0.398334 0.266536 0.431489 0.372212 0.310320 
0.686427 0.559161 0.641348 0.476437 0.426430 
0.611115 0.677169 0.679291 0.768907 0.597424 
0.723774 0.634107 0.800866 0.636770 0.617287 
0.484720 0.462540 0.642684 0.451138 0.668508 
0.405004 0.586562 0.350269 0.540532 0.383653 
0.468731 0.451876 0.619824 0.537974 0.859078 
0.548507 0.390585 0.329480 0.496003 0.596930 
0.788863 0.800839 0.759505 0.793166 0.833086 
0.203840 0.263970 0.259436 0.241072 0.322462 
0.395368 0.425848 0.616185 0.459841 0.514883 
0.406312 0.560673 0.297642 0.372026 0.658815 
0.272485 0.380406 0.198809 0.503477 0.361161 
0.653520 0.225268 0.329941 0.678859 0.298449 
0.239712 0.404244 0.400542 0.431885 0.422073 
0.711700 0.557456 0.445010 0.555642 0.535083 
0.522023 0.445428 0.526152 0.395878 0.333570 
0.325487 0.398556 0.479541 0.523267 0.568415 
0.620629 0.078606 0.627771 0.391799 0.314894 
0.582672 0.366029 0.511283 0.727793 0.425124 
0.424308 0.306789 0.454421 0.342476 0.259197 
0.748803 0.652794 0.522617 0.712538 0.615845 
0.636240 0.605303 0.417570 0.439701 0.489069 
0.142513 0.202922 0.141924 0.174323 0.187566 
0.560890 0.767111 0.570963 0.672245 0.759697 
0.414492 0.456396 0.198468 0.467799 0.283332 
0.239147 0.286076 0.195295 0.268583 0.190305 
0.502949 0.514187 0.483545 0.650694 0.488789 
0.210080 0.355625 0.326492 0.184807 0.359413 
0.239738 0.461934 0.516002 0.228109 0.381512 
0.509050 0.453063 0.395421 0.432729 0.476725 
0.565311 0.636854 0.609654 0.531169 0.646424 
0.450185 0.620018 0.714462 0.465990 0.592478 
0.829813 0.893335 0.748324 0.833527 0.833371 
0.210827 0.364082 0.598380 0.178432 0.604688 
0.490758 0.583673 0.592485 0.572090 0.708010 
0.776115 0.340950 0.710015 0.459221 0.436318 
0.237790 0.536742 0.561516 0.561353 0.476743 
0.493510 0.623160 0.722146 0.477615 0.886113 
0.480541 0.330737 0.302762 0.319663 0.329358 
0.439416 0.447094 0.350651 0.392406 0.520439 
0.721313 0.590409 0.673267 0.794305 0.578960 
0.333787 0.232923 0.312737 0.319343 0.327197 
0.560669 0.315259 0.231046 0.386154 0.249745 
0.492909 0.430106 0.483477 0.683188 0.618368 
0.454072 0.583736 0.438540 0.549276 0.634849 
0.352714 0.379641 0.444905 0.536332 0.468074 
0.474349 0.398295 0.565217 0.331676 0.454709 
0.488311 0.335921 0.466358 0.544031 0.363873 
0.607097 0.485436 0.674354 0.522596 0.692786 
0.538548 0.611040 0.510986 0.540205 0.683504 
0.730063 0.650573 0.561721 0.641593 0.527856 
0.322500 0.482807 0.219799 0.497200 0.291449 
0.550293 0.651141 0.330992 0.672783 0.496496 
0.751506 0.560493 0.599414 0.625635 0.601313 
0.566572 0.733646 0.529735 0.598282 0.447261 
0.339460 0.602792 0.552708 0.479207 0.438849 
0.211757 0.332334 0.517295 0.340696 0.447064 
0.564160 0.544496 0.613188 0.642640 0.532501 
0.510660 0.711719 0.608312 0.678656 0.717907 
0.456981 0.743299 0.549308 0.598597 0.870592 
0.407811 0.714214 0.374663 0.506978 0.479984 
0.487294 0.424513 0.349685 0.458970 0.361726 
0.502831 0.808029 0.556319 0.553046 0.692481 
0.406362 0.308778 0.497125 0.549365 0.517262 
0.401244 0.431502 0.506768 0.326701 0.384240 
0.325979 0.277832 0.305573 0.230990 0.381475 
0.530524 0.580812 0.599549 0.641861 0.736308 
0.475018 0.762327 0.683800 0.656244 0.713487 
0.552866 0.550746 0.753052 0.455286 0.709354 
0.688318 0.725539 0.571091 0.657682 0.505376 
0.648890 0.681754 0.762693 0.635929 0.704712 
0.510836 0.562918 0.494556 0.599377 0.620089 
0.460971 0.582951 0.340439 0.661844 0.374262 
0.409411 0.709199 0.409052 0.566106 0.371941 
0.661144 0.540818 0.604010 0.654572 0.396444 
0.657339 0.388399 0.484733 0.593869 0.509207 
0.394280 0.271416 0.490770 0.344744 0.395340 
0.729264 0.549533 0.510994 0.684805 0.429320 
0.440875 0.359673 0.353201 0.551550 0.321598 
0.563702 0.398808 0.470053 0.403636 0.272949 
0.586191 0.337718 0.361873 0.299621 0.422683 
0.248919 0.244354 0.310791 0.278837 0.390928 
0.326046 0.219019 0.281843 0.261872 0.192178 
0.554429 0.624960 0.376734 0.660617 0.380404 
0.499540 0.352918 0.495629 0.292326 0.270447 
0.544833 0.563984 0.655134 0.528376 0.683821 
0.779213 0.837084 0.753148 0.820988 0.820463 
0.638976 0.769211 0.702387 0.759769 0.809647 
0.353129 0.390224 0.436557 0.334880 0.343841 
0.334953 0.593009 0.663309 0.281428 0.685799 
0.687252 0.684680 0.670630 0.534974 0.635247 
0.606310 0.477569 0.754980 0.527120 0.483795 
0.463128 0.444354 0.339139 0.470393 0.577984 
0.571627 0.736713 0.600992 0.691107 0.692058 
0.256117 0.317311 0.245991 0.245854 0.277584 
0.653545 0.598269 0.668313 0.592646 0.475327 
0.409758 0.180400 0.357111 0.342335 0.344818 
0.372191 0.497217 0.466695 0.615484 0.588518 
0.678862 0.463459 0.592093 0.446526 0.624883 
0.708139 0.531885 0.634329 0.471778 0.509209 
0.495053 0.650110 0.530586 0.616283 0.725883 
0.479993 0.635703 0.482064 0.575273 0.614563 
0.665376 0.423185 0.572328 0.582955 0.304323 
0.338127 0.399615 0.574669 0.403557 0.622946 
0.378762 0.452595 0.476110 0.614363 0.431250 
0.490423 0.381433 0.461900 0.388996 0.448323 
0.556855 0.292214 0.584172 0.348544 0.344910 
0.911727 0.809754 0.746451 0.746413 0.698871 
0.521944 0.692147 0.350457 0.630187 0.289522 
0.423807 0.295054 0.311759 0.512165 0.335034 
0.389790 0.302268 0.585408 0.469933 0.573484 
0.161040 0.291313 0.217024 0.210585 0.368003 
0.406360 0.272412 0.239010 0.351194 0.269897 
0.608163 0.381240 0.566240 0.642245 0.375667 
0.795103 0.675501 0.625016 0.726112 0.645418 
0.466271 0.365257 0.392991 0.513829 0.361261 
0.670529 0.377896 0.539088 0.312155 0.547462 
0.671104 0.687337 0.663297 0.776702 0.653994 
0.786362 0.548805 0.410146 0.697689 0.525083 
0.410336 0.357550 0.595722 0.514981 0.360920 
0.721543 0.794534 0.512329 0.712553 0.515911 
0.344331 0.573631 0.442569 0.528861 0.448808 
0.748331 0.785050 0.633255 0.630649 0.741865 
0.426587 0.396064 0.329864 0.410706 0.217515 
0.465260 0.667247 0.507580 0.656373 0.646904 
0.304132 0.703304 0.413596 0.365827 0.505939 
0.523656 0.565070 0.388201 0.490762 0.472691 
0.459283 0.617625 0.490738 0.187555 0.511407 
0.575149 0.795341 0.629614 0.639360 0.752792 
0.276537 0.692516 0.305221 0.598356 0.472289 
0.377381 0.296884 0.320156 0.247032 0.237175 
0.682689 0.665129 0.364066 0.566515 0.554034 
0.640610 0.576891 0.622817 0.718768 0.639533 
0.524809 0.616807 0.334636 0.741064 0.565251 
0.726040 0.343263 0.664294 0.606381 0.397539 
0.678465 0.683502 0.729019 0.698272 0.684980 
0.567119 0.720977 0.448134 0.765083 0.644418 
0.452959 0.567322 0.619408 0.635739 0.676888 
0.420297 0.402960 0.487966 0.232733 0.252743 
0.729375 0.637037 0.699896 0.716134 0.635726 
0.586329 0.516022 0.589840 0.260595 0.622360 
0.457879 0.383254 0.487772 0.453263 0.403187 
0.357791 0.364413 0.381116 0.239259 0.445921 
0.421139 0.599941 0.378722 0.454533 0.571944 
0.638192 0.465838 0.426153 0.509665 0.637751 
0.432277 0.458205 0.613586 0.618535 0.477674 
0.618238 0.491803 0.508252 0.576455 0.557514 
0.557035 0.606695 0.506255 0.657966 0.552323 
0.553429 0.492878 0.839561 0.273341 0.808015 
0.515119 0.781891 0.555757 0.454114 0.645101 
0.721954 0.322088 0.596127 0.389370 0.279771 
0.630457 0.521929 0.527678 0.536530 0.439460 
0.581213 0.437694 0.692750 0.481689 0.604362 
0.546435 0.484580 0.651850 0.329769 0.533695 
0.388557 0.502670 0.543313 0.333187 0.547179 
0.782793 0.843278 0.811040 0.845086 0.739801 
0.265108 0.373600 0.494461 0.318692 0.486570 
0.484193 0.413048 0.565713 0.228542 0.407721 
0.602779 0.487717 0.633037 0.530064 0.482024 
0.539204 0.632494 0.537490 0.782664 0.516015 
0.364872 0.311044 0.427422 0.440143 0.328570 
0.535120 0.802952 0.533052 0.544729 0.630975 
0.559509 0.612035 0.654100 0.584843 0.757185 
0.557181 0.502816 0.330789 0.543715 0.402749 
0.487837 0.449097 0.315613 0.443098 0.461084 
0.363951 0.457103 0.475484 0.427954 0.281269 
0.491172 0.356612 0.398569 0.526982 0.455003 
0.748117 0.787368 0.768332 0.899353 0.683708 
0.521457 0.556152 0.684177 0.585539 0.636963 
0.551867 0.538007 0.474954 0.475474 0.595158 
0.834655 0.606023 0.417274 0.623910 0.406021 
0.632715 0.473338 0.645340 0.631185 0.482612 
0.693507 0.660307 0.496992 0.744429 0.468752 
0.506476 0.507664 0.265408 0.728944 0.338926 
0.467023 0.388371 0.392396 0.524082 0.417848 
0.160582 0.132677 0.275740 0.203352 0.205092 
0.405948 0.499571 0.442742 0.404482 0.548381 
0.485604 0.348209 0.614502 0.538525 0.569543 
0.955887 0.920111 0.926299 0.924037 0.931106 
0.272260 0.670674 0.447264 0.651207 0.321865 
0.308445 0.297847 0.305157 0.242651 0.274455 
0.845096 0.810213 0.840709 0.859699 0.878972 
0.188505 0.312880 0.373254 0.233346 0.345581 
0.696348 0.717268 0.842985 0.732421 0.780528 
0.443161 0.737453 0.381229 0.366763 0.539332 
0.419182 0.793831 0.529020 0.564628 0.589005 
0.614030 0.660190 0.656385 0.669433 0.474842 
0.842834 0.714718 0.744809 0.778349 0.655548 
0.496153 0.611257 0.552126 0.478237 0.476499 
0.683037 0.565632 0.363009 0.720237 0.497634 
0.724790 0.786382 0.730934 0.727611 0.702539 
0.220966 0.355400 0.298982 0.260098 0.352344 
0.653990 0.650558 0.575915 0.694996 0.744263 
0.738783 0.504325 0.609160 0.386941 0.805480 
0.321691 0.296226 0.421448 0.327352 0.463482 
0.280099 0.525937 0.299981 0.543462 0.633035 
0.498521 0.399727 0.409535 0.265102 0.465223 
0.314218 0.475853 0.364944 0.301627 0.465120 
0.325798 0.299392 0.398815 0.335853 0.272738 
0.345711 0.435180 0.581008 0.547489 0.555394 
0.784312 0.721702 0.751483 0.723112 0.704431 
0.422460 0.690032 0.360685 0.531549 0.651157 
0.559519 0.438710 0.551868 0.615713 0.374411 
0.512036 0.640390 0.529645 0.598139 0.554933 
0.324370 0.385431 0.481379 0.244071 0.488709 
0.378956 0.331502 0.331218 0.321867 0.534925 
0.401195 0.255621 0.234149 0.273257 0.275187 
0.581910 0.873289 0.352438 0.624022 0.651204 
0.604473 0.373361 0.537414 0.472569 0.417044 
0.633705 0.478320 0.516515 0.390245 0.274220 
0.462436 0.430473 0.414163 0.466039 0.498638 
0.347758 0.445239 0.505359 0.437675 0.471480 
0.413976 0.331377 0.545066 0.379471 0.550995 
0.564617 0.546232 0.644103 0.676679 0.337753 
0.477042 0.422353 0.612941 0.399268 0.665708 
0.671627 0.423221 0.627489 0.743374 0.439542 
0.300330 0.243872 0.536607 0.325597 0.205950 
0.251524 0.646806 0.545821 0.487206 0.698036 
0.921161 0.794263 0.783289 0.869796 0.736178 
0.682761 0.427111 0.576856 0.555533 0.369441 
0.518102 0.709926 0.499974 0.511205 0.549122 
0.508792 0.284073 0.556980 0.213629 0.462186 
0.702103 0.692561 0.734889 0.726327 0.579646 
0.470726 0.559819 0.395323 0.739675 0.471542 
0.678828 0.509354 0.646504 0.591312 0.649833 
0.333903 0.418841 0.293747 0.415771 0.207489 
0.881513 0.912188 0.884583 0.863964 0.912364 
0.496242 0.745223 0.641119 0.707963 0.698175 
0.546913 0.326795 0.620326 0.371732 0.473140 
0.672576 0.431353 0.527103 0.321266 0.287515 
0.372109 0.493281 0.459410 0.415125 0.616948 
0.236012 0.266480 0.296672 0.332824 0.284826 
0.754830 0.674221 0.717554 0.726874 0.682072 
0.735738 0.149807 0.691908 0.486056 0.450721 
0.514031 0.452415 0.539222 0.516591 0.702785 
0.562802 0.750126 0.407641 0.439182 0.528644 
0.711800 0.652956 0.677689 0.585449 0.458205 
0.510677 0.438250 0.768601 0.318148 0.773281 
0.532464 0.464800 0.364642 0.334951 0.371694 
0.741656 0.668331 0.683062 0.593324 0.678171 
0.659942 0.450529 0.596301 0.593418 0.441317 
0.447341 0.511586 0.462042 0.435461 0.371538 
0.302692 0.304044 0.279567 0.302145 0.416686 
0.461852 0.463926 0.499898 0.361183 0.503123 
0.493833 0.405388 0.353125 0.371233 0.370412 
0.396040 0.431389 0.297339 0.425683 0.235574 
0.313549 0.538691 0.435524 0.657377 0.568612 
0.601207 0.684222 0.575646 0.813729 0.654589 
0.548732 0.634273 0.650808 0.696282 0.585909 
0.245930 0.511033 0.275006 0.420434 0.479586 
0.407435 0.340972 0.224707 0.260941 0.186433 
0.572715 0.653301 0.583475 0.677312 0.555773 
0.663021 0.776918 0.688976 0.684606 0.657595 
0.360164 0.707895 0.533428 0.149930 0.718312 
0.350295 0.494010 0.263982 0.495998 0.493247 
0.694351 0.582602 0.420764 0.829640 0.408377 
0.626769 0.456434 0.354499 0.576604 0.414869 
0.716847 0.790980 0.580555 0.858419 0.771327 
0.618442 0.354662 0.525217 0.233828 0.421112 
0.819583 0.845118 0.856538 0.807309 0.857104 
0.664443 0.802117 0.707672 0.771749 0.853470 
0.271170 0.502716 0.361453 0.408463 0.500198 
0.565017 0.588966 0.545116 0.757142 0.475969 
0.351556 0.467176 0.489748 0.576290 0.749418 
0.344211 0.463728 0.598526 0.484271 0.719190 
0.701562 0.492951 0.520607 0.525559 0.367817 
0.413799 0.429482 0.339485 0.406929 0.415387 
0.539031 0.593487 0.538309 0.660093 0.614661 
0.248805 0.188884 0.219576 0.207481 0.178848 
0.625683 0.690825 0.746500 0.568899 0.683981 
0.770373 0.728269 0.561608 0.729176 0.561553 
0.769765 0.860700 0.706303 0.820900 0.737830 
0.334497 0.278001 0.348634 0.141211 0.422673 
0.318302 0.378846 0.273644 0.324534 0.355950 
0.408331 0.532886 0.416803 0.348211 0.557952 
0.412928 0.343327 0.267563 0.574946 0.250176 
0.400282 0.338154 0.653036 0.373097 0.556272 
0.602237 0.573308 0.146406 0.756873 0.384366 
0.134873 0.329599 0.239003 0.272148 0.491639 
0.293539 0.150948 0.422001 0.431294 0.288567 
0.237062 0.350868 0.535311 0.300512 0.515162 
0.775484 0.795164 0.831794 0.904973 0.824951 
0.163716 0.469546 0.451537 0.394680 0.608437 
0.313262 0.238801 0.261001 0.165723 0.260542 
0.670666 0.537669 0.452173 0.709208 0.374960 
0.171439 0.288160 0.155307 0.229545 0.271606 
0.706453 0.654411 0.592372 0.712187 0.465408 
0.567687 0.545479 0.436300 0.570241 0.336270 
0.268053 0.341318 0.383722 0.197256 0.328129 
0.692908 0.685267 0.682299 0.705596 0.773516 
0.586656 0.451315 0.597865 0.514779 0.503785 
0.386576 0.528386 0.469887 0.563863 0.476372 
0.259322 0.541941 0.357290 0.485791 0.561089 
0.550754 0.211951 0.450917 0.242946 0.305067 
0.369349 0.261040 0.242255 0.263262 0.211353 
0.225476 0.266482 0.164095 0.195974 0.369262 
0.508039 0.363885 0.459394 0.420512 0.310371 
0.419173 0.274962 0.396804 0.208452 0.501176 
0.237656 0.337987 0.465342 0.401352 0.453835 
0.688885 0.696634 0.736532 0.731308 0.656760 
0.672988 0.630080 0.667380 0.619252 0.589883 
0.511300 0.505055 0.740795 0.455246 0.776061 
0.466715 0.512742 0.672450 0.500305 0.608399 
0.554906 0.584833 0.702728 0.606103 0.459249 
0.503152 0.698487 0.422386 0.500241 0.397872 
0.788376 0.527038 0.600334 0.679221 0.451455 
0.500563 0.279683 0.418543 0.348480 0.445285 
0.365137 0.590507 0.382217 0.470200 0.565222 
0.430383 0.511064 0.277263 0.638183 0.387204 
0.541525 0.154290 0.685708 0.394250 0.500868 
0.508088 0.429399 0.333227 0.390529 0.456757 
0.709348 0.600100 0.755977 0.733459 0.520806 
0.432223 0.549887 0.835300 0.560721 0.554698 
0.321374 0.387056 0.351440 0.559569 0.421279 
0.655155 0.575714 0.518350 0.541039 0.546875 
0.230028 0.409831 0.360208 0.163276 0.509362 
0.501472 0.501848 0.731847 0.444098 0.589291 
0.274376 0.417422 0.491856 0.389186 0.488596 
0.636892 0.564781 0.650464 0.610849 0.682469 
0.576494 0.658619 0.242088 0.488366 0.353362 
0.292766 0.460920 0.422328 0.359751 0.351101 
0.563053 0.382838 0.520209 0.344004 0.414457 
0.552015 0.430865 0.493404 0.370011 0.351950 
0.644577 0.489927 0.456690 0.515330 0.532266 
0.468316 0.654926 0.540208 0.735133 0.537094 
0.586447 0.375978 0.401397 0.515689 0.279972 
0.651299 0.738499 0.481569 0.761468 0.560973 
0.331385 0.213826 0.553497 0.387479 0.299898 
0.409149 0.183239 0.341751 0.142951 0.307215 
0.703400 0.427788 0.698646 0.590538 0.383257 
0.525143 0.557148 0.688904 0.375702 0.678805 
0.303426 0.389674 0.595521 0.268328 0.695840 
0.250626 0.298012 0.420786 0.098086 0.426229 
0.692548 0.809865 0.780958 0.715570 0.831628 
0.318432 0.491034 0.443552 0.440343 0.511450 
0.436524 0.467650 0.535005 0.528315 0.347374 
0.479799 0.558787 0.493966 0.421275 0.502413 
0.447494 0.453149 0.448386 0.366572 0.480539 
0.619526 0.665853 0.716094 0.557187 0.756682 
0.743006 0.630916 0.636090 0.695857 0.437088 
0.688077 0.552561 0.542832 0.564253 0.452151 
0.750894 0.816618 0.605191 0.830853 0.700871 
0.423578 0.342172 0.537286 0.426229 0.310159 
0.509225 0.449781 0.456054 0.332661 0.532295 
0.350425 0.378945 0.418068 0.290229 0.426880 
0.496094 0.391557 0.596855 0.624790 0.558395 
0.656434 0.663551 0.456866 0.621134 0.553161 
0.533670 0.474730 0.447997 0.414883 0.432805 
0.363597 0.407042 0.532474 0.357860 0.261666 
0.567002 0.463647 0.338676 0.634882 0.237822 
0.627132 0.874996 0.731869 0.700979 0.801989 
0.348791 0.521681 0.285222 0.388221 0.524354 
0.432850 0.549112 0.616110 0.475871 0.480502 
0.492485 0.696840 0.530962 0.467503 0.761854 
0.485530 0.446234 0.317632 0.428544 0.554194 
0.584631 0.285815 0.446773 0.557384 0.380543 
0.626093 0.372661 0.457169 0.497702 0.164024 
0.320297 0.352884 0.500219 0.426081 0.448806 
0.313329 0.372214 0.489290 0.491456 0.454697 
0.703523 0.379649 0.596809 0.515517 0.477744 
0.420447 0.362035 0.395141 0.387558 0.301401 
0.651297 0.233334 0.592314 0.643675 0.289398 
0.495744 0.501752 0.566247 0.613260 0.545262 
0.543351 0.596126 0.564329 0.347673 0.575658 
0.717118 0.467056 0.670913 0.378846 0.663222 
0.345605 0.773503 0.217193 0.613637 0.691474 
0.465671 0.317376 0.526822 0.351340 0.393638 
0.595081 0.610282 0.474866 0.508578 0.477130 
0.290399 0.904801 0.290050 0.414366 0.667855 
0.460450 0.610296 0.435795 0.566896 0.660286 
0.617993 0.340993 0.518704 0.436600 0.522850 
0.543934 0.549657 0.487477 0.518475 0.476066 
0.699963 0.734709 0.693984 0.700458 0.764794 
0.229589 0.300448 0.389311 0.250366 0.399566 
0.307329 0.584282 0.479892 0.615881 0.574038 
0.552827 0.502498 0.754519 0.365114 0.883416 
0.720311 0.517238 0.644068 0.611996 0.270578 
0.462677 0.285607 0.478362 0.415644 0.545572 
0.769532 0.716004 0.797273 0.815480 0.786662 
0.748603 0.501372 0.471886 0.315555 0.496349 
0.694383 0.763989 0.644585 0.625474 0.587525 
0.503431 0.512178 0.762913 0.555140 0.593638 
0.460831 0.474628 0.455989 0.546393 0.467956 
0.548906 0.492376 0.730172 0.486363 0.278205 
0.284462 0.304251 0.317615 0.218088 0.274138 
0.520077 0.421150 0.517123 0.376630 0.605417 
0.561152 0.619975 0.564053 0.479091 0.632615 
0.338449 0.405052 0.563215 0.306060 0.651537 
0.677464 0.473869 0.463110 0.571692 0.457332 
0.459845 0.484930 0.542135 0.391163 0.602470 
0.433216 0.313205 0.415929 0.420182 0.509474 
0.544757 0.299024 0.512372 0.252433 0.675464 
0.448618 0.577905 0.350533 0.295815 0.738305 
0.342573 0.465729 0.475906 0.261610 0.581460 
0.560604 0.484316 0.660280 0.495276 0.601543 
0.552519 0.383344 0.598641 0.605066 0.456129 
0.641483 0.695239 0.596210 0.637774 0.646776 
0.409735 0.346652 0.399041 0.298704 0.180564 
0.304897 0.290083 0.562618 0.233983 0.440798 
0.475615 0.263254 0.531608 0.310156 0.451326 
0.226444 0.474576 0.473981 0.507867 0.351465 
0.456825 0.575355 0.536497 0.662340 0.519890 
0.369409 0.202615 0.301295 0.342749 0.279150 
0.729812 0.580125 0.761627 0.688371 0.684318 
0.351137 0.267605 0.294467 0.213333 0.355006 
0.692280 0.726360 0.714183 0.747531 0.706809 
0.683868 0.453975 0.545793 0.504934 0.436426 
0.421424 0.241390 0.544079 0.375156 0.535034 
0.659886 0.648966 0.691291 0.641080 0.581769 
0.510184 0.340759 0.467778 0.436911 0.409075 
0.812350 0.645456 0.533054 0.648940 0.602517 
0.710135 0.787067 0.841846 0.670613 0.815591 
0.493117 0.476605 0.454506 0.373253 0.529727 
0.592107 0.520420 0.629308 0.526960 0.636541 
0.343336 0.473471 0.616036 0.047462 0.612184 
0.316676 0.414386 0.169584 0.379099 0.288605 
0.622183 0.409872 0.500573 0.713359 0.502150 
0.457470 0.436750 0.385870 0.334856 0.356301 
0.453730 0.398709 0.464937 0.481175 0.508968 
0.850371 0.680862 0.787219 0.731991 0.803462 
0.622425 0.567605 0.579894 0.496367 0.653973 
0.247874 0.646223 0.614107 0.505058 0.660342 
0.731180 0.793501 0.717728 0.836568 0.735582 
0.398367 0.481874 0.506354 0.331778 0.422133 
0.462316 0.696589 0.517710 0.550554 0.343099 
0.526002 0.467326 0.347065 0.448144 0.594426 
0.572573 0.729643 0.651976 0.454305 0.800661 
0.742819 0.658365 0.521982 0.599276 0.615298 
0.610868 0.540379 0.570939 0.695367 0.477612 
0.416458 0.269282 0.353319 0.396981 0.271437 
0.442270 0.390790 0.335643 0.666833 0.382893 
0.409730 0.559564 0.662372 0.342430 0.355824 
0.388574 0.526879 0.361724 0.186505 0.486875 
0.334091 0.272587 0.420346 0.214427 0.345673 
0.654876 0.524055 0.553210 0.484122 0.436151 
0.431407 0.515104 0.448412 0.583563 0.416934 
0.273266 0.265989 0.283643 0.258486 0.193311 
0.379838 0.334517 0.295661 0.251398 0.434809 
0.651765 0.612981 0.496957 0.696724 0.718561 
0.320787 0.450108 0.490664 0.238602 0.547911 
0.582319 0.676358 0.519573 0.500524 0.542995 
0.458869 0.501686 0.672403 0.496031 0.401768 
0.570063 0.481997 0.577584 0.602946 0.444427 
0.591720 0.689920 0.462815 0.760733 0.485122 
0.351910 0.375284 0.599433 0.486623 0.439964 
0.520300 0.362821 0.344923 0.641734 0.339798 
0.615390 0.590868 0.617900 0.720108 0.644835 
0.260323 0.211312 0.261609 0.313058 0.404894 
0.378549 0.783695 0.262050 0.607349 0.500352 
0.622758 0.614659 0.613719 0.613317 0.556303 
0.620237 0.748878 0.536974 0.657079 0.677875 
0.304065 0.458844 0.758391 0.471418 0.429591 
0.846797 0.880997 0.782897 0.816825 0.873826 
0.348285 0.387906 0.307587 0.416446 0.478011 
0.473161 0.532803 0.314590 0.564854 0.659981 
0.491616 0.793604 0.587044 0.409065 0.621556 
0.478698 0.427585 0.416322 0.666041 0.558468 
0.500216 0.401759 0.415525 0.363320 0.415638 
0.408539 0.471053 0.323244 0.390336 0.542045 
0.336026 0.493205 0.547403 0.554089 0.463067 
0.370157 0.223366 0.463245 0.299878 0.428632 
0.574645 0.595741 0.603001 0.555356 0.592757 
0.372774 0.423487 0.414936 0.403810 0.459658 
0.660157 0.513347 0.244564 0.683011 0.386194 
0.410675 0.300103 0.469437 0.265807 0.312033 
0.271403 0.164040 0.258563 0.381331 0.255367 
0.347015 0.520457 0.300337 0.371726 0.351121 
0.752936 0.613240 0.805842 0.702883 0.693348 
0.282486 0.226596 0.298264 0.244385 0.290257 
0.615343 0.588899 0.503466 0.674418 0.427346 
0.335503 0.310871 0.176624 0.266816 0.273199 
0.462122 0.408021 0.434092 0.192255 0.598305 
0.700097 0.674222 0.712528 0.587517 0.805331 
0.546331 0.201022 0.446085 0.342589 0.407762 
0.568689 0.407332 0.317738 0.549968 0.531676 
0.504175 0.572113 0.769088 0.313785 0.716551 
0.370341 0.510628 0.549131 0.522004 0.607576 
0.522642 0.610121 0.378736 0.324140 0.539166 
0.572845 0.573388 0.610440 0.598736 0.660349 
0.615046 0.250302 0.715421 0.559664 0.469271 
0.618462 0.618241 0.309482 0.655325 0.400995 
0.426035 0.237940 0.406058 0.381270 0.203202 
0.590425 0.219678 0.622018 0.356406 0.396404 
0.348873 0.238342 0.376684 0.301822 0.276470 
0.513699 0.701200 0.585658 0.557755 0.726006 
0.470194 0.401961 0.542869 0.593616 0.500217 
0.429893 0.425033 0.336090 0.499362 0.562529 
0.305002 0.268118 0.247432 0.320193 0.190829 
0.513601 0.561552 0.666848 0.224687 0.610266 
0.734574 0.462649 0.828478 0.481960 0.613985 
0.485946 0.559744 0.368929 0.767833 0.482127 
0.506816 0.442198 0.419255 0.535677 0.326472 
0.584272 0.420433 0.436125 0.428236 0.635916 
0.332059 0.579051 0.382929 0.340184 0.521098 
0.720388 0.459889 0.535498 0.484124 0.468155 
0.294716 0.244982 0.421610 0.266320 0.345925 
0.688608 0.662565 0.730972 0.715248 0.811460 
0.668210 0.607889 0.452103 0.502316 0.551393 
0.412741 0.413916 0.383012 0.272200 0.380327 
0.640479 0.508832 0.567490 0.533473 0.405447 
0.536023 0.376781 0.197518 0.571075 0.323575 
0.527588 0.740802 0.703230 0.588829 0.819502 
0.436124 0.230497 0.429777 0.422045 0.370046 
0.481826 0.475487 0.613962 0.607060 0.625262 
0.524198 0.647650 0.573767 0.706322 0.653576 
0.451592 0.645387 0.382858 0.431402 0.505549 
0.600233 0.575096 0.612110 0.468262 0.534145 
0.448186 0.368902 0.553615 0.327212 0.278149 
0.659230 0.493463 0.532939 0.505932 0.577853 
0.787191 0.664073 0.635951 0.723815 0.643136 
0.449855 0.491618 0.341557 0.509643 0.110311 
0.431810 0.434214 0.485987 0.378895 0.531268 
0.496543 0.572797 0.481759 0.445452 0.463832 
0.477364 0.662482 0.635341 0.476840 0.530436 
0.447202 0.505124 0.648850 0.420590 0.443895 
0.163579 0.349028 0.465377 0.234968 0.542063 
0.391094 0.693978 0.622032 0.478581 0.625214 
0.341626 0.486009 0.415160 0.477177 0.439338 
0.565542 0.549886 0.499533 0.628936 0.440646 
0.501409 0.338238 0.352089 0.389823 0.325046 
0.490941 0.692529 0.539524 0.647424 0.646166 
0.470016 0.361130 0.428146 0.366026 0.431561 
0.770582 0.564960 0.413789 0.777570 0.388920 
0.760825 0.472551 0.488753 0.642472 0.502404 
0.650234 0.756268 0.632903 0.918628 0.566142 
0.517006 0.719622 0.607332 0.717293 0.639812 
0.700577 0.648723 0.677833 0.756539 0.650044 
0.490583 0.488938 0.457137 0.334959 0.750501 
0.489739 0.533274 0.411395 0.463913 0.541077 
0.516073 0.681938 0.565574 0.565602 0.653843 
0.570258 0.357687 0.427453 0.613489 0.432910 
0.475354 0.312628 0.688648 0.540256 0.414454 
0.435890 0.283532 0.797975 0.570463 0.437284 
0.686140 0.705456 0.623900 0.452278 0.586197 
0.410163 0.665925 0.205133 0.664514 0.363192 
0.795238 0.623247 0.720115 0.520329 0.618646 
0.654411 0.577477 0.747232 0.538853 0.671430 
0.547587 0.469735 0.750121 0.534288 0.778871 
0.362260 0.426959 0.640055 0.606694 0.373687 
0.626520 0.359480 0.303379 0.430991 0.192268 
0.344309 0.327694 0.344247 0.364310 0.214728 
0.708981 0.509774 0.427150 0.499795 0.547610 
0.663166 0.708969 0.827509 0.719310 0.774402 
0.714757 0.843037 0.737666 0.838495 0.807324 
0.732506 0.603837 0.685946 0.599728 0.512618 
0.437067 0.717679 0.400613 0.559990 0.551969 
0.468662 0.641285 0.299239 0.597656 0.629891 
0.511368 0.713153 0.420461 0.669715 0.494572 
0.738901 0.811646 0.650586 0.843099 0.747368 
0.568577 0.575901 0.802338 0.342055 0.660359 
0.735960 0.629147 0.554771 0.715120 0.565745 
0.385506 0.384498 0.479496 0.511632 0.563460 
0.330824 0.395961 0.376104 0.359614 0.352084 
0.370957 0.479195 0.175933 0.479312 0.295742 
0.321128 0.237345 0.286471 0.230825 0.306211 
0.308596 0.350157 0.561523 0.295801 0.344040 
0.561190 0.410007 0.736121 0.579763 0.550179 
0.328011 0.407255 0.200639 0.415316 0.277248 
0.576457 0.768165 0.572141 0.527686 0.641856 
0.583778 0.590243 0.421427 0.612368 0.564079 
0.594962 0.162264 0.598978 0.427408 0.372535 
0.271446 0.269108 0.474327 0.387582 0.344010 
0.416123 0.413525 0.422670 0.539028 0.401184 
0.438512 0.594701 0.600092 0.399717 0.489310 
0.574612 0.296575 0.495837 0.519097 0.507791 
0.702608 0.693166 0.721073 0.787342 0.789065 
0.323060 0.443432 0.462813 0.351850 0.522321 
0.755894 0.579081 0.639938 0.781385 0.456607 
0.694560 0.451192 0.768287 0.571648 0.715538 
0.773628 0.438505 0.696531 0.537795 0.424471 
0.513577 0.703964 0.615237 0.644779 0.622347 
0.264895 0.234180 0.369363 0.321230 0.411057 
0.527661 0.446811 0.663988 0.464730 0.779556 
0.696543 0.670585 0.671619 0.611507 0.707967 
0.315003 0.343321 0.465845 0.405335 0.471211 
0.603068 0.385440 0.453282 0.271689 0.362085 
0.599637 0.635375 0.512727 0.588907 0.511119 
0.358248 0.242235 0.455541 0.487704 0.516002 
0.733623 0.754053 0.659902 0.780948 0.708147 
0.397537 0.320053 0.498607 0.499337 0.470725 
0.672338 0.546783 0.528368 0.319479 0.572479 
0.192656 0.531772 0.154826 0.569599 0.357120 
0.359419 0.416214 0.676049 0.675617 0.554283 
0.376666 0.372627 0.154850 0.460084 0.418460 
0.598337 0.292149 0.699082 0.312674 0.413823 
0.463520 0.480046 0.620877 0.617905 0.797872 
0.727668 0.704724 0.817202 0.702453 0.633643 
0.373827 0.662617 0.745490 0.444045 0.625452 
0.512918 0.311435 0.628722 0.666645 0.321827 
0.452044 0.556399 0.648985 0.562167 0.642636 
0.665681 0.531455 0.588231 0.531442 0.589762 
0.543166 0.504281 0.685477 0.571431 0.693234 
0.259107 0.376293 0.127156 0.302246 0.438290 
0.425619 0.604639 0.516766 0.556962 0.491075 
0.627113 0.618595 0.547814 0.621393 0.697435 
0.282095 0.351487 0.230100 0.260119 0.344073 
0.780379 0.747569 0.811695 0.582014 0.583178 
0.670469 0.665462 0.742954 0.751277 0.751992 
0.653890 0.366934 0.623597 0.417835 0.338071 
0.707867 0.671398 0.676854 0.698290 0.715702 
0.342128 0.477241 0.426732 0.444332 0.469129 
0.679816 0.492903 0.498305 0.618422 0.494121 
0.746371 0.557321 0.678739 0.653945 0.600426 
0.340093 0.713417 0.444236 0.553525 0.433427 
0.441614 0.637184 0.586783 0.339830 0.590233 
0.739910 0.694957 0.688455 0.814772 0.643922 
0.414899 0.525193 0.471364 0.414861 0.571258 
0.266787 0.223183 0.553095 0.209603 0.426807 
0.469928 0.584200 0.414358 0.620335 0.452755 
0.580477 0.509072 0.734057 0.469777 0.800168 
0.439132 0.533919 0.531058 0.410413 0.466938 
0.754078 0.681648 0.876566 0.614017 0.750588 
0.653358 0.683073 0.665247 0.795555 0.657995 
0.462652 0.799766 0.397819 0.474741 0.512044 
0.534998 0.528825 0.417675 0.576154 0.650739 
0.713652 0.404067 0.604737 0.444633 0.514283 
0.391432 0.255535 0.557323 0.469439 0.468483 
0.661246 0.783969 0.576894 0.681382 0.748850 
0.528867 0.341558 0.759414 0.580789 0.679953 
0.461057 0.747635 0.348815 0.646824 0.409364 
0.387481 0.392313 0.225255 0.608778 0.427354 
0.473776 0.439594 0.470678 0.320355 0.452552 
0.367789 0.477036 0.428406 0.526977 0.307006 
0.569572 0.379388 0.410271 0.510869 0.404181 
0.677014 0.460269 0.502750 0.659758 0.342615 
0.355073 0.465870 0.359625 0.329599 0.440306 
0.641321 0.714803 0.639374 0.728127 0.703779 
0.551263 0.787083 0.515584 0.492016 0.780138 
0.475855 0.589095 0.635908 0.600096 0.681002 
0.413437 0.256689 0.400048 0.292324 0.312059 
0.490588 0.404305 0.385619 0.429326 0.324565 
0.541832 0.801450 0.577895 0.406250 0.664159 
0.519237 0.609328 0.447981 0.443915 0.488262 
0.256048 0.382651 0.239579 0.209213 0.403685 
0.433473 0.557211 0.306693 0.613016 0.354890 
0.565370 0.390269 0.507931 0.461358 0.438865 
0.553192 0.554331 0.497746 0.589137 0.380233 
0.302601 0.195829 0.510794 0.227355 0.473288 
0.269443 0.362585 0.246020 0.413356 0.317747 
0.488025 0.542913 0.498008 0.536617 0.538857 
0.376064 0.510971 0.385229 0.478149 0.337224 
0.686280 0.615657 0.688642 0.545637 0.760520 
0.328436 0.602375 0.472308 0.553224 0.586095 
0.709601 0.581762 0.659832 0.552150 0.578832 
0.379074 0.331805 0.401483 0.327370 0.418539 
0.622172 0.536723 0.576844 0.548944 0.710468 
0.590887 0.614585 0.603265 0.430416 0.480770 
0.511446 0.458738 0.565482 0.486989 0.384193 
0.500804 0.761941 0.524928 0.335242 0.644192 
0.137425 0.105733 0.113430 0.070213 0.141770 
0.633773 0.786646 0.737594 0.581701 0.760921 
0.822511 0.712454 0.699782 0.660180 0.816192 
0.417851 0.226003 0.328415 0.344199 0.386195 
0.602787 0.403340 0.415342 0.368403 0.433929 
0.476460 0.756001 0.418409 0.604686 0.507435 
0.596991 0.311653 0.337499 0.383248 0.546657 
0.364512 0.477463 0.483848 0.563582 0.516981 
0.510143 0.620876 0.536746 0.596838 0.476383 
0.790533 0.550014 0.642828 0.737494 0.567432 
0.294342 0.383605 0.267989 0.295766 0.242206 
0.288194 0.395333 0.419238 0.308533 0.452712 
0.180851 0.337031 0.186358 0.310822 0.164672 
0.567725 0.513758 0.682807 0.549664 0.433581 
0.646414 0.624006 0.600919 0.704525 0.748354 
0.712876 0.740859 0.664582 0.676074 0.733744 
0.593658 0.339929 0.622634 0.766047 0.417161 
0.509916 0.550865 0.586735 0.528564 0.507924 
0.538284 0.627996 0.469423 0.697088 0.383304 
0.426827 0.309355 0.406192 0.521805 0.439421 
0.697776 0.612327 0.724603 0.676996 0.747514 
0.375801 0.400368 0.343756 0.293785 0.290114 
0.507521 0.430728 0.360267 0.619147 0.450424 
0.627361 0.716324 0.886105 0.695643 0.809931 
0.678524 0.592831 0.516641 0.614260 0.580806 
0.314023 0.614332 0.573957 0.316468 0.622987 
0.458260 0.665978 0.399992 0.621356 0.448011 
0.440574 0.755339 0.333869 0.620328 0.548450 
0.370104 0.553329 0.262039 0.535345 0.583212 
0.394753 0.428116 0.498513 0.296430 0.480188 
0.784745 0.247673 0.384725 0.478572 0.297917 
0.366362 0.522284 0.369858 0.464139 0.277664 
0.573791 0.753605 0.597440 0.448736 0.745637 
0.674246 0.325710 0.542626 0.568913 0.485061 
0.728756 0.780007 0.790258 0.716205 0.796109 
0.688269 0.617936 0.525988 0.362201 0.447376 
0.395173 0.313743 0.293030 0.369493 0.301358 
0.709721 0.652167 0.659550 0.666417 0.678489 
0.218545 0.414173 0.320350 0.358358 0.397639 
0.521649 0.472474 0.587019 0.518278 0.413581 
0.286012 0.186742 0.173502 0.326615 0.421503 
0.452092 0.726704 0.541226 0.551093 0.712784 
0.400447 0.751877 0.399520 0.496474 0.545762 
0.786672 0.689800 0.635007 0.739031 0.537226 
0.382249 0.307471 0.283873 0.321684 0.200387 
0.601717 0.564413 0.457267 0.438038 0.679653 
0.608855 0.618921 0.523586 0.535124 0.629849 
0.627077 0.551791 0.595980 0.676322 0.497777 
0.360087 0.458481 0.221700 0.436710 0.408914 
0.455365 0.464462 0.555909 0.675515 0.282243 
0.589736 0.464867 0.755177 0.631883 0.571753 
0.536436 0.386686 0.499818 0.374201 0.355091 
0.732829 0.818205 0.800326 0.770864 0.801478 
0.674096 0.660718 0.582072 0.697782 0.601560 
0.686140 0.516600 0.458496 0.638576 0.522422 
0.164403 0.152671 0.158504 0.149991 0.137616 
0.414128 0.247051 0.358105 0.318024 0.296711 
0.554825 0.694886 0.566195 0.566160 0.537183 
0.759980 0.652570 0.697523 0.755298 0.754167 
0.632674 0.226744 0.661168 0.645977 0.450147 
0.549742 0.753228 0.334253 0.587487 0.650292 
0.678761 0.234447 0.611258 0.587285 0.304024 
0.631964 0.593638 0.696419 0.718002 0.602685 
0.496149 0.250375 0.649712 0.375579 0.374472 
0.543442 0.473242 0.536590 0.401005 0.416076 
0.462917 0.408327 0.394528 0.286416 0.643182 
0.329692 0.240873 0.358929 0.278478 0.195079 
0.543483 0.361167 0.395139 0.312572 0.443566 
0.427373 0.189668 0.320756 0.420403 0.291174 
0.312589 0.271035 0.378900 0.229974 0.318801 
0.654473 0.418323 0.351623 0.542347 0.521569 
0.375828 0.421057 0.494205 0.269717 0.624925 
0.549484 0.502659 0.556397 0.508449 0.512764 
0.511643 0.371584 0.584282 0.485766 0.513690 
0.485786 0.362607 0.415321 0.401790 0.418849 
0.200744 0.180683 0.141686 0.256052 0.184284 
0.193814 0.410253 0.345632 0.368347 0.409927 
0.469137 0.360612 0.398183 0.558409 0.332712 
0.696464 0.628093 0.514415 0.514590 0.551205 
0.766735 0.512817 0.591812 0.824234 0.566352 
0.601181 0.823924 0.661301 0.553444 0.500865 
0.165532 0.533115 0.378324 0.338260 0.546633 
0.752798 0.706091 0.516671 0.654781 0.645530 
0.458790 0.342788 0.596461 0.389487 0.558797 
0.391756 0.346753 0.414187 0.235093 0.406789 
0.386195 0.562438 0.323144 0.786554 0.706513 
0.364863 0.252231 0.400545 0.435838 0.308110 
0.747466 0.604611 0.687763 0.794014 0.699332 
0.814901 0.301209 0.657404 0.349933 0.406245 
0.572368 0.704790 0.621253 0.480074 0.525631 
0.701792 0.706215 0.615373 0.754023 0.533014 
0.448470 0.573354 0.305235 0.538242 0.419328 
0.479131 0.617828 0.498107 0.599802 0.438603 
0.577340 0.543038 0.282732 0.830764 0.319509 
0.343472 0.379970 0.346959 0.479805 0.344736 
0.468571 0.437756 0.646464 0.480327 0.271323 
0.452893 0.446428 0.344954 0.318335 0.513241 
0.386493 0.289029 0.235929 0.294530 0.247572 
0.336780 0.306641 0.396923 0.251663 0.405266 
0.695435 0.661779 0.574989 0.626458 0.636647 
0.690768 0.614725 0.702537 0.721654 0.491496 
0.541701 0.243642 0.689720 0.631143 0.390092 
0.749048 0.627496 0.798784 0.632845 0.638704 
0.569432 0.594702 0.287104 0.443365 0.382322 
0.202785 0.441318 0.291606 0.491986 0.474141 
0.735115 0.451310 0.558244 0.551648 0.473249 
0.243018 0.368481 0.492680 0.427192 0.441278 
0.557997 0.585018 0.341241 0.278966 0.585722 
0.429491 0.332926 0.519269 0.409427 0.469397 
0.524771 0.607687 0.525241 0.622118 0.405942 
0.840156 0.751313 0.752949 0.757079 0.756226 
0.505662 0.498663 0.773180 0.348685 0.708110 
0.396776 0.439388 0.585997 0.379607 0.697697 
0.443363 0.642860 0.473994 0.493232 0.417618 
0.341123 0.284009 0.469065 0.228668 0.465613 
0.261878 0.455569 0.222441 0.290620 0.346974 
0.654553 0.310111 0.462006 0.729265 0.378247 
0.114062 0.149635 0.191753 0.139278 0.120636 
0.566580 0.430815 0.634155 0.578129 0.631612 
0.444046 0.421426 0.430003 0.295849 0.479081 
0.384719 0.410460 0.628370 0.369648 0.562359 
0.587808 0.680889 0.507044 0.492814 0.651293 
0.310060 0.363099 0.458111 0.424675 0.365530 
0.407781 0.374032 0.229060 0.236759 0.288751 
0.220128 0.144957 0.163914 0.225673 0.187536 
0.515826 0.683216 0.352321 0.564878 0.461423 
0.682424 0.592101 0.733387 0.602050 0.686217 
0.624908 0.661920 0.628691 0.499006 0.369037 
0.828334 0.777150 0.694625 0.865113 0.684620 
0.168251 0.109633 0.214516 0.114524 0.250839 
0.624252 0.490553 0.573078 0.562033 0.487245 
0.861627 0.653688 0.807495 0.736013 0.674792 
0.530200 0.588166 0.446973 0.525410 0.667026 
0.345675 0.608765 0.546720 0.390465 0.513705 
0.530042 0.340431 0.488902 0.413796 0.397927 
0.545217 0.552374 0.704936 0.560329 0.590932 
0.589780 0.649490 0.523095 0.654022 0.527521 
0.597165 0.633682 0.469546 0.568139 0.606019 
0.365909 0.508834 0.262695 0.391360 0.224374 
0.790265 0.692406 0.803594 0.694997 0.777921 
0.317824 0.556339 0.474352 0.532120 0.737690 
0.532242 0.759092 0.466221 0.764494 0.465641 
0.412792 0.356395 0.437342 0.319351 0.346215 
0.693422 0.649846 0.643527 0.787891 0.593042 
0.504183 0.612307 0.644802 0.656589 0.614536 
0.831303 0.387157 0.603460 0.564001 0.357137 
0.288105 0.269258 0.459354 0.511786 0.391927 
0.319079 0.620213 0.528872 0.636460 0.440405 
0.162334 0.595433 0.579484 0.454105 0.531064 
0.524611 0.297680 0.532072 0.488131 0.596496 
0.379501 0.135118 0.448095 0.223910 0.294631 
0.296771 0.515745 0.398761 0.497547 0.453145 
0.438821 0.423447 0.512415 0.438629 0.557710 
0.777893 0.716030 0.747219 0.573117 0.735005 
0.635521 0.550485 0.813055 0.570502 0.759722 
0.726174 0.612394 0.610181 0.454496 0.624057 
0.615035 0.521400 0.543865 0.690772 0.567670 
0.611526 0.564368 0.581571 0.735311 0.412827 
0.466665 0.704908 0.611765 0.545060 0.750435 
0.496889 0.704013 0.488546 0.657796 0.533692 
0.693708 0.445960 0.770156 0.502161 0.761386 
0.328108 0.429744 0.320314 0.331391 0.299596 
0.372898 0.268390 0.461784 0.490092 0.590259 
0.354564 0.524436 0.296444 0.506417 0.428239 
0.394409 0.522447 0.539313 0.524658 0.703687 
0.488894 0.495300 0.297037 0.373529 0.491513 
0.323149 0.361617 0.217099 0.515207 0.243262 
0.644934 0.524372 0.562982 0.551378 0.595508 
0.562621 0.597679 0.747929 0.455975 0.676369 
0.389956 0.331170 0.435443 0.389531 0.264905 
0.635957 0.569786 0.752556 0.496617 0.748195 
0.478830 0.543794 0.498369 0.646654 0.564054 
0.571343 0.640933 0.694562 0.523973 0.682923 
0.529880 0.675596 0.530110 0.704637 0.653995 
0.670932 0.338428 0.657335 0.623511 0.469312 
0.495238 0.481320 0.427260 0.524290 0.346941 
0.453362 0.535234 0.648895 0.363221 0.681012 
0.289401 0.196287 0.183228 0.256569 0.191891 
0.388168 0.625805 0.541244 0.553433 0.553610 
0.705094 0.516862 0.451750 0.465761 0.309222 
0.685029 0.610006 0.542134 0.512273 0.642396 
0.305394 0.568090 0.567319 0.461869 0.453457 
0.690844 0.543890 0.706090 0.534815 0.691865 
0.493735 0.555488 0.610713 0.576291 0.522184 
0.491265 0.450563 0.691828 0.234477 0.460580 
0.868514 0.674781 0.835515 0.719404 0.664469 
0.446948 0.556788 0.590739 0.578859 0.624042 
0.487109 0.789944 0.493897 0.477330 0.523999 
0.374653 0.330589 0.618730 0.309784 0.586505 
0.421705 0.752435 0.401725 0.811532 0.479584 
0.633345 0.712227 0.615530 0.585591 0.678581 
0.304594 0.249692 0.210497 0.233678 0.373150 
0.590350 0.307046 0.464633 0.449715 0.445466 
0.372709 0.616297 0.403047 0.374632 0.393255 
0.203593 0.326194 0.326920 0.201992 0.313689 
0.251561 0.306139 0.123313 0.413862 0.295213 
0.677832 0.569891 0.736835 0.515280 0.656438 
0.758167 0.799378 0.697278 0.830445 0.724198 
0.518709 0.482005 0.577867 0.694840 0.584782 
0.653356 0.676422 0.592562 0.736698 0.690821 
0.701427 0.699543 0.631882 0.515305 0.729313 
0.513315 0.360470 0.483251 0.580049 0.429694 
0.214026 0.279528 0.270354 0.230691 0.322063 
0.521976 0.670285 0.322658 0.626676 0.553185 
0.365824 0.233371 0.357824 0.283990 0.183449 
0.430127 0.314697 0.205187 0.614269 0.186986 
0.780389 0.796725 0.817033 0.800696 0.834572 
0.487033 0.641367 0.669298 0.461668 0.784639 
0.555437 0.626654 0.571020 0.525970 0.703641 
0.410986 0.415314 0.419975 0.414509 0.360767 
0.606854 0.541375 0.531625 0.485032 0.368071 
0.510552 0.530937 0.477000 0.359224 0.573400 
0.684929 0.517505 0.616733 0.562294 0.683733 
0.131266 0.089640 0.285407 0.187971 0.257417 
0.651737 0.575322 0.366430 0.645105 0.711016 
0.520264 0.496984 0.534627 0.508516 0.507361 
0.528944 0.470036 0.649905 0.500008 0.383847 
0.686315 0.591731 0.413503 0.611251 0.514817 
0.772559 0.557521 0.693102 0.751426 0.703825 
0.497329 0.597965 0.497841 0.573620 0.665878 
0.679480 0.695083 0.638951 0.750896 0.794888 
0.521804 0.624953 0.644235 0.567834 0.715114 
0.574450 0.220536 0.576170 0.328338 0.363525 
0.527752 0.480675 0.488808 0.445779 0.594824 
0.512889 0.339623 0.414611 0.459706 0.418688 
0.593703 0.695455 0.558744 0.580207 0.593942 
0.655781 0.646419 0.583602 0.744173 0.545777 
0.274277 0.409569 0.380525 0.567506 0.507263 
0.162140 0.442355 0.323443 0.463032 0.257732 
0.704235 0.392157 0.447490 0.726965 0.345519 
0.584145 0.332820 0.401699 0.359839 0.280497 
0.776475 0.577363 0.636732 0.614218 0.578829 
0.571614 0.587842 0.630821 0.504002 0.591579 
0.251355 0.395913 0.312378 0.339565 0.355439 
0.340771 0.348421 0.415807 0.437974 0.441722 
0.251239 0.377835 0.181898 0.386359 0.423954 
0.466523 0.341470 0.358997 0.369092 0.330962 
0.857738 0.810946 0.762644 0.762267 0.653776 
0.092812 0.238946 0.212158 0.114058 0.228446 
0.282566 0.334129 0.518970 0.515431 0.538984 
0.307464 0.731282 0.513335 0.483019 0.570225 
0.709479 0.588415 0.857248 0.553729 0.628039 
0.403611 0.254128 0.240359 0.299077 0.303172 
0.862254 0.739407 0.806514 0.744671 0.808747 
0.344379 0.657124 0.655926 0.509955 0.519546 
0.251571 0.267848 0.243202 0.268471 0.155036 
0.517777 0.641432 0.608838 0.628440 0.788538 
0.504557 0.430801 0.501724 0.290025 0.466178 
0.352754 0.656464 0.683256 0.573545 0.573507 
0.488767 0.371283 0.654312 0.337156 0.634670 
0.788290 0.375908 0.717352 0.502948 0.456984 
0.427079 0.362354 0.465749 0.632734 0.321550 
0.531363 0.524610 0.307400 0.527714 0.631339 
0.617937 0.703938 0.818033 0.794590 0.806605 
0.297034 0.499945 0.298502 0.307606 0.554275 
0.684324 0.360057 0.534216 0.666647 0.584203 
0.583232 0.783328 0.332659 0.604533 0.651245 
0.569490 0.289091 0.654906 0.373383 0.525479 
0.457691 0.423168 0.506939 0.472290 0.381784 
0.311778 0.626742 0.554212 0.429137 0.606461 
0.681183 0.526614 0.705305 0.554408 0.789781 
0.868336 0.703936 0.673705 0.755324 0.770212 
0.501896 0.511368 0.539025 0.379655 0.416560 
0.536250 0.566875 0.651791 0.488836 0.427755 
0.323510 0.512621 0.254743 0.746574 0.282799 
0.646418 0.192772 0.562704 0.336405 0.432760 
0.375180 0.428859 0.479476 0.377328 0.576196 
0.622566 0.767895 0.453458 0.587593 0.579924 
0.422869 0.436475 0.710215 0.482191 0.616810 
0.454280 0.485531 0.386564 0.390979 0.342327 
0.138697 0.399944 0.348589 0.313910 0.560031 
0.551283 0.480555 0.382909 0.499729 0.616963 
0.584945 0.374734 0.623723 0.586968 0.531311 
0.570243 0.540764 0.586858 0.593820 0.264329 
0.590306 0.748043 0.906078 0.557501 0.843763 
0.570508 0.459647 0.429854 0.791798 0.450670 
0.264473 0.529733 0.445163 0.308114 0.420285 
0.483698 0.530405 0.465558 0.207883 0.596061 
0.573262 0.432201 0.872943 0.618684 0.616563 
0.347678 0.358213 0.470489 0.357952 0.326123 
0.632713 0.694778 0.406406 0.854892 0.410568 
0.602120 0.378275 0.611022 0.450482 0.621420 
0.301645 0.432248 0.361201 0.394345 0.439638 
0.495877 0.514336 0.516070 0.428737 0.573458 
0.537850 0.675332 0.531490 0.530273 0.691377 
0.358807 0.254197 0.374709 0.161557 0.208051 
0.533295 0.592161 0.468677 0.612792 0.685788 
0.726257 0.602504 0.686123 0.625956 0.724550 
0.800389 0.410179 0.713163 0.748251 0.504398 
0.337730 0.347440 0.340829 0.462597 0.349639 
0.239025 0.513318 0.409553 0.313505 0.458781 
0.416320 0.589633 0.408681 0.472461 0.504999 
0.449687 0.667415 0.633803 0.778289 0.629116 
0.297739 0.337209 0.293427 0.299261 0.276825 
0.304892 0.366405 0.309196 0.307679 0.377334 
0.307386 0.320863 0.298922 0.614279 0.260519 
0.462495 0.387662 0.549777 0.234345 0.436227 
0.722930 0.703747 0.816080 0.731846 0.657469 
0.309024 0.478316 0.495132 0.347960 0.542166 
0.437193 0.242438 0.504060 0.297366 0.537998 
0.391385 0.616259 0.512845 0.486247 0.507601 
0.587706 0.576446 0.651561 0.482687 0.395545 
0.350688 0.380070 0.413211 0.432042 0.481565 
0.544033 0.527914 0.672109 0.492971 0.679631 
0.406031 0.576033 0.552098 0.389415 0.501170 
0.506435 0.386669 0.543593 0.370481 0.632232 
0.237393 0.696408 0.308075 0.500786 0.399864 
0.465521 0.406330 0.697305 0.359693 0.616129 
0.131029 0.657802 0.293355 0.561351 0.495760 
0.308014 0.442717 0.222080 0.535461 0.168371 
0.573989 0.464830 0.522895 0.463513 0.507540 
0.337983 0.436738 0.192542 0.354138 0.251310 
0.369167 0.447968 0.373255 0.482632 0.405369 
0.614128 0.590156 0.650508 0.757304 0.605426 
0.616081 0.499228 0.476691 0.583091 0.523042 
0.311454 0.445561 0.404300 0.415476 0.439892 
0.423709 0.515741 0.310150 0.501209 0.369195 
0.424504 0.384950 0.337761 0.413940 0.249624 
0.363170 0.469328 0.762607 0.500720 0.391201 
0.607659 0.551597 0.540423 0.541796 0.415675 
0.501122 0.362210 0.307036 0.656327 0.291762 
0.273774 0.529108 0.429055 0.590171 0.305760 
0.751809 0.659530 0.666111 0.780394 0.634757 
0.449792 0.209578 0.435447 0.431169 0.473099 
0.329708 0.388932 0.257325 0.448407 0.298186 
0.324294 0.275838 0.452490 0.254939 0.294534 
0.550794 0.500929 0.745090 0.489111 0.572664 
0.611734 0.365839 0.424328 0.647977 0.455326 
0.495712 0.479043 0.258161 0.365178 0.435980 
0.629991 0.778039 0.603910 0.729820 0.722187 
0.679340 0.620379 0.559125 0.440763 0.316471 
0.590195 0.563874 0.358934 0.556765 0.306118 
0.692227 0.394424 0.643512 0.631027 0.470585 
0.667485 0.562087 0.390570 0.588902 0.531595 
0.486624 0.547339 0.549471 0.569995 0.683685 
0.520008 0.455634 0.852381 0.476800 0.453951 
0.554131 0.709090 0.525079 0.647017 0.484668 
0.382914 0.322954 0.499948 0.295822 0.203231 
0.563177 0.353212 0.506603 0.477230 0.513648 
0.803453 0.498965 0.522975 0.684847 0.465458 
0.370620 0.492744 0.397682 0.334800 0.440495 
0.389902 0.401041 0.403685 0.334781 0.518549 
0.303164 0.415848 0.346139 0.261229 0.400441 
0.562807 0.686433 0.573535 0.686301 0.632553 
0.284457 0.601989 0.437131 0.538380 0.458170 
0.245631 0.343352 0.199788 0.309359 0.341564 
0.263547 0.298154 0.224663 0.416966 0.302443 
0.468895 0.175404 0.275896 0.426281 0.182166 
0.661059 0.492307 0.399970 0.865979 0.341146 
0.459490 0.474582 0.605528 0.576129 0.366986 
0.517512 0.479931 0.501342 0.662376 0.509281 
0.587533 0.460345 0.496741 0.442923 0.600522 
0.426517 0.299816 0.497083 0.542014 0.350664 
0.600697 0.658568 0.595029 0.773003 0.738418 
0.272010 0.438862 0.396197 0.268184 0.541092 
0.614334 0.298130 0.640891 0.551119 0.148346 
0.529121 0.472777 0.530052 0.478922 0.699463 
0.547722 0.410931 0.681504 0.487620 0.448362 
0.477998 0.615312 0.505315 0.767602 0.456330 
0.726092 0.509822 0.736573 0.506531 0.581043 
0.272718 0.362797 0.502568 0.365367 0.496597 
0.475218 0.611645 0.378447 0.464254 0.526503 
0.653896 0.475075 0.769709 0.553324 0.827130 
0.629478 0.890600 0.706978 0.725856 0.846419 
0.502627 0.276491 0.441502 0.326378 0.329766 
0.757423 0.695595 0.772956 0.631488 0.570230 
0.702222 0.545697 0.464847 0.663283 0.212001 
0.746094 0.667566 0.705089 0.616639 0.559847 
0.619572 0.322454 0.436473 0.347829 0.327834 
0.217473 0.270983 0.403262 0.368617 0.658330 
0.384283 0.342522 0.499023 0.426692 0.487726 
0.551510 0.602861 0.661035 0.772621 0.625820 
0.600298 0.634707 0.338507 0.840777 0.391757 
0.673398 0.618403 0.700806 0.578121 0.747086 
0.301498 0.665111 0.478837 0.379505 0.575732 
0.591283 0.529793 0.399832 0.495270 0.389984 
0.545055 0.484724 0.347314 0.449266 0.524631 
0.320363 0.282293 0.409502 0.302458 0.322706 
0.679773 0.523580 0.470970 0.753563 0.459343 
0.584803 0.418742 0.347615 0.441212 0.383348 
0.387464 0.497823 0.663863 0.567144 0.495195 
0.247239 0.408821 0.251780 0.276671 0.315122 
0.640350 0.634571 0.406506 0.695273 0.450659 
0.301630 0.266678 0.298049 0.313371 0.183956 
0.608920 0.538492 0.555644 0.388797 0.445928 
0.347681 0.665159 0.241106 0.494366 0.590397 
0.329269 0.603859 0.542331 0.421975 0.465328 
0.352381 0.264450 0.357817 0.335670 0.339079 
0.314519 0.551493 0.260083 0.392061 0.332580 
0.445808 0.674791 0.322859 0.477092 0.287111 
0.597411 0.553988 0.655701 0.605203 0.676957 
0.419482 0.397974 0.465239 0.425793 0.475040 
0.837224 0.883653 0.779418 0.919451 0.825644 
0.454383 0.538945 0.560353 0.651839 0.527968 
0.625053 0.341070 0.605767 0.475128 0.294360 
0.641019 0.302564 0.840807 0.331922 0.535445 
0.767274 0.760851 0.840027 0.827092 0.714945 
0.551732 0.765245 0.481859 0.757179 0.553237 
0.730206 0.642148 0.631690 0.697258 0.540291 
0.430438 0.297682 0.299949 0.402844 0.336157 
0.687720 0.531753 0.651245 0.601014 0.419228 
0.528386 0.444923 0.464519 0.385782 0.538542 
0.317469 0.315514 0.281736 0.339073 0.398946 
0.255332 0.280405 0.340082 0.218162 0.289573 
0.595848 0.635687 0.555876 0.765238 0.608710 
0.276153 0.391546 0.443148 0.455885 0.585757 
0.546177 0.314031 0.543905 0.368565 0.416978 
0.585712 0.718637 0.459972 0.684373 0.494357 
0.242783 0.470437 0.407604 0.421623 0.404502 
0.542446 0.400809 0.443383 0.330102 0.249891 
0.411316 0.515084 0.423203 0.566135 0.323509 
0.284306 0.230689 0.286568 0.353111 0.207331 
0.813399 0.707759 0.696914 0.683061 0.720084 
0.416213 0.484508 0.327501 0.489145 0.382048 
0.720853 0.436812 0.629334 0.644749 0.489599 
0.531811 0.592509 0.611103 0.752095 0.555073 
0.279677 0.411401 0.420235 0.328632 0.393109 
0.388211 0.391415 0.166522 0.456240 0.293851 
0.510875 0.660947 0.510307 0.727437 0.471454 
0.445909 0.718412 0.758515 0.632489 0.774210 
0.594403 0.615352 0.523628 0.654045 0.558364 
0.570729 0.655369 0.725035 0.649700 0.773671 
0.442991 0.292074 0.672725 0.575106 0.341420 
0.464189 0.627323 0.564145 0.527529 0.677853 
0.268891 0.743297 0.301309 0.350763 0.583997 
0.408781 0.473749 0.489518 0.581286 0.649127 
0.536379 0.643660 0.711528 0.555181 0.770908 
0.385701 0.574166 0.274779 0.684721 0.551414 
0.747500 0.446981 0.670870 0.701067 0.595294 
0.380459 0.796731 0.463629 0.542586 0.702079 
0.676814 0.513308 0.347378 0.418046 0.500730 
0.415302 0.516921 0.463389 0.361773 0.494498 
0.254709 0.466533 0.367727 0.557436 0.480829 
0.388116 0.532850 0.508015 0.508850 0.490030 
0.456925 0.403616 0.402678 0.422378 0.389334 
0.815756 0.603914 0.775660 0.532909 0.598696 
0.402116 0.722002 0.400739 0.651094 0.479198 
0.661700 0.542314 0.407936 0.680932 0.490797 
0.503180 0.671467 0.589528 0.473701 0.591269 
0.707558 0.720312 0.734076 0.704093 0.729320 
0.658536 0.523224 0.593685 0.389378 0.397060 
0.506151 0.469717 0.467893 0.533469 0.622871 
0.797809 0.797020 0.787484 0.731672 0.861469 
0.886276 0.534168 0.624097 0.627323 0.517182 
0.629628 0.733709 0.603043 0.729214 0.650225 
0.500325 0.404652 0.385387 0.651603 0.603625 
0.670863 0.595816 0.540079 0.738152 0.402028 
0.223411 0.399262 0.393545 0.213266 0.371500 
0.335105 0.472506 0.422290 0.411399 0.556379 
0.615489 0.555371 0.641751 0.677021 0.483150 
0.429617 0.624957 0.432453 0.730301 0.745623 
0.415013 0.456057 0.310023 0.401447 0.356000 
0.198468 0.372745 0.497570 0.264543 0.563787 
0.889079 0.824668 0.817547 0.816323 0.822723 
0.513502 0.689470 0.343912 0.677900 0.545018 
0.405193 0.408709 0.598017 0.537464 0.598924 
0.297061 0.671442 0.574592 0.499672 0.606559 
0.605761 0.416755 0.420576 0.423715 0.439785 
0.494069 0.420736 0.366430 0.475042 0.321809 
0.748640 0.766443 0.653044 0.847255 0.692787 
0.386975 0.406579 0.227343 0.405254 0.405872 
0.372714 0.364744 0.298978 0.241166 0.232297 
0.297620 0.291948 0.410351 0.406554 0.313170 
0.602391 0.408132 0.367382 0.510125 0.429152 
0.542066 0.648547 0.517884 0.421063 0.469805 
0.596428 0.579842 0.395078 0.462580 0.270098 
0.701305 0.445509 0.718645 0.537153 0.459903 
0.517872 0.656129 0.533896 0.603242 0.574883 
0.623531 0.426642 0.592538 0.484906 0.613533 
0.594797 0.721836 0.536431 0.491237 0.616150 
0.450156 0.467342 0.399829 0.559933 0.329438 
0.581524 0.590080 0.813530 0.648635 0.664947 
0.624245 0.603407 0.692644 0.570631 0.618616 
0.433930 0.471177 0.526594 0.596417 0.497167 
0.407917 0.505709 0.535022 0.424484 0.447818 
0.607501 0.277776 0.533679 0.353161 0.417318 
0.493012 0.557353 0.625280 0.570783 0.568052 
0.543048 0.542810 0.537846 0.645070 0.562971 
0.634309 0.599764 0.594673 0.593082 0.380784 
0.487380 0.383870 0.507239 0.267837 0.502008 
0.696365 0.590770 0.650061 0.834103 0.618093 
0.574927 0.425169 0.472051 0.534313 0.236988 
0.391516 0.227952 0.136581 0.344812 0.132747 
0.731614 0.507826 0.733539 0.475021 0.498389 
0.579224 0.585068 0.485157 0.520875 0.527420 
0.450154 0.289020 0.502807 0.433621 0.245793 
0.704512 0.734027 0.714653 0.747103 0.707524 
0.546771 0.760594 0.456523 0.650355 0.630308 
0.520463 0.590358 0.539738 0.822481 0.362976 
0.480193 0.479253 0.644498 0.372480 0.649905 
0.223757 0.575380 0.347188 0.456599 0.490988 
0.513850 0.389893 0.355596 0.239676 0.286904 
0.703321 0.506406 0.685137 0.490345 0.515411 
0.224157 0.227258 0.303620 0.217061 0.250963 
0.466136 0.501876 0.463918 0.475960 0.581650 
0.773626 0.326079 0.680479 0.374947 0.505695 
0.320643 0.352068 0.461910 0.397645 0.427979 
0.207675 0.520829 0.290305 0.530235 0.592553 
0.392016 0.637460 0.486841 0.580251 0.396974 
0.460888 0.409217 0.647581 0.423908 0.654188 
0.617853 0.703784 0.596236 0.681631 0.526747 
0.484347 0.648624 0.626357 0.608362 0.747129 
0.564429 0.496011 0.495256 0.603125 0.692742 
0.374036 0.521622 0.462331 0.619768 0.382809 
0.574992 0.565215 0.636986 0.482822 0.523258 
0.448047 0.495945 0.458453 0.597260 0.447439 
0.662825 0.666372 0.728150 0.574195 0.648269 
0.209115 0.232378 0.239980 0.233629 0.335933 
0.495544 0.306125 0.420555 0.377653 0.301748 
0.185227 0.464772 0.458920 0.314284 0.654333 
0.322900 0.346247 0.403618 0.382256 0.352423 
0.327131 0.551532 0.345757 0.435482 0.585741 
0.583389 0.378149 0.341771 0.514776 0.196597 
0.539495 0.416568 0.406522 0.304657 0.408566 
0.655688 0.596120 0.541669 0.557346 0.718999 
0.385798 0.624561 0.511675 0.230567 0.773295 
0.435136 0.335174 0.354472 0.557063 0.536485 
0.745633 0.763675 0.722070 0.793691 0.605969 
0.318216 0.448072 0.376791 0.400320 0.586642 
0.749202 0.752700 0.687963 0.828469 0.766029 
0.266883 0.492599 0.370459 0.255791 0.375866 
0.365173 0.524044 0.430456 0.530869 0.493698 
0.559999 0.295457 0.417864 0.314104 0.301574 
0.599312 0.450765 0.444717 0.640780 0.618006 
0.627234 0.637346 0.741089 0.660618 0.586212 
0.581753 0.522653 0.645365 0.623236 0.724617 
0.520744 0.504231 0.474745 0.561830 0.498219 
0.482941 0.473428 0.408231 0.376042 0.498686 
0.495364 0.559882 0.657872 0.729896 0.644359 
0.766671 0.431648 0.705468 0.770038 0.592218 
0.510505 0.633116 0.577666 0.602234 0.443112 
0.130013 0.259488 0.233757 0.149980 0.248786 
0.711429 0.610330 0.420583 0.685860 0.519218 
0.155523 0.347770 0.253223 0.221810 0.179879 
0.505026 0.550257 0.496714 0.526565 0.541840 
0.552956 0.379491 0.537918 0.352077 0.689574 
0.478668 0.368838 0.574794 0.380745 0.387588 
0.489718 0.421699 0.396484 0.530441 0.438742 
0.271314 0.551224 0.188558 0.477889 0.400914 
0.474743 0.495829 0.340465 0.581406 0.471872 
0.385510 0.297551 0.291319 0.383756 0.237585 
0.579530 0.715124 0.344550 0.553650 0.573596 
0.613068 0.576443 0.715723 0.570161 0.668355 
0.321551 0.174203 0.313070 0.250027 0.317603 
0.597348 0.432595 0.496076 0.703292 0.627108 
0.703200 0.721205 0.787542 0.689302 0.785690 
0.473800 0.830735 0.471650 0.577929 0.607272 
0.625865 0.242313 0.702662 0.274334 0.682725 
0.634477 0.428571 0.711138 0.412118 0.633213 
0.490844 0.550534 0.452732 0.376298 0.436335 
0.326063 0.734815 0.667475 0.567730 0.612492 
0.574707 0.375976 0.572043 0.418711 0.473532 
0.326037 0.834689 0.576502 0.380315 0.620053 
0.189777 0.356038 0.178600 0.332873 0.451748 
0.331474 0.219323 0.347792 0.299396 0.273084 
0.547738 0.482778 0.372547 0.748542 0.440457 
0.624416 0.773331 0.727677 0.686453 0.748633 
0.634713 0.612698 0.607129 0.452060 0.562133 
0.546677 0.802657 0.549496 0.682894 0.770918 
0.644170 0.559854 0.489206 0.703238 0.327221 
0.687223 0.537471 0.621181 0.699702 0.615753 
0.350955 0.541293 0.349919 0.630046 0.437116 
0.761443 0.566104 0.601996 0.724872 0.568822 
0.361362 0.463545 0.374581 0.346703 0.302890 
0.348144 0.534008 0.486270 0.446211 0.627763 
0.705645 0.770955 0.741797 0.704545 0.813340 
0.446415 0.517983 0.323541 0.490653 0.480438 
0.438942 0.380404 0.500564 0.521660 0.254081 
0.326333 0.269267 0.399219 0.389458 0.353608 
0.624471 0.541492 0.623303 0.372981 0.251065 
0.077211 0.303500 0.240969 0.292145 0.311704 
0.296120 0.684305 0.377432 0.436637 0.701188 
0.266085 0.239782 0.125569 0.170773 0.243785 
0.558395 0.536828 0.466905 0.407606 0.459330 
0.493438 0.495451 0.514241 0.553671 0.561793 
0.438007 0.577420 0.340395 0.664944 0.357828 
0.425524 0.270038 0.448175 0.134076 0.345420 
0.547639 0.519561 0.549676 0.663294 0.485844 
0.631532 0.510871 0.502120 0.584942 0.467229 
0.050359 0.101550 0.093396 0.094793 0.103579 
0.312073 0.265932 0.543360 0.247320 0.361097 
0.167845 0.242431 0.232884 0.299706 0.273485 
0.557154 0.478324 0.599409 0.376012 0.378544 
0.444905 0.430909 0.626759 0.518414 0.427921 
0.667277 0.588985 0.678964 0.563570 0.550321 
0.547894 0.508141 0.352274 0.297633 0.540726 
0.504399 0.514287 0.397774 0.554613 0.236882 
0.533454 0.452939 0.404009 0.599919 0.619150 
0.486850 0.582363 0.454136 0.523393 0.722107 
0.268682 0.528794 0.202963 0.418018 0.493856 
0.440297 0.428662 0.517569 0.392037 0.405527 
0.495288 0.526562 0.532294 0.264947 0.508008 
0.428252 0.591871 0.613710 0.471569 0.589020 
0.515086 0.570334 0.372218 0.540484 0.421721 
0.662932 0.356372 0.604443 0.675743 0.488215 
0.673055 0.476180 0.462131 0.530959 0.219907 
0.659468 0.701009 0.709507 0.732609 0.804242 
0.211387 0.300995 0.344932 0.297379 0.374175 
0.548327 0.406900 0.618061 0.599560 0.542661 
0.476824 0.381952 0.349897 0.673019 0.446986 
0.583182 0.569623 0.348922 0.561855 0.385311 
0.402891 0.323708 0.321501 0.556881 0.398988 
0.770307 0.682188 0.617017 0.688956 0.656869 
0.370930 0.434990 0.441591 0.419830 0.497016 
0.611571 0.843348 0.478707 0.542446 0.662264 
0.462695 0.387933 0.580595 0.379371 0.848472 
0.622977 0.664228 0.724151 0.689777 0.578012 
0.645391 0.537601 0.465646 0.442990 0.392105 
0.587475 0.840408 0.443949 0.616420 0.444400 
0.399570 0.559700 0.481779 0.466275 0.533043 
0.635032 0.622590 0.737796 0.579086 0.882089 
0.465340 0.420297 0.413184 0.456944 0.343857 
0.700689 0.596891 0.531996 0.694802 0.565811 
0.655795 0.718355 0.618511 0.581500 0.612631 
0.536926 0.717503 0.446716 0.429672 0.596728 
0.333099 0.231316 0.260295 0.304235 0.207422 
0.586049 0.548739 0.538451 0.444387 0.565728 
0.805294 0.600239 0.748780 0.668611 0.730162 
0.658150 0.690935 0.630492 0.708800 0.562079 
0.400825 0.357631 0.351089 0.513008 0.421220 
0.503637 0.685502 0.565913 0.498839 0.691448 
0.580672 0.662449 0.577408 0.722990 0.634561 
0.311011 0.442342 0.314912 0.387053 0.450188 
0.607438 0.607991 0.691794 0.551030 0.705369 
0.390291 0.599300 0.557306 0.472609 0.795899 
0.482491 0.546909 0.430075 0.672731 0.305485 
0.548491 0.467404 0.422446 0.497201 0.348856 
0.595942 0.703483 0.551959 0.735079 0.573466 
0.292190 0.280341 0.261443 0.235432 0.366097 
0.656337 0.412338 0.728298 0.456672 0.344149 
0.645635 0.681656 0.645514 0.667986 0.776123 
0.290474 0.370588 0.427412 0.212217 0.471433 
0.150145 0.437287 0.261501 0.252103 0.220329 
0.469600 0.322248 0.519826 0.500393 0.346848 
0.546937 0.848665 0.577629 0.727824 0.810115 
0.320724 0.312062 0.303137 0.442582 0.347484 
0.503942 0.581794 0.636434 0.522718 0.728803 
0.463785 0.540802 0.594081 0.569318 0.671999 
0.705773 0.550914 0.639553 0.665339 0.525787 
0.609657 0.639761 0.776937 0.555056 0.736454 
0.344497 0.470593 0.518581 0.621472 0.514181 
0.490152 0.440023 0.336612 0.557805 0.352395 
0.732358 0.663838 0.673099 0.765420 0.570399 
0.592113 0.661278 0.580701 0.602168 0.608270 
0.640752 0.822720 0.808173 0.704206 0.741820 
0.575177 0.660108 0.696227 0.723768 0.796023 
0.657151 0.524869 0.705398 0.655633 0.695651 
0.565983 0.596805 0.434733 0.361175 0.384319 
0.431527 0.500403 0.349930 0.477101 0.391551 
0.701121 0.376769 0.681452 0.411226 0.416353 
0.319167 0.379114 0.368021 0.541445 0.436469 
0.435417 0.485232 0.231248 0.413809 0.438739 
0.842926 0.753800 0.888111 0.834444 0.833298 
0.257829 0.328856 0.144820 0.318361 0.162570 
0.479489 0.362642 0.556810 0.326619 0.557007 
0.591463 0.568008 0.663468 0.305434 0.631855 
0.266133 0.290512 0.329390 0.373586 0.351001 
0.567935 0.648069 0.801818 0.605810 0.783757 
0.489376 0.363031 0.413945 0.301135 0.437497 
0.338067 0.399979 0.320816 0.396722 0.224087 
0.729197 0.635696 0.518168 0.782726 0.421784 
0.419822 0.417741 0.420297 0.434743 0.482761 
0.537940 0.438618 0.572719 0.607523 0.402034 
0.550318 0.615814 0.539876 0.497151 0.647355 
0.500245 0.688697 0.604797 0.473405 0.731810 
0.394473 0.598357 0.478108 0.467081 0.548245 
0.537947 0.381584 0.520733 0.464946 0.560686 
0.266565 0.718485 0.415512 0.357159 0.412936 
0.291284 0.483749 0.302989 0.378683 0.240945 
0.388971 0.338564 0.395368 0.321028 0.304909 
0.577914 0.596339 0.789782 0.638322 0.720029 
0.758683 0.499437 0.482550 0.609707 0.258906 
0.417949 0.419150 0.339469 0.444292 0.396507 
0.478356 0.404344 0.514917 0.488760 0.448584 
0.371091 0.313823 0.528725 0.306213 0.621792 
0.506528 0.567193 0.647733 0.514143 0.685350 
0.426192 0.497736 0.532470 0.460148 0.503459 
0.196660 0.173774 0.246442 0.143269 0.170852 
0.373484 0.400763 0.409218 0.545059 0.491751 
0.346856 0.262225 0.411394 0.410353 0.185735 
0.468466 0.808915 0.299867 0.501402 0.516197 
0.358442 0.210059 0.401751 0.227570 0.266805 
0.347166 0.377735 0.564196 0.322955 0.678029 
0.699184 0.522925 0.576799 0.596114 0.594875 
0.301654 0.463890 0.375358 0.553893 0.630679 
0.726247 0.629874 0.768506 0.574684 0.717042 
0.198677 0.120656 0.207899 0.174607 0.119383 
0.537477 0.699476 0.611468 0.610462 0.708784 
0.398681 0.345119 0.372131 0.508444 0.325687 
0.406133 0.392055 0.534152 0.415018 0.522737 
0.577143 0.704710 0.813432 0.642779 0.899983 
0.605844 0.612852 0.667870 0.574981 0.695854 
0.343032 0.303938 0.195488 0.354260 0.182118 
0.407629 0.536618 0.539690 0.357928 0.503492 
0.543864 0.505334 0.592646 0.616545 0.486525 
0.399462 0.385417 0.525962 0.437450 0.501283 
0.332641 0.695476 0.368804 0.662120 0.604412 
0.506868 0.527622 0.465435 0.321903 0.388119 
0.656797 0.396172 0.578797 0.662120 0.356249 
0.559091 0.477194 0.387220 0.576594 0.253167 
0.357004 0.556344 0.664619 0.574527 0.608671 
0.730630 0.669367 0.740210 0.692466 0.694294 
0.605293 0.626325 0.792524 0.659117 0.875609 
0.577442 0.706044 0.609526 0.584912 0.737233 
0.515926 0.334172 0.738379 0.241980 0.537451 
0.300323 0.352618 0.409980 0.236163 0.376544 
0.623301 0.479835 0.424820 0.692298 0.458863 
0.622769 0.616696 0.564952 0.620047 0.503642 
0.660618 0.420132 0.712763 0.596741 0.520752 
0.520719 0.295098 0.718693 0.438397 0.491220 
0.542088 0.560165 0.628443 0.636286 0.374307 
0.747653 0.688685 0.702035 0.643269 0.629503 
0.680966 0.739708 0.710712 0.782084 0.714219 
0.358375 0.344602 0.333326 0.268567 0.486354 
0.706079 0.611646 0.726205 0.763962 0.654770 
0.405069 0.350421 0.480115 0.418538 0.583759 
0.586215 0.566701 0.473301 0.481522 0.715002 
0.558276 0.336370 0.566131 0.347632 0.295189 
0.536177 0.721181 0.684108 0.538051 0.660124 
0.506224 0.582878 0.386791 0.435486 0.547806 
0.678200 0.368805 0.524749 0.580397 0.508206 
0.669579 0.599562 0.488940 0.701172 0.464587 
0.347953 0.247347 0.237083 0.468124 0.321958 
0.282801 0.427950 0.293128 0.370352 0.293238 
0.538175 0.611564 0.624946 0.523093 0.644940 
0.618581 0.540118 0.381925 0.599930 0.564218 
0.483126 0.803970 0.503636 0.495265 0.493299 
0.546893 0.767719 0.581154 0.632810 0.606910 
0.409432 0.249524 0.370444 0.582937 0.260407 
0.143054 0.208585 0.235810 0.205328 0.276414 
0.653656 0.510961 0.582197 0.661816 0.457445 
0.309890 0.295719 0.334941 0.291280 0.443212 
0.580637 0.483114 0.704823 0.564443 0.516292 
0.320019 0.384255 0.445538 0.481606 0.307558 
0.364132 0.335565 0.452257 0.499531 0.513988 
0.436262 0.538099 0.388447 0.463684 0.416826 
0.368824 0.449447 0.435121 0.373683 0.625938 
0.800794 0.606550 0.799567 0.696356 0.728441 
0.610935 0.456026 0.649010 0.403111 0.688088 
0.419402 0.612362 0.421193 0.287794 0.664766 
0.200247 0.260722 0.370254 0.232525 0.438712 
0.359439 0.499462 0.265392 0.651249 0.475263 
0.652990 0.716334 0.564580 0.584307 0.616665 
0.586390 0.567031 0.613324 0.767043 0.462741 
0.629716 0.528727 0.526994 0.341043 0.496975 
0.651922 0.514346 0.620859 0.552236 0.561930 
0.496095 0.343273 0.356433 0.373547 0.376258 
0.518787 0.369779 0.421645 0.458514 0.580841 
0.457206 0.404182 0.314002 0.328471 0.350148 
0.601148 0.605373 0.402499 0.643514 0.391457 
0.690646 0.481462 0.758997 0.696241 0.715063 
0.110343 0.133120 0.130634 0.151825 0.175646 
0.570634 0.522524 0.502382 0.424425 0.624792 
0.581256 0.632778 0.728253 0.643804 0.623383 
0.570171 0.367385 0.508233 0.261146 0.468893 
0.746954 0.351940 0.466009 0.739783 0.289760 
0.659600 0.500392 0.780810 0.564943 0.683954 
0.313833 0.320998 0.260051 0.409509 0.315934 
0.547588 0.311291 0.588792 0.638176 0.320098 
0.492830 0.597619 0.427133 0.453188 0.339440 
0.475045 0.392940 0.324217 0.367375 0.384697 
0.394990 0.468401 0.270550 0.429565 0.348665 
0.450998 0.585910 0.373074 0.740566 0.629152 
0.628717 0.618933 0.705556 0.531434 0.685592 
0.439275 0.256328 0.261603 0.385260 0.506220 
0.618770 0.520544 0.591527 0.321587 0.604022 
0.164993 0.246511 0.248304 0.200958 0.239203 
0.820273 0.554306 0.757612 0.780085 0.703150 
0.804194 0.451059 0.627451 0.695664 0.501198 
0.814156 0.763120 0.771357 0.636824 0.784085 
0.694626 0.468407 0.194021 0.535959 0.378444 
0.726346 0.676511 0.805594 0.665422 0.790361 
0.498241 0.583615 0.318890 0.630237 0.362389 
0.411931 0.310540 0.354558 0.342927 0.400154 
0.698918 0.624600 0.707589 0.695988 0.721045 
0.644669 0.560067 0.703762 0.592761 0.474410 
0.581945 0.607113 0.495095 0.759671 0.561603 
0.573727 0.461876 0.469067 0.504605 0.447271 
0.539323 0.472135 0.396314 0.328996 0.576214 
0.415753 0.426519 0.561363 0.278271 0.606953 
0.655776 0.073392 0.708153 0.310115 0.504399 
0.701157 0.556145 0.488171 0.581202 0.499104 
0.427099 0.393657 0.389005 0.395156 0.313642 
0.654281 0.514868 0.521921 0.622327 0.674976 
0.429083 0.552373 0.317562 0.412786 0.500361 
0.386968 0.486938 0.390557 0.598271 0.468663 
0.713971 0.785527 0.809799 0.738020 0.790055 
0.681915 0.558775 0.696884 0.550962 0.647655 
0.514540 0.695717 0.457845 0.623912 0.705713 
0.595321 0.659411 0.562509 0.584319 0.503071 
0.556803 0.390918 0.451026 0.388374 0.637125 
0.707657 0.565109 0.664020 0.692055 0.528465 
0.558380 0.491578 0.390366 0.445905 0.407844 
0.624066 0.263050 0.504565 0.571584 0.161105 
0.725843 0.576319 0.557060 0.631391 0.622238 
0.548883 0.615694 0.354405 0.808258 0.353861 
0.516360 0.313918 0.276986 0.491535 0.292759 
0.442711 0.463104 0.412327 0.400656 0.406730 
0.500665 0.355633 0.587263 0.674743 0.420981 
0.368621 0.574812 0.461975 0.642563 0.637522 
0.545261 0.351738 0.508462 0.383570 0.540975 
0.304857 0.182169 0.285107 0.267160 0.265013 
0.391976 0.854030 0.230907 0.632118 0.741620 
0.552267 0.453098 0.650129 0.596719 0.533740 
0.580377 0.632579 0.722443 0.631709 0.661057 
0.561997 0.658030 0.590039 0.464270 0.595489 
0.453692 0.519824 0.366058 0.594616 0.519436 
0.671406 0.635255 0.714799 0.591248 0.788730 
0.263404 0.253435 0.241190 0.409934 0.249132 
0.440807 0.480570 0.353799 0.489784 0.406743 
0.413290 0.528785 0.607997 0.405474 0.416886 
0.494538 0.333864 0.313174 0.657241 0.239248 
0.461681 0.473149 0.726748 0.416440 0.497925 
0.614353 0.773290 0.638497 0.596383 0.736240 
0.445150 0.560776 0.470569 0.312325 0.365670 
0.240204 0.559286 0.352755 0.540514 0.554141 
0.453958 0.259578 0.503528 0.487142 0.254427 
0.344683 0.274082 0.391359 0.336795 0.353581 
0.619765 0.641019 0.498138 0.598227 0.448807 
0.803470 0.753109 0.778062 0.693390 0.774954 
0.477214 0.436808 0.321790 0.549661 0.336834 
0.631192 0.722279 0.634390 0.892936 0.634045 
0.510944 0.454582 0.489420 0.354733 0.547686 
0.417587 0.587814 0.601364 0.633780 0.531374 
0.440295 0.388144 0.495825 0.328847 0.516248 
0.232681 0.719008 0.334504 0.576524 0.792036 
0.734370 0.604414 0.598284 0.751839 0.692104 
0.290798 0.271595 0.323662 0.245121 0.350989 
0.481734 0.527975 0.608661 0.571847 0.577555 
0.500058 0.484933 0.590768 0.507782 0.459643 
0.718156 0.674845 0.706309 0.645551 0.642709 
0.308631 0.397478 0.428480 0.207677 0.438548 
0.438777 0.545326 0.593356 0.722200 0.668908 
0.592370 0.688149 0.465511 0.512745 0.464773 
0.571647 0.559369 0.628096 0.553256 0.672136 
0.615917 0.466393 0.409406 0.581935 0.252249 
0.700006 0.637547 0.589579 0.662686 0.758025 
0.342932 0.554326 0.371925 0.594177 0.446324 
0.540451 0.322221 0.316386 0.450235 0.458255 
0.279558 0.265491 0.307031 0.246025 0.286631 
0.654031 0.416490 0.408039 0.461812 0.343210 
0.453852 0.610855 0.397421 0.535875 0.482538 
0.383866 0.252682 0.379695 0.391355 0.396295 
0.616160 0.551323 0.566466 0.583371 0.404975 
0.546106 0.697436 0.481128 0.533821 0.632090 
0.454310 0.614665 0.416379 0.428735 0.665706 
0.389449 0.563493 0.393570 0.424191 0.520575 
0.384449 0.650713 0.600546 0.610218 0.491862 
0.313757 0.727285 0.233929 0.508838 0.761417 
0.452494 0.320855 0.496998 0.395429 0.399827 
0.570191 0.664118 0.654004 0.557505 0.783461 
0.353699 0.620466 0.369024 0.458588 0.484748 
0.745978 0.731271 0.725699 0.716099 0.658535 
0.394633 0.463969 0.636925 0.452258 0.708990 
0.566339 0.573725 0.567908 0.686625 0.634153 
0.614849 0.674056 0.628758 0.676721 0.808174 
0.576941 0.512947 0.541725 0.624584 0.369584 
0.451688 0.659481 0.416832 0.777991 0.648151 
0.483088 0.507422 0.561656 0.531404 0.610880 
0.726350 0.676220 0.753380 0.787596 0.694486 
0.606220 0.544624 0.733155 0.628059 0.607339 
0.845605 0.407949 0.682876 0.539589 0.604718 
0.237600 0.349571 0.281833 0.387725 0.534835 
0.309625 0.174704 0.259418 0.234257 0.254394 
0.416207 0.677390 0.321938 0.532916 0.491170 
0.679757 0.828133 0.734972 0.618935 0.795988 
