2000 5
0.567984 0.459546 0.248597 0.825008 0.633210 
0.415989 0.460486 0.053252 0.814627 0.719031 
0.394847 0.371771 0.007570 0.535094 0.701225 
0.158120 0.458769 0.788405 0.740837 0.269723 
0.189912 0.466345 0.374077 0.436989 0.644654 
0.911108 0.487813 0.275421 0.739687 0.055173 
0.447383 0.564219 0.488156 0.214115 0.869602 
0.919283 0.617777 0.147276 0.780805 0.356560 
0.176569 0.670965 0.421741 0.478800 0.892654 
0.499242 0.810645 0.834856 0.293263 0.118307 
0.605414 0.203974 0.655000 0.746227 0.203314 
0.428870 0.726161 0.630171 0.826340 0.054112 
0.138919 0.914205 0.004056 0.402241 0.835875 
0.621839 0.221736 0.514402 0.561141 0.248505 
0.628316 0.138020 0.982575 0.390427 0.212504 
0.653237 0.363617 0.782099 0.563934 0.621211 
0.207690 0.918359 0.181696 0.401443 0.922892 
0.527000 0.298383 0.287053 0.803617 0.286057 
0.970774 0.027412 0.982204 0.300119 0.196332 
0.398720 0.538589 0.457415 0.614037 0.557028 
0.986974 0.421352 0.318335 0.752467 0.040760 
0.742782 0.950066 0.209021 0.156696 0.401592 
0.417885 0.034844 0.426916 0.768413 0.660591 
0.519830 0.456833 0.612648 0.019132 0.730076 
0.649550 0.640241 0.395709 0.674840 0.699849 
0.417502 0.740240 0.431924 0.731183 0.389608 
0.583957 0.641629 0.614938 0.227278 0.555012 
0.232428 0.305582 0.500348 0.337045 0.848552 
0.263079 0.847121 0.480368 0.566156 0.395314 
0.474292 0.401426 0.785228 0.676810 0.170511 
0.490390 0.426734 0.375636 0.665288 0.388722 
0.470709 0.423173 0.459456 0.432036 0.876917 
0.396407 0.711403 0.609593 0.568247 0.441836 
0.674187 0.462597 0.284777 0.452549 0.555150 
0.259441 0.625740 0.345919 0.537855 0.574318 
0.472282 0.314545 0.279067 0.605982 0.681261 
0.552213 0.190540 0.128444 0.850922 0.889748 
0.257737 0.778370 0.558225 0.178366 0.759388 
0.657017 0.582384 0.162950 0.492961 0.421526 
0.692598 0.353960 0.130458 0.924233 0.135340 
0.292802 0.312223 0.847887 0.047320 0.771151 
0.339870 0.849567 0.536590 0.142470 0.718028 
0.795635 0.322102 0.685225 0.798453 0.251913 
0.845880 0.665844 0.460466 0.356014 0.305851 
0.487581 0.808256 0.296587 0.211396 0.750782 
0.155802 0.597836 0.370421 0.653750 0.509882 
0.575108 0.461284 0.527282 0.723780 0.424726 
0.218987 0.946356 0.081050 0.531227 0.346988 
0.022033 0.711284 0.723205 0.553211 0.313866 
0.940302 0.015279 0.896485 0.159315 0.674936 
0.861073 0.195874 0.508892 0.826750 0.077269 
0.057833 0.937970 0.780459 0.042687 0.778047 
0.553699 0.688727 0.138347 0.591244 0.699616 
0.567333 0.593923 0.390511 0.589663 0.222713 
0.404128 0.185201 0.449990 0.266831 0.878089 
0.051901 0.656504 0.267777 0.826497 0.605864 
0.516672 0.147119 0.651112 0.144404 0.679957 
0.008502 0.464690 0.597609 0.867871 0.496398 
0.040918 0.062730 0.939460 0.375517 0.985219 
0.153966 0.567102 0.457590 0.729345 0.232000 
0.761237 0.933363 0.107874 0.857878 0.111531 
0.933971 0.319364 0.714003 0.246645 0.388824 
0.568447 0.323088 0.550315 0.273724 0.640713 
0.683158 0.087132 0.782182 0.482174 0.431788 
0.990243 0.880087 0.126081 0.553461 0.139853 
0.240156 0.938183 0.172269 0.260226 0.737351 
0.598493 0.200448 0.875502 0.498544 0.235746 
0.373574 0.740635 0.246403 0.932018 0.363257 
0.497215 0.768819 0.009311 0.640108 0.540053 
0.361123 0.740168 0.679854 0.296626 0.349279 
0.405067 0.910068 0.179470 0.092121 0.877371 
0.704754 0.394043 0.446285 0.919107 0.021167 
0.413955 0.844958 0.450616 0.284160 0.447633 
0.915714 0.165178 0.176673 0.447016 0.913553 
0.026977 0.686519 0.581510 0.241297 0.553717 
0.567896 0.707476 0.126409 0.514577 0.818509 
0.833313 0.245803 0.037381 0.665070 0.490657 
0.492099 0.651318 0.608072 0.053186 0.845296 
0.709472 0.284086 0.939746 0.253820 0.602270 
0.193646 0.741489 0.112616 0.646227 0.198645 
0.304195 0.594025 0.787704 0.176541 0.520399 
0.969910 0.830536 0.313272 0.034782 0.584024 
0.727494 0.659854 0.381806 0.025809 0.307005 
0.644277 0.200729 0.842957 0.576006 0.295529 
0.934236 0.339834 0.064216 0.352087 0.717156 
0.044336 0.898415 0.430756 0.419556 0.999228 
0.435628 0.308595 0.696828 0.394473 0.936383 
0.546752 0.729539 0.743406 0.440896 0.367010 
0.311018 0.137823 0.936512 0.218337 0.792675 
0.410641 0.354979 0.296489 0.223519 0.935770 
0.410582 0.544539 0.120733 0.235180 0.928768 
0.357627 0.479278 0.998031 0.612402 0.008086 
0.165339 0.585417 0.576226 0.523695 0.590300 
0.489140 0.694474 0.254691 0.844793 0.416252 
0.085190 0.556354 0.295953 0.908774 0.463116 
0.180551 0.741080 0.362075 0.615909 0.767344 
0.186241 0.647664 0.704029 0.717602 0.076180 
0.295955 0.679434 0.797510 0.184698 0.988138 
0.330695 0.689022 0.087040 0.631547 0.801902 
0.219992 0.659427 0.932933 0.499458 0.084570 
0.363709 0.588582 0.466107 0.305459 0.650803 
0.863984 0.466622 0.273836 0.583735 0.441324 
0.890875 0.142865 0.437335 0.988905 0.085266 
0.760502 0.137863 0.429208 0.472649 0.350878 
0.455339 0.521369 0.418253 0.966263 0.683992 
0.667881 0.199809 0.101844 0.800179 0.370726 
0.940797 0.367759 0.290911 0.814531 0.027907 
0.605745 0.631214 0.714528 0.222445 0.758025 
0.601717 0.801035 0.290554 0.415451 0.543231 
0.392850 0.695382 0.228858 0.492435 0.294884 
0.266215 0.102080 0.847315 0.894007 0.525833 
0.154136 0.386922 0.648203 0.337696 0.883538 
0.531303 0.450780 0.852922 0.560223 0.377067 
0.804320 0.047960 0.275216 0.544650 0.653691 
0.096552 0.841000 0.382759 0.634333 0.443038 
0.199153 0.568798 0.731818 0.803480 0.161815 
0.493624 0.430774 0.753626 0.021014 0.442642 
0.669167 0.353728 0.371912 0.592524 0.860954 
0.863721 0.570149 0.278642 0.358286 0.207022 
0.730693 0.032554 0.694324 0.476024 0.670310 
0.231866 0.586473 0.736418 0.592887 0.056361 
0.914658 0.520337 0.270560 0.232116 0.739349 
0.808236 0.679184 0.610547 0.453967 0.008900 
0.451243 0.473327 0.500440 0.283023 0.683521 
0.401478 0.654275 0.572102 0.083824 0.656013 
0.863185 0.745346 0.011306 0.571633 0.243054 
0.549356 0.014114 0.409572 0.682354 0.673255 
0.135785 0.830059 0.698432 0.451857 0.325443 
0.663500 0.534574 0.436849 0.683329 0.271713 
0.545721 0.094731 0.611173 0.596222 0.960391 
0.743102 0.648614 0.391092 0.318876 0.032068 
0.044013 0.564770 0.524194 0.752764 0.676083 
0.131075 0.940384 0.048759 0.605987 0.581131 
0.424007 0.010100 0.599140 0.955901 0.677573 
0.512718 0.224390 0.397849 0.837130 0.641535 
0.989265 0.332085 0.360535 0.611827 0.384482 
0.850102 0.305869 0.569551 0.347437 0.700487 
0.514787 0.609772 0.864336 0.308401 0.163956 
0.090039 0.766340 0.549568 0.093982 0.822519 
0.356017 0.602662 0.208918 0.796948 0.328415 
0.148783 0.863641 0.655190 0.314093 0.449098 
0.232871 0.491991 0.960712 0.500487 0.132511 
0.049675 0.506112 0.478657 0.895619 0.644960 
0.670077 0.159671 0.746454 0.098428 0.400911 
0.507326 0.150610 0.866499 0.856105 0.397514 
0.436917 0.609341 0.163175 0.423630 0.911997 
0.020915 0.831570 0.176636 0.437778 0.903403 
0.544921 0.513115 0.449837 0.172829 0.782905 
0.202487 0.510342 0.734393 0.621276 0.300789 
0.252912 0.404087 0.865442 0.632253 0.428590 
0.723857 0.596370 0.141026 0.864353 0.147062 
0.032956 0.573184 0.753134 0.805897 0.735346 
0.574993 0.756121 0.165397 0.449318 0.156198 
0.364521 0.139455 0.724361 0.470636 0.601617 
0.093376 0.579351 0.626598 0.440006 0.713681 
0.505104 0.449815 0.566396 0.838055 0.613084 
0.554304 0.955497 0.496199 0.041450 0.616158 
0.259207 0.913158 0.273593 0.396168 0.727567 
0.568446 0.204096 0.684326 0.384181 0.662165 
0.593605 0.240129 0.298262 0.394073 0.735969 
0.046535 0.112765 0.562382 0.996296 0.395826 
0.947435 0.709689 0.196232 0.975531 0.125264 
0.493356 0.394233 0.429455 0.947068 0.229294 
0.681325 0.324718 0.777830 0.717621 0.291962 
0.789491 0.585206 0.126972 0.616866 0.618252 
0.601197 0.813369 0.019991 0.462950 0.327338 
0.134576 0.493350 0.698961 0.406339 0.438123 
0.311799 0.360602 0.500966 0.706430 0.450586 
0.612008 0.314662 0.455597 0.767323 0.830517 
0.772217 0.781178 0.541614 0.562864 0.099773 
0.148905 0.075835 0.485619 0.846324 0.897482 
0.622058 0.882988 0.002251 0.959185 0.451401 
0.401583 0.613439 0.278476 0.262600 0.840653 
0.274193 0.325735 0.333320 0.961497 0.784390 
0.378185 0.249712 0.193166 0.809521 0.620434 
0.521833 0.766233 0.510892 0.369084 0.544481 
0.049287 0.779388 0.390902 0.140045 0.962938 
0.876023 0.454798 0.015756 0.287744 0.403287 
0.617422 0.703770 0.199101 0.468236 0.408087 
0.344049 0.423156 0.908497 0.147501 0.767683 
0.640454 0.408509 0.789288 0.458838 0.286694 
0.478582 0.057593 0.714589 0.317849 0.634807 
0.601366 0.670833 0.404526 0.156037 0.881241 
0.838667 0.343107 0.575153 0.234393 0.548696 
0.422607 0.539509 0.676132 0.492181 0.380778 
0.450352 0.822808 0.044453 0.330289 0.660247 
0.558470 0.493763 0.537835 0.716847 0.483341 
0.717642 0.078585 0.972930 0.584858 0.657279 
0.888969 0.399609 0.784466 0.292564 0.124752 
0.978100 0.401166 0.333982 0.748276 0.419632 
0.848736 0.445302 0.223881 0.666189 0.169683 
0.631075 0.013422 0.905069 0.008872 0.806750 
0.522555 0.512241 0.832137 0.722830 0.029215 
0.897611 0.251933 0.853435 0.080995 0.707282 
0.618158 0.251217 0.670108 0.376986 0.350530 
0.948327 0.352686 0.009247 0.562279 0.408171 
0.613037 0.146556 0.768833 0.378273 0.636741 
0.353435 0.570542 0.385495 0.691914 0.285015 
0.639036 0.669525 0.136755 0.314323 0.573885 
0.915334 0.386688 0.268590 0.603007 0.602926 
0.208235 0.905075 0.012523 0.645387 0.767156 
0.178897 0.222232 0.991161 0.201269 0.706310 
0.692016 0.819830 0.190005 0.640762 0.206611 
0.918027 0.499146 0.275670 0.758684 0.250589 
0.631779 0.480592 0.789524 0.233814 0.190316 
0.640961 0.322578 0.031313 0.932235 0.178959 
0.581979 0.736675 0.269520 0.373738 0.902966 
0.201567 0.054450 0.637812 0.879998 0.900513 
0.402905 0.729794 0.268562 0.744862 0.431091 
0.012018 0.150756 0.513514 0.999934 0.635467 
0.996442 0.246359 0.099845 0.806475 0.524445 
0.333876 0.673567 0.683657 0.270322 0.634324 
0.767079 0.569295 0.348165 0.058148 0.914040 
0.346659 0.814513 0.746134 0.139089 0.849749 
0.910854 0.089464 0.480174 0.091095 0.785729 
0.564851 0.354624 0.686099 0.363975 0.510876 
0.570727 0.027652 0.849479 0.033769 0.990390 
0.503543 0.610345 0.566377 0.652173 0.197287 
0.833953 0.017308 0.557856 0.135014 0.846542 
0.812896 0.495191 0.210836 0.963079 0.285857 
0.437793 0.657972 0.375819 0.407441 0.615091 
0.783066 0.615539 0.350500 0.160202 0.607792 
0.819193 0.065586 0.534711 0.959958 0.315203 
0.591151 0.125971 0.174344 0.617784 0.907487 
0.816744 0.211412 0.515111 0.403437 0.802503 
0.744780 0.774983 0.489182 0.067034 0.319395 
0.870164 0.027383 0.645319 0.827878 0.123026 
0.075784 0.460690 0.450468 0.881610 0.494319 
0.650191 0.043599 0.968915 0.495766 0.354299 
0.399929 0.887566 0.118082 0.266418 0.727121 
0.930369 0.485904 0.304678 0.692663 0.217079 
0.189949 0.467899 0.897292 0.651597 0.473869 
0.679173 0.722943 0.228939 0.745391 0.263991 
0.813770 0.175631 0.558016 0.564467 0.837821 
0.861131 0.894861 0.043496 0.588827 0.183608 
0.121497 0.779047 0.815264 0.578592 0.206504 
0.748123 0.536166 0.083212 0.500584 0.574913 
0.474662 0.502856 0.639951 0.313963 0.664201 
0.781116 0.354727 0.245632 0.418405 0.444199 
0.908863 0.251426 0.853891 0.156653 0.289462 
0.160793 0.482499 0.089718 0.558785 0.757857 
0.130682 0.355830 0.908442 0.316120 0.755577 
0.507624 0.465191 0.356626 0.681262 0.581010 
0.489589 0.757796 0.460853 0.415796 0.249813 
0.741386 0.547414 0.659157 0.546366 0.300839 
0.898414 0.262317 0.355750 0.431642 0.678687 
0.511779 0.476270 0.206422 0.756410 0.654084 
0.562784 0.428567 0.272980 0.599567 0.881133 
0.814342 0.654601 0.342720 0.371263 0.264444 
0.468029 0.448721 0.516163 0.176080 0.781565 
0.523328 0.601081 0.722530 0.994368 0.115526 
0.671790 0.526252 0.222634 0.546110 0.754201 
0.371721 0.350978 0.220628 0.791443 0.764001 
0.678136 0.304279 0.230094 0.567712 0.609791 
0.911958 0.667732 0.180009 0.685929 0.238215 
0.764038 0.346840 0.223842 0.581788 0.263284 
0.661023 0.712833 0.011218 0.649430 0.525830 
0.089357 0.316348 0.311223 0.876038 0.956938 
0.868949 0.384217 0.630508 0.628819 0.160460 
0.936176 0.539940 0.316673 0.577735 0.661608 
0.974307 0.342128 0.442526 0.232308 0.427888 
0.250157 0.258326 0.562879 0.529355 0.406135 
0.341773 0.665585 0.451873 0.722015 0.707034 
0.743579 0.271494 0.440773 0.565067 0.455293 
0.134330 0.642049 0.278262 0.807133 0.614764 
0.408721 0.916742 0.318679 0.108274 0.901414 
0.296743 0.353222 0.252246 0.848952 0.193310 
0.657573 0.685300 0.156126 0.890940 0.166566 
0.395472 0.835437 0.447439 0.604449 0.647659 
0.689249 0.561812 0.236130 0.482755 0.151878 
0.046222 0.864994 0.003067 0.754284 0.943371 
0.278565 0.206983 0.393869 0.995875 0.429384 
0.167653 0.152171 0.804290 0.974158 0.524232 
0.310239 0.157268 0.840261 0.670457 0.730257 
0.289840 0.803284 0.178936 0.975012 0.412180 
0.458339 0.929287 0.174396 0.243651 0.458624 
0.818481 0.478127 0.063477 0.518783 0.603805 
0.041101 0.830136 0.305919 0.674010 0.936604 
0.490539 0.667003 0.097555 0.887892 0.595029 
0.193236 0.410091 0.994434 0.154778 0.688661 
0.593918 0.633183 0.499260 0.347075 0.161133 
0.057034 0.898181 0.273793 0.571501 0.650259 
0.441959 0.358402 0.740352 0.628054 0.444863 
0.938277 0.260832 0.453011 0.564565 0.394880 
0.167287 0.948550 0.187640 0.223476 0.888309 
0.829200 0.522535 0.205226 0.790972 0.414109 
0.201327 0.413846 0.553292 0.443427 0.526712 
0.611248 0.255746 0.737646 0.034159 0.896662 
0.406328 0.914217 0.735693 0.400112 0.092773 
0.628316 0.091928 0.215508 0.896563 0.239819 
0.712712 0.841288 0.228944 0.615333 0.185121 
0.138103 0.849971 0.341382 0.656905 0.098413 
0.058727 0.703552 0.665587 0.227957 0.655434 
0.281770 0.965884 0.445242 0.897754 0.000645 
0.391890 0.932041 0.461700 0.778230 0.082948 
0.469139 0.292728 0.385734 0.517467 0.922689 
0.114904 0.953953 0.307044 0.857025 0.440844 
0.332787 0.894670 0.810067 0.240791 0.378217 
0.668186 0.233796 0.917123 0.118037 0.336819 
0.841471 0.469941 0.776886 0.252708 0.231683 
0.545681 0.392005 0.728225 0.927617 0.120563 
0.439607 0.090965 0.421967 0.629897 0.766502 
0.370407 0.354068 0.704780 0.462977 0.421173 
0.283964 0.723615 0.133599 0.702451 0.745326 
0.493273 0.561545 0.437674 0.536923 0.557099 
0.401837 0.306710 0.474507 0.344836 0.911498 
0.498728 0.449184 0.580601 0.235159 0.674021 
0.032534 0.767636 0.057729 0.171356 0.813604 
0.134691 0.234479 0.397441 0.606346 0.828661 
0.594383 0.382045 0.193688 0.673711 0.664782 
0.773135 0.452845 0.369567 0.672272 0.226827 
0.940858 0.667536 0.151779 0.392111 0.322846 
0.634972 0.985032 0.374749 0.329489 0.662771 
0.424385 0.755300 0.842430 0.374996 0.249265 
0.528260 0.247285 0.956010 0.158730 0.995382 
0.418528 0.710628 0.727848 0.542338 0.217462 
0.633790 0.864051 0.265489 0.385845 0.683735 
0.886850 0.637136 0.402215 0.539664 0.316967 
0.402788 0.660361 0.938958 0.623586 0.343008 
0.282456 0.304061 0.519461 0.428844 0.579066 
0.556541 0.308939 0.621366 0.232122 0.756942 
0.178407 0.722345 0.375407 0.408484 0.705622 
0.342646 0.410969 0.523955 0.737868 0.647698 
0.211346 0.591645 0.617965 0.216687 0.987679 
0.217987 0.270582 0.308436 0.909648 0.440151 
0.859465 0.675662 0.043810 0.681777 0.228937 
0.299164 0.720105 0.396294 0.236967 0.840367 
0.627840 0.520319 0.338159 0.218714 0.318616 
0.118390 0.675092 0.571597 0.661021 0.056347 
0.564541 0.465975 0.830713 0.145396 0.499665 
0.661610 0.583830 0.844518 0.450073 0.186725 
0.166922 0.471690 0.583355 0.877209 0.342137 
0.733639 0.900892 0.067458 0.873016 0.242919 
0.632774 0.153488 0.339695 0.762317 0.815401 
0.251610 0.613006 0.706492 0.847860 0.068841 
0.942814 0.559390 0.437081 0.297898 0.663539 
0.558008 0.390618 0.494110 0.431729 0.536801 
0.593371 0.461129 0.296373 0.445684 0.270410 
0.249318 0.565666 0.214999 0.601130 0.741545 
0.872312 0.049200 0.624839 0.729664 0.115687 
0.457656 0.514195 0.441524 0.543226 0.564641 
0.707381 0.807407 0.310885 0.604453 0.086778 
0.847947 0.088811 0.492501 0.781197 0.374506 
0.280109 0.743279 0.485610 0.050435 0.701545 
0.638405 0.977069 0.205100 0.519297 0.447372 
0.019573 0.904851 0.618671 0.390518 0.539619 
0.904048 0.243998 0.635236 0.440452 0.452538 
0.571333 0.132244 0.475028 0.645031 0.396749 
0.282470 0.884070 0.533592 0.334847 0.566003 
0.264664 0.527924 0.728904 0.055821 0.820914 
0.463579 0.665350 0.141956 0.461615 0.395289 
0.839808 0.651193 0.049878 0.167970 0.335661 
0.528921 0.039645 0.890912 0.329943 0.645312 
0.790847 0.183768 0.414395 0.199176 0.865310 
0.518766 0.069650 0.581299 0.815796 0.561528 
0.662444 0.189650 0.611578 0.388551 0.727107 
0.592477 0.625439 0.701864 0.219133 0.472868 
0.793502 0.658917 0.324693 0.355093 0.525515 
0.198318 0.596887 0.281244 0.568429 0.245705 
0.396324 0.350494 0.400747 0.987266 0.409091 
0.501429 0.345100 0.596602 0.209832 0.718931 
0.191406 0.292483 0.668190 0.904179 0.426584 
0.152221 0.129399 0.565566 0.982330 0.855017 
0.729497 0.412589 0.538307 0.572863 0.165733 
0.581524 0.646963 0.320648 0.167799 0.305848 
0.638585 0.338827 0.929563 0.299645 0.286834 
0.336500 0.768336 0.201910 0.736597 0.292868 
0.156197 0.964756 0.864619 0.363963 0.349454 
0.870513 0.552998 0.209310 0.401303 0.418573 
0.071458 0.320133 0.538364 0.533122 0.605367 
0.240828 0.167171 0.619936 0.553099 0.655528 
0.364408 0.704737 0.276861 0.306653 0.544292 
0.844804 0.620775 0.049684 0.770452 0.489977 
0.958286 0.202795 0.667939 0.786210 0.103829 
0.964886 0.355726 0.360705 0.590239 0.245817 
0.005900 0.499605 0.569102 0.406404 0.574032 
0.645835 0.722661 0.497520 0.501947 0.324626 
0.147235 0.538955 0.984099 0.349663 0.785293 
0.102630 0.399021 0.580439 0.598622 0.620153 
0.186743 0.531196 0.265347 0.687364 0.786395 
0.765398 0.280094 0.262373 0.561582 0.766027 
0.546018 0.386214 0.875082 0.657820 0.351391 
0.308110 0.948421 0.970641 0.213376 0.590627 
0.980567 0.120422 0.821444 0.226266 0.759395 
0.784244 0.313935 0.653278 0.037037 0.803441 
0.563602 0.604905 0.680251 0.649593 0.264433 
0.168639 0.881363 0.306682 0.624535 0.532102 
0.409864 0.938659 0.426467 0.811377 0.205243 
0.824735 0.141822 0.616074 0.703990 0.090589 
0.306520 0.421538 0.632228 0.864402 0.685010 
0.081153 0.994919 0.629125 0.341989 0.246477 
0.259629 0.771412 0.960674 0.602737 0.359610 
0.225239 0.593286 0.530879 0.532072 0.681588 
0.446842 0.643569 0.791845 0.229510 0.814568 
0.506279 0.689504 0.840886 0.910200 0.078089 
0.358049 0.651809 0.347451 0.368234 0.701630 
0.489056 0.435876 0.142909 0.581798 0.854261 
0.749658 0.548319 0.122080 0.211160 0.921696 
0.521464 0.894890 0.353309 0.718428 0.469379 
0.887275 0.443553 0.526906 0.275388 0.343797 
0.274163 0.998366 0.638859 0.355606 0.466915 
0.488045 0.863202 0.940580 0.596447 0.000596 
0.727073 0.253251 0.858971 0.074674 0.516720 
0.561533 0.804293 0.486120 0.434195 0.265526 
0.038553 0.837133 0.694663 0.281317 0.805116 
0.432887 0.530209 0.387872 0.616865 0.348299 
0.304840 0.279214 0.445866 0.453299 0.685227 
0.127188 0.851378 0.143979 0.694058 0.282999 
0.434369 0.656714 0.664138 0.085248 0.803349 
0.717101 0.803482 0.120362 0.115702 0.698539 
0.525766 0.143371 0.535805 0.601356 0.355942 
0.224172 0.476963 0.577763 0.488048 0.513987 
0.525679 0.238226 0.481256 0.426716 0.702167 
0.316493 0.659549 0.753017 0.315879 0.482010 
0.753324 0.213178 0.663618 0.189809 0.273991 
0.424968 0.746003 0.686418 0.169778 0.754562 
0.950271 0.077838 0.425983 0.373722 0.446022 
0.491790 0.499898 0.425672 0.860203 0.342874 
0.253833 0.712674 0.183963 0.207131 0.905860 
0.937250 0.539827 0.831732 0.465123 0.206100 
0.798288 0.896639 0.104811 0.573959 0.046328 
0.030498 0.701306 0.252156 0.978175 0.577632 
0.610365 0.441778 0.655636 0.350983 0.615833 
0.179997 0.796524 0.933731 0.320384 0.374740 
0.362706 0.717413 0.351253 0.029141 0.818193 
0.003952 0.692733 0.170121 0.850555 0.515859 
0.338140 0.450022 0.774351 0.682479 0.239423 
0.608271 0.556909 0.086425 0.858712 0.519654 
0.009080 0.748018 0.188180 0.652644 0.702244 
0.254078 0.948895 0.327871 0.269728 0.613503 
0.432673 0.754675 0.418935 0.166815 0.747328 
0.761390 0.196586 0.912609 0.157654 0.953662 
0.534155 0.418796 0.553335 0.613504 0.521042 
0.596376 0.379881 0.209657 0.745000 0.519403 
0.781278 0.116854 0.583283 0.672368 0.955054 
0.309244 0.268625 0.656466 0.706107 0.399956 
0.447970 0.124397 0.404820 0.864424 0.663426 
0.513058 0.367363 0.517474 0.209185 0.637641 
0.108561 0.716103 0.825944 0.373891 0.677749 
0.973257 0.193557 0.784329 0.295790 0.264387 
0.394449 0.276930 0.352613 0.630802 0.715081 
0.743632 0.773210 0.061240 0.264439 0.752956 
0.344370 0.437800 0.844780 0.350863 0.370208 
0.379937 0.401568 0.120594 0.904219 0.796517 
0.233725 0.301139 0.712557 0.197492 0.685919 
0.482352 0.482755 0.076779 0.617950 0.681223 
0.831595 0.184288 0.050890 0.549628 0.914435 
0.172835 0.960260 0.186352 0.719526 0.563079 
0.352180 0.164115 0.579011 0.779707 0.345381 
0.649768 0.784588 0.650465 0.551901 0.170984 
0.814142 0.091094 0.644675 0.410580 0.506799 
0.631597 0.594912 0.271122 0.682439 0.527415 
0.465985 0.626470 0.331236 0.362790 0.699077 
0.804865 0.241613 0.823084 0.295861 0.083297 
0.675974 0.556487 0.625428 0.780892 0.087807 
0.871430 0.284956 0.558596 0.432713 0.464550 
0.885161 0.435585 0.231108 0.331636 0.982308 
0.897342 0.299777 0.303406 0.799180 0.227851 
0.633274 0.332462 0.553246 0.135465 0.663530 
0.931886 0.461938 0.448318 0.324098 0.300117 
0.333350 0.586161 0.139947 0.790201 0.926870 
0.695073 0.690570 0.087644 0.616241 0.361870 
0.253888 0.858990 0.108681 0.266328 0.890279 
0.321830 0.224981 0.720264 0.804871 0.295982 
0.745673 0.071112 0.309069 0.590705 0.839252 
0.758080 0.768906 0.068424 0.585701 0.297459 
0.251369 0.612976 0.455056 0.574126 0.189676 
0.686940 0.351752 0.562841 0.364553 0.780874 
0.763954 0.330275 0.641356 0.190932 0.261618 
0.438363 0.161793 0.741469 0.472579 0.532342 
0.185506 0.962382 0.357924 0.072678 0.637043 
0.901743 0.716902 0.786042 0.008112 0.137805 
0.564925 0.431387 0.819745 0.691292 0.386402 
0.340711 0.453505 0.763991 0.316499 0.856746 
0.217957 0.518188 0.915906 0.823362 0.179629 
0.490440 0.415950 0.118880 0.727670 0.497650 
0.001715 0.792652 0.264106 0.953309 0.385583 
0.830539 0.349692 0.298750 0.933469 0.029468 
0.364936 0.561055 0.221076 0.611011 0.442800 
0.536277 0.317551 0.922813 0.934249 0.376426 
0.689134 0.732996 0.091646 0.552284 0.664914 
0.237031 0.920560 0.395795 0.180014 0.721312 
0.610156 0.304413 0.964145 0.252734 0.028459 
0.151788 0.286514 0.671879 0.197262 0.866881 
0.755028 0.386754 0.516204 0.689554 0.513900 
0.500692 0.509555 0.292830 0.782546 0.149662 
0.755220 0.880015 0.161747 0.364726 0.585664 
0.520171 0.498721 0.809083 0.268977 0.688672 
0.786181 0.792880 0.486447 0.197540 0.357357 
0.782987 0.412058 0.979439 0.196523 0.401025 
0.812102 0.239782 0.765349 0.006110 0.700382 
0.540655 0.540941 0.830091 0.483351 0.282976 
0.527816 0.517360 0.592921 0.491134 0.090821 
0.114482 0.911599 0.012874 0.820989 0.534276 
0.184920 0.452395 0.568655 0.644093 0.360687 
0.250637 0.451054 0.784082 0.053478 0.808131 
0.035839 0.877796 0.593420 0.324165 0.655271 
0.320458 0.693890 0.217097 0.160466 0.836396 
0.482468 0.688610 0.408929 0.463191 0.218649 
0.675298 0.232212 0.830400 0.351007 0.390298 
0.528176 0.608182 0.722912 0.903073 0.059274 
0.453020 0.628898 0.407799 0.916363 0.107293 
0.611576 0.484334 0.728837 0.300677 0.631173 
0.872973 0.231944 0.480901 0.344906 0.477479 
0.589481 0.536925 0.767221 0.118645 0.244025 
0.004050 0.723504 0.217727 0.717133 0.703311 
0.551248 0.754046 0.638059 0.203975 0.442645 
0.206527 0.732799 0.410681 0.854544 0.186381 
0.292717 0.368225 0.763381 0.383204 0.750735 
0.886399 0.657836 0.929017 0.086029 0.508853 
0.336714 0.578858 0.031853 0.738151 0.812966 
0.208108 0.239729 0.666320 0.963407 0.317449 
0.483884 0.023195 0.423408 0.638166 0.657141 
0.314764 0.638058 0.437464 0.473137 0.889368 
0.439114 0.813391 0.218207 0.963660 0.225636 
0.095226 0.461963 0.293202 0.439196 0.963772 
0.147803 0.939494 0.339783 0.322348 0.700733 
0.669389 0.599934 0.412547 0.444368 0.386942 
0.124097 0.327981 0.680399 0.278817 0.812422 
0.002554 0.724610 0.166529 0.525328 0.589616 
0.977657 0.504243 0.311329 0.182770 0.550687 
0.629252 0.606000 0.619452 0.690971 0.175045 
0.527659 0.082842 0.759573 0.228260 0.711291 
0.001035 0.725398 0.675117 0.727967 0.457528 
0.490573 0.222123 0.350983 0.587009 0.991395 
0.755102 0.584999 0.269650 0.036003 0.720660 
0.602761 0.265710 0.792400 0.632546 0.218419 
0.582030 0.297007 0.564681 0.107161 0.771534 
0.242068 0.597096 0.278522 0.490757 0.896447 
0.477559 0.396193 0.568079 0.353930 0.801905 
0.905629 0.612767 0.754950 0.017611 0.147295 
0.246445 0.978450 0.582437 0.311316 0.850115 
0.692499 0.471441 0.169991 0.611911 0.665139 
0.554263 0.657066 0.290058 0.652621 0.546277 
0.803241 0.586380 0.323276 0.619932 0.399898 
0.343156 0.433821 0.494128 0.957330 0.171513 
0.202220 0.600003 0.337814 0.751269 0.357644 
0.132952 0.988361 0.126100 0.214223 0.600800 
0.112613 0.208073 0.711494 0.337292 0.512203 
0.153711 0.578569 0.899181 0.537497 0.528661 
0.791966 0.663156 0.104334 0.564742 0.537443 
0.435290 0.881087 0.217115 0.736118 0.291395 
0.191224 0.158573 0.766262 0.380424 0.850008 
0.062191 0.338166 0.791743 0.548133 0.768229 
0.265382 0.881090 0.532830 0.708884 0.249746 
0.319873 0.951272 0.407999 0.377370 0.818828 
0.995821 0.242203 0.255663 0.616150 0.227107 
0.330447 0.954795 0.098667 0.520275 0.411162 
0.626083 0.611293 0.003975 0.842584 0.582053 
0.753738 0.308664 0.894186 0.395981 0.461060 
0.602614 0.762280 0.589745 0.725533 0.241491 
0.747072 0.706562 0.332283 0.771962 0.214764 
0.917017 0.082573 0.597843 0.484087 0.159822 
0.950038 0.318476 0.813597 0.294710 0.161849 
0.168086 0.907670 0.718551 0.170017 0.662793 
0.299171 0.650095 0.566186 0.225420 0.452287 
0.319509 0.829211 0.526153 0.379151 0.574365 
0.788801 0.520719 0.384234 0.406881 0.340329 
0.424475 0.337355 0.513541 0.640469 0.801296 
0.453877 0.776124 0.038213 0.401479 0.816961 
0.207499 0.598842 0.903873 0.076353 0.864757 
0.677835 0.015178 0.901769 0.577832 0.244859 
0.614545 0.423728 0.638236 0.906233 0.271054 
0.652811 0.214647 0.768911 0.305909 0.790450 
0.437717 0.595310 0.414307 0.332258 0.751704 
0.403560 0.354939 0.630488 0.604920 0.315534 
0.643625 0.338956 0.345387 0.723712 0.450923 
0.114559 0.562274 0.607912 0.595563 0.771280 
0.244376 0.517220 0.121725 0.797298 0.764813 
0.613078 0.349581 0.626913 0.603499 0.039810 
0.895274 0.178724 0.379924 0.466182 0.492483 
0.078063 0.907517 0.319318 0.138866 0.974198 
0.264718 0.923277 0.156726 0.376044 0.770712 
0.933910 0.181423 0.143007 0.870597 0.675025 
0.304199 0.794065 0.215500 0.417542 0.351336 
0.912575 0.169253 0.309887 0.462489 0.930231 
0.215003 0.700350 0.250653 0.337820 0.814057 
0.688694 0.338775 0.667115 0.309979 0.606201 
0.185125 0.718865 0.346776 0.817742 0.310485 
0.338477 0.285929 0.958481 0.322205 0.447921 
0.375394 0.584096 0.344428 0.677433 0.174475 
0.294391 0.163567 0.961832 0.696319 0.256407 
0.061056 0.785448 0.016576 0.720427 0.878584 
0.954736 0.317292 0.447964 0.195852 0.542759 
0.744675 0.910344 0.429470 0.438470 0.258948 
0.101955 0.440967 0.867362 0.180291 0.920651 
0.436267 0.489169 0.349642 0.726982 0.609903 
0.489620 0.364309 0.997412 0.100002 0.956364 
0.452113 0.587675 0.517685 0.823389 0.140703 
0.227762 0.200436 0.390157 0.848929 0.679420 
0.354888 0.460444 0.193384 0.824921 0.528225 
0.559726 0.136274 0.993277 0.493357 0.409996 
0.777236 0.720664 0.512147 0.541867 0.203364 
0.643069 0.368101 0.651927 0.561437 0.237772 
0.253237 0.343419 0.646962 0.794830 0.501082 
0.205471 0.892422 0.374265 0.361791 0.505256 
0.477688 0.533302 0.202128 0.837007 0.543329 
0.110482 0.674477 0.811411 0.801176 0.370244 
0.273490 0.184672 0.588271 0.503459 0.847521 
0.049926 0.536285 0.760679 0.419643 0.779844 
0.646188 0.199944 0.829734 0.494835 0.441544 
0.698373 0.530537 0.540270 0.020690 0.625218 
0.610313 0.899272 0.244158 0.263183 0.450336 
0.109482 0.072280 0.614157 0.951462 0.839623 
0.434986 0.931713 0.143350 0.328286 0.822975 
0.949392 0.009674 0.511658 0.225067 0.944493 
0.573847 0.608208 0.208793 0.367546 0.760690 
0.824193 0.041340 0.407467 0.610802 0.278099 
0.391141 0.642037 0.265226 0.592520 0.562794 
0.296478 0.841264 0.408997 0.925630 0.109252 
0.445918 0.196186 0.421430 0.623842 0.476408 
0.555107 0.312483 0.518518 0.061021 0.742149 
0.600678 0.457370 0.228392 0.231621 0.775711 
0.509406 0.944602 0.061542 0.161687 0.300859 
0.490769 0.654180 0.424860 0.886573 0.375794 
0.356647 0.652135 0.490984 0.398873 0.514169 
0.079655 0.784837 0.171883 0.756143 0.575846 
0.865283 0.817072 0.141079 0.673931 0.444552 
0.553243 0.581254 0.327581 0.622683 0.507424 
0.093726 0.706973 0.181767 0.823458 0.756159 
0.396067 0.139948 0.958214 0.645242 0.176952 
0.750347 0.451540 0.286907 0.603606 0.671096 
0.311577 0.701448 0.142375 0.712154 0.645467 
0.417092 0.605953 0.557698 0.314068 0.520011 
0.568345 0.091942 0.723060 0.687216 0.782783 
0.429049 0.575863 0.185011 0.177951 0.785497 
0.217045 0.789406 0.714125 0.661303 0.232525 
0.727599 0.129862 0.645927 0.689371 0.142878 
0.336562 0.480460 0.855274 0.462869 0.494138 
0.490253 0.350520 0.754764 0.110655 0.683427 
0.734254 0.934539 0.337455 0.368174 0.222330 
0.493247 0.684229 0.619512 0.445189 0.103167 
0.326561 0.895560 0.620977 0.467775 0.236351 
0.702379 0.250663 0.574706 0.973049 0.056339 
0.357000 0.435738 0.330290 0.689086 0.656215 
0.688389 0.318421 0.953954 0.586153 0.146421 
0.447107 0.669085 0.612822 0.256594 0.668133 
0.303682 0.592417 0.239417 0.023970 0.848815 
0.586179 0.597151 0.528497 0.106718 0.849782 
0.414667 0.451254 0.403231 0.655321 0.504897 
0.356515 0.996903 0.162086 0.497580 0.438449 
0.884711 0.517897 0.096054 0.298083 0.882036 
0.277804 0.109728 0.732177 0.802049 0.281340 
0.278486 0.802807 0.396458 0.712475 0.614912 
0.539093 0.634740 0.538568 0.016354 0.865967 
0.272793 0.977882 0.507469 0.091688 0.640576 
0.669152 0.536163 0.719141 0.224880 0.059507 
0.189297 0.943527 0.334827 0.587810 0.493362 
0.555890 0.555385 0.695268 0.580972 0.316527 
0.056298 0.488081 0.795589 0.398327 0.656852 
0.360506 0.354174 0.144219 0.434158 0.793230 
0.681266 0.177442 0.820657 0.139149 0.857359 
0.530221 0.486880 0.171576 0.818276 0.852675 
0.411774 0.730284 0.820868 0.047613 0.682106 
0.801872 0.293017 0.585147 0.721630 0.164904 
0.478753 0.636599 0.445987 0.406273 0.287121 
0.753888 0.504494 0.623398 0.688424 0.202565 
0.115390 0.820665 0.357019 0.674053 0.732014 
0.787903 0.440235 0.365341 0.201035 0.188307 
0.292045 0.756738 0.612132 0.225023 0.803921 
0.385171 0.765400 0.024529 0.858352 0.033026 
0.613597 0.869216 0.615804 0.332566 0.150026 
0.632958 0.254389 0.309493 0.445196 0.185535 
0.847027 0.315205 0.021730 0.905179 0.188499 
0.564502 0.963048 0.091383 0.460761 0.309848 
0.379905 0.250160 0.677045 0.338806 0.461667 
0.500419 0.325447 0.040836 0.971753 0.305601 
0.529001 0.448413 0.633663 0.822040 0.245051 
0.262728 0.341727 0.569206 0.824052 0.462907 
0.975617 0.055804 0.741529 0.567276 0.194867 
0.430667 0.931752 0.678794 0.402184 0.190968 
0.318353 0.987026 0.456460 0.601309 0.455112 
0.610278 0.353014 0.849191 0.869655 0.010252 
0.607328 0.569623 0.765358 0.105665 0.744408 
0.577990 0.283446 0.543255 0.646152 0.359791 
0.224445 0.422151 0.969025 0.443479 0.254123 
0.508275 0.464231 0.630301 0.407260 0.083708 
0.413229 0.880380 0.185481 0.836446 0.088648 
0.197593 0.156702 0.780053 0.103302 0.937982 
0.458577 0.285657 0.927510 0.363821 0.347685 
0.865613 0.124495 0.600784 0.330264 0.586013 
0.613430 0.465469 0.545201 0.563257 0.001795 
0.818076 0.476779 0.698191 0.021708 0.425629 
0.539016 0.644667 0.093892 0.472738 0.349122 
0.584170 0.634159 0.082975 0.003222 0.744931 
0.597574 0.049270 0.879199 0.000019 0.872698 
0.642871 0.433769 0.661571 0.383535 0.211692 
0.851210 0.301399 0.703371 0.159824 0.393225 
0.522437 0.495616 0.436203 0.147737 0.551867 
0.224216 0.793964 0.084919 0.783018 0.386231 
0.655821 0.010771 0.254198 0.690273 0.869989 
0.730416 0.068707 0.697653 0.706007 0.412695 
0.339785 0.490917 0.788503 0.139181 0.283468 
0.686964 0.340862 0.323396 0.682195 0.220559 
0.990994 0.907453 0.289403 0.383646 0.097095 
0.423883 0.115693 0.862673 0.333588 0.602459 
0.352545 0.371349 0.267858 0.521184 0.565838 
0.663774 0.867526 0.594350 0.151748 0.298254 
0.892601 0.649466 0.543958 0.300966 0.144245 
0.561387 0.415429 0.474407 0.587586 0.263588 
0.376434 0.649058 0.454609 0.288428 0.655498 
0.646192 0.472027 0.067755 0.943138 0.228441 
0.448042 0.170619 0.919998 0.414798 0.306512 
0.092083 0.504428 0.676665 0.236674 0.988584 
0.635861 0.139125 0.751225 0.666456 0.565028 
0.243294 0.768680 0.063112 0.723586 0.612252 
0.875178 0.666526 0.313694 0.155902 0.037320 
0.125763 0.376347 0.763259 0.790337 0.463501 
0.752627 0.737000 0.022338 0.673199 0.062678 
0.341091 0.711634 0.664737 0.515901 0.567309 
0.950421 0.220223 0.709526 0.199660 0.203907 
0.218508 0.698694 0.420514 0.352034 0.653778 
0.121880 0.976486 0.359653 0.933401 0.533673 
0.395226 0.523189 0.719991 0.146924 0.999957 
0.470531 0.506238 0.234014 0.474979 0.546804 
0.083345 0.694574 0.398840 0.673101 0.369096 
0.040055 0.625354 0.575034 0.705085 0.571920 
0.965711 0.233930 0.468665 0.509019 0.398106 
0.438856 0.272416 0.277909 0.765239 0.735526 
0.380529 0.080348 0.135878 0.968456 0.562756 
0.178464 0.663660 0.373896 0.604037 0.545951 
0.789474 0.483675 0.280004 0.203378 0.607590 
0.278688 0.590141 0.177396 0.732946 0.651771 
0.882325 0.327389 0.121984 0.628075 0.242456 
0.842447 0.244488 0.149746 0.982083 0.136975 
0.535037 0.231743 0.068955 0.677843 0.763646 
0.575431 0.733950 0.283220 0.165261 0.642561 
0.406556 0.713833 0.382121 0.608513 0.074207 
0.209197 0.439636 0.931653 0.540332 0.387095 
0.227902 0.991178 0.837896 0.293489 0.578271 
0.357976 0.694729 0.668218 0.783544 0.089462 
0.522535 0.560464 0.303512 0.577653 0.554991 
0.482793 0.393170 0.745079 0.640847 0.483177 
0.534542 0.539018 0.696551 0.414001 0.058396 
0.460358 0.351835 0.580217 0.465469 0.739933 
0.214734 0.308976 0.818892 0.955599 0.113918 
0.989173 0.094912 0.425263 0.372098 0.827617 
0.355792 0.922845 0.365968 0.080803 0.536132 
0.527579 0.452611 0.618208 0.037276 0.889010 
0.371917 0.426912 0.497518 0.497792 0.899102 
0.333017 0.149621 0.494569 0.374327 0.969992 
0.206805 0.615133 0.177935 0.807156 0.691350 
0.819371 0.596309 0.233741 0.499901 0.791292 
0.130865 0.325263 0.736974 0.518118 0.354573 
0.113215 0.197201 0.690083 0.591821 0.789026 
0.423623 0.324332 0.609222 0.257709 0.724328 
0.773084 0.572973 0.136225 0.525355 0.530271 
0.000375 0.805946 0.634457 0.083488 0.794763 
0.497826 0.288243 0.838704 0.207230 0.258196 
0.501443 0.663272 0.660155 0.607814 0.362763 
0.318047 0.753522 0.324446 0.308006 0.842023 
0.607699 0.107359 0.151033 0.972378 0.350778 
0.238083 0.506545 0.836472 0.176772 0.738044 
0.912487 0.114301 0.490748 0.441378 0.353520 
0.811676 0.739953 0.518940 0.202639 0.584998 
0.461111 0.540348 0.651402 0.555746 0.405008 
0.444668 0.766243 0.368771 0.942601 0.236436 
0.871178 0.277902 0.322354 0.049955 0.802865 
0.470469 0.951912 0.718188 0.147654 0.409809 
0.695659 0.480886 0.481602 0.748975 0.247466 
0.850635 0.438447 0.364435 0.559394 0.726955 
0.564736 0.390794 0.120482 0.499491 0.636935 
0.134750 0.155247 0.803872 0.654086 0.653038 
0.877919 0.547445 0.479122 0.145436 0.631361 
0.713050 0.285546 0.442182 0.752673 0.229831 
0.410722 0.654023 0.303347 0.488136 0.687341 
0.724396 0.840868 0.062919 0.604675 0.383944 
0.051385 0.816171 0.584078 0.293938 0.645683 
0.224904 0.529399 0.618211 0.574436 0.450921 
0.383816 0.497453 0.569075 0.710718 0.346853 
0.809695 0.743058 0.540575 0.261741 0.197301 
0.368959 0.943357 0.811068 0.557717 0.005253 
0.794419 0.499719 0.075515 0.677994 0.728294 
0.474584 0.024588 0.955821 0.702408 0.496804 
0.491688 0.741587 0.056397 0.527763 0.879155 
0.224708 0.823350 0.804973 0.127573 0.227318 
0.327246 0.106744 0.891083 0.565032 0.290508 
0.228736 0.631958 0.339111 0.443379 0.639441 
0.473193 0.175274 0.892515 0.331094 0.551175 
0.091929 0.528569 0.564352 0.602971 0.773646 
0.722552 0.235249 0.683064 0.870364 0.034925 
0.438749 0.729276 0.342617 0.698789 0.578986 
0.392039 0.158447 0.557821 0.944928 0.475516 
0.187958 0.423521 0.909020 0.013899 0.956960 
0.810579 0.171826 0.985763 0.255807 0.583926 
0.725356 0.436902 0.052914 0.515694 0.367449 
0.268901 0.053110 0.926824 0.517553 0.701775 
0.878595 0.524038 0.112308 0.800656 0.418580 
0.185440 0.661231 0.548041 0.519797 0.594295 
0.145154 0.542605 0.220068 0.643190 0.991352 
0.274020 0.743552 0.418053 0.516320 0.471088 
0.423657 0.490724 0.971245 0.032127 0.460329 
0.810862 0.499365 0.824394 0.089071 0.396040 
0.719843 0.693241 0.588768 0.452170 0.320474 
0.269769 0.851562 0.364049 0.941898 0.115529 
0.808402 0.240312 0.331045 0.645869 0.068672 
0.116321 0.836474 0.376409 0.522825 0.635258 
0.674076 0.738812 0.290467 0.587456 0.284529 
0.785469 0.304792 0.322374 0.195699 0.709016 
0.541815 0.793781 0.269778 0.583008 0.744647 
0.203181 0.685740 0.605162 0.990639 0.069279 
0.883634 0.197952 0.029202 0.901982 0.240810 
0.271497 0.305986 0.459974 0.744123 0.765961 
0.782006 0.280263 0.388725 0.338893 0.209615 
0.239769 0.481217 0.627054 0.675808 0.416462 
0.651426 0.464185 0.575433 0.755216 0.592314 
0.371112 0.708962 0.703757 0.568526 0.269359 
0.608751 0.909896 0.577110 0.339006 0.197220 
0.393214 0.522534 0.965199 0.025862 0.650838 
0.402524 0.766967 0.444452 0.402813 0.887942 
0.385663 0.738038 0.289444 0.644289 0.368596 
0.669689 0.192116 0.878007 0.099509 0.412173 
0.478784 0.164942 0.689387 0.196980 0.888670 
0.064038 0.505843 0.982100 0.119090 0.593487 
0.023710 0.550392 0.710523 0.352706 0.541182 
0.529721 0.812866 0.495708 0.744049 0.227984 
0.480142 0.762393 0.302004 0.395091 0.955076 
0.473283 0.444710 0.487818 0.405374 0.457022 
0.102999 0.658893 0.093425 0.948362 0.301622 
0.090927 0.765718 0.502097 0.839959 0.463931 
0.583098 0.422485 0.052999 0.655070 0.610162 
0.612253 0.482685 0.643839 0.461820 0.778116 
0.199066 0.911558 0.192311 0.972013 0.253872 
0.378369 0.548561 0.650064 0.973375 0.347235 
0.242404 0.381718 0.248920 0.412156 0.836359 
0.147056 0.907979 0.130763 0.594401 0.539430 
0.292532 0.712669 0.124528 0.728754 0.668089 
0.034506 0.899865 0.642596 0.073949 0.829126 
0.445820 0.966801 0.022813 0.939813 0.095715 
0.028039 0.571918 0.473180 0.689475 0.501082 
0.420837 0.491020 0.347534 0.390803 0.766371 
0.821769 0.449969 0.363254 0.129095 0.638485 
0.219073 0.645738 0.358356 0.477685 0.528696 
0.658759 0.524319 0.115348 0.888418 0.285957 
0.037106 0.284007 0.837115 0.798131 0.408524 
0.905058 0.453433 0.780187 0.107926 0.407855 
0.742342 0.261050 0.314516 0.869849 0.373266 
0.240884 0.413649 0.775177 0.483014 0.689759 
0.937894 0.329034 0.208606 0.275841 0.470160 
0.190330 0.618360 0.342618 0.644528 0.850330 
0.943984 0.692426 0.375336 0.384978 0.321171 
0.317829 0.455170 0.642036 0.865014 0.370609 
0.370184 0.198637 0.624722 0.839898 0.640006 
0.787060 0.502338 0.270803 0.832186 0.055160 
0.672681 0.100025 0.946786 0.601284 0.245973 
0.528384 0.551373 0.576028 0.460388 0.421263 
0.842975 0.352276 0.065408 0.412786 0.616339 
0.668333 0.482015 0.574630 0.279499 0.761729 
0.119366 0.584272 0.629522 0.949020 0.399431 
0.093033 0.654239 0.543263 0.700120 0.817208 
0.473105 0.788249 0.750930 0.604816 0.074559 
0.127427 0.986987 0.422998 0.100045 0.915035 
0.087099 0.836592 0.354003 0.670453 0.330823 
0.660053 0.163068 0.705294 0.786963 0.373854 
0.868575 0.533360 0.323522 0.232443 0.785299 
0.239005 0.152685 0.882987 0.568675 0.816756 
0.796770 0.298113 0.677575 0.461708 0.234229 
0.520612 0.482576 0.460864 0.372874 0.440032 
0.820707 0.224795 0.576146 0.200167 0.328367 
0.697132 0.585395 0.342710 0.593750 0.189838 
0.352136 0.324425 0.949888 0.255402 0.952614 
0.085242 0.151553 0.714077 0.656204 0.908720 
0.973985 0.534380 0.319557 0.300240 0.187709 
0.976731 0.599022 0.377901 0.552399 0.122927 
0.611589 0.896610 0.520932 0.062881 0.450971 
0.891398 0.193143 0.710125 0.017433 0.480464 
0.462171 0.272618 0.370754 0.856143 0.441792 
0.536133 0.126220 0.513628 0.552061 0.660687 
0.884555 0.603985 0.008194 0.797496 0.152676 
0.315587 0.531583 0.974719 0.097931 0.737647 
0.559561 0.000571 0.597056 0.463362 0.905548 
0.756303 0.520515 0.695716 0.394168 0.159266 
0.329378 0.251153 0.540050 0.656719 0.183937 
0.329263 0.271116 0.810756 0.592092 0.496388 
0.339336 0.650150 0.536938 0.106149 0.731762 
0.168713 0.478255 0.836518 0.477886 0.373191 
0.714235 0.695464 0.253535 0.995251 0.264124 
0.838133 0.970049 0.238870 0.707178 0.032964 
0.464797 0.919084 0.409535 0.595508 0.337915 
0.394264 0.706611 0.969519 0.031606 0.315799 
0.682209 0.440783 0.527021 0.834073 0.340304 
0.591865 0.004080 0.787187 0.073233 0.626662 
0.042789 0.686575 0.111287 0.931438 0.651379 
0.600456 0.383945 0.364015 0.793247 0.359878 
0.370852 0.892497 0.515957 0.340178 0.634190 
0.952280 0.222041 0.891923 0.383122 0.221042 
0.671830 0.748330 0.600819 0.705926 0.040413 
0.225698 0.728209 0.492613 0.198185 0.639390 
0.738356 0.668568 0.274657 0.829626 0.305291 
0.876211 0.324677 0.323123 0.902096 0.046655 
0.812599 0.091227 0.860105 0.576434 0.124974 
0.352957 0.432994 0.126975 0.646744 0.704409 
0.515184 0.007604 0.890203 0.084613 0.938055 
0.006728 0.887338 0.484596 0.490628 0.969332 
0.597390 0.549458 0.294468 0.399490 0.512434 
0.925510 0.359080 0.466643 0.128796 0.669084 
0.815243 0.774910 0.423144 0.626573 0.040371 
0.922691 0.286670 0.283511 0.841896 0.033649 
0.368874 0.770520 0.470773 0.632729 0.660551 
0.648434 0.601841 0.416886 0.947109 0.140495 
0.980148 0.001960 0.992129 0.456728 0.453052 
0.753175 0.336318 0.234694 0.696648 0.629661 
0.107687 0.623638 0.423236 0.668963 0.776406 
0.431077 0.844810 0.140858 0.384205 0.589627 
0.531781 0.610166 0.967096 0.443783 0.247578 
0.811076 0.484543 0.326056 0.507867 0.424861 
0.716389 0.649770 0.089411 0.733488 0.145898 
0.756537 0.255687 0.335534 0.692292 0.519380 
0.392482 0.598061 0.561451 0.556417 0.254448 
0.759372 0.112075 0.429059 0.599617 0.718643 
0.555750 0.987992 0.016886 0.888576 0.193063 
0.863361 0.300314 0.088536 0.716280 0.470218 
0.495052 0.675218 0.959280 0.040026 0.368878 
0.404907 0.294852 0.215731 0.587249 0.696897 
0.559850 0.780937 0.161982 0.873513 0.217693 
0.289613 0.429620 0.511138 0.710091 0.909215 
0.054260 0.928940 0.458140 0.046297 0.599513 
0.090289 0.690877 0.319213 0.635763 0.918313 
0.718751 0.005095 0.841550 0.101210 0.691496 
0.526444 0.319653 0.760350 0.660846 0.431532 
0.410296 0.280222 0.472736 0.948659 0.497724 
0.028072 0.690803 0.961707 0.329928 0.754343 
0.050715 0.901234 0.573146 0.102641 0.730940 
0.196540 0.812257 0.124128 0.566789 0.518247 
0.167284 0.898997 0.426488 0.577037 0.617136 
0.693243 0.639190 0.500049 0.376606 0.315208 
0.771288 0.493530 0.114930 0.765499 0.282571 
0.027960 0.813047 0.624697 0.414480 0.901969 
0.087104 0.949990 0.079444 0.207935 0.956564 
0.715747 0.463370 0.468959 0.398639 0.169918 
0.567038 0.913289 0.664952 0.420616 0.014424 
0.385070 0.359511 0.830417 0.799094 0.544963 
0.308981 0.618003 0.155203 0.644563 0.458094 
0.625027 0.990462 0.512173 0.241913 0.251150 
0.519084 0.674349 0.209974 0.374952 0.461603 
0.899400 0.356290 0.181701 0.481575 0.817891 
0.506210 0.644239 0.891421 0.537865 0.022207 
0.221474 0.876641 0.073518 0.696306 0.069755 
0.088206 0.915690 0.243224 0.347720 0.678524 
0.722079 0.317117 0.718513 0.541429 0.287981 
0.305598 0.612403 0.645777 0.297672 0.739307 
0.018353 0.605070 0.478912 0.553881 0.617133 
0.918918 0.809119 0.248621 0.152750 0.282878 
0.423478 0.934034 0.365917 0.424801 0.276209 
0.353422 0.883140 0.376732 0.673618 0.057135 
0.028390 0.613526 0.718880 0.605366 0.781188 
0.564993 0.282102 0.531576 0.547700 0.645413 
0.957028 0.199117 0.736290 0.434744 0.340919 
0.800374 0.307175 0.654063 0.109226 0.734727 
0.510477 0.270007 0.372624 0.366649 0.712380 
0.007867 0.548566 0.396056 0.956327 0.753574 
0.768076 0.427776 0.676589 0.413961 0.236252 
0.579990 0.517044 0.428951 0.542269 0.397084 
0.632829 0.475929 0.059848 0.755633 0.658371 
0.912146 0.746652 0.009330 0.415918 0.534121 
0.167004 0.142940 0.757090 0.290935 0.962747 
0.255449 0.709282 0.126658 0.292247 0.828493 
0.348110 0.222919 0.876318 0.742908 0.199107 
0.406065 0.956220 0.709490 0.226898 0.305936 
0.014396 0.809284 0.265259 0.533115 0.901852 
0.755846 0.675612 0.015261 0.730794 0.483893 
0.382893 0.454000 0.507730 0.182415 0.702523 
0.228249 0.907661 0.461654 0.304106 0.382543 
0.202454 0.539986 0.439706 0.457584 0.948685 
0.920336 0.058988 0.994257 0.267455 0.134818 
0.442087 0.280789 0.510401 0.935850 0.605441 
0.502954 0.789949 0.271663 0.634165 0.374769 
0.937038 0.013447 0.394101 0.438868 0.527888 
0.524204 0.283208 0.796753 0.535835 0.606514 
0.640424 0.203332 0.625700 0.580093 0.358634 
0.502717 0.492831 0.865412 0.487742 0.302374 
0.753705 0.419869 0.592684 0.637755 0.377979 
0.848905 0.071875 0.624282 0.087451 0.437712 
0.036757 0.799418 0.914517 0.288931 0.641991 
0.680467 0.154520 0.882798 0.489816 0.403468 
0.145435 0.638436 0.536013 0.652862 0.683405 
0.189429 0.714509 0.873862 0.502892 0.264922 
0.796529 0.480260 0.478045 0.144439 0.402922 
0.630867 0.759593 0.053681 0.800245 0.368695 
0.356607 0.609739 0.376069 0.675936 0.482972 
0.596779 0.497347 0.591020 0.967698 0.083294 
0.116519 0.850344 0.319903 0.672429 0.620746 
0.051637 0.767660 0.372912 0.372175 0.831837 
0.594506 0.597319 0.077980 0.728445 0.334902 
0.807930 0.588522 0.504787 0.054802 0.482602 
0.162880 0.742733 0.167558 0.660226 0.836500 
0.605913 0.524238 0.485855 0.235468 0.292258 
0.387219 0.341211 0.795061 0.301739 0.605204 
0.264470 0.103728 0.346455 0.887174 0.697003 
0.502354 0.009929 0.979194 0.609064 0.643850 
0.970908 0.136745 0.975750 0.407931 0.517438 
0.803178 0.537697 0.585138 0.358534 0.487992 
0.989550 0.400352 0.159706 0.879263 0.140488 
0.450763 0.375374 0.335144 0.639531 0.573919 
0.774364 0.263707 0.760738 0.610084 0.186425 
0.824372 0.575483 0.125216 0.678529 0.605737 
0.978797 0.811993 0.330082 0.146963 0.403404 
0.745007 0.723387 0.373457 0.235875 0.764093 
0.649024 0.590368 0.687932 0.365558 0.070749 
0.782349 0.226462 0.456682 0.628750 0.671838 
0.214770 0.448282 0.884038 0.356294 0.795431 
0.755193 0.222216 0.821197 0.372424 0.337183 
0.545538 0.546803 0.260389 0.860508 0.128220 
0.508072 0.413767 0.474834 0.312029 0.544625 
0.530933 0.434667 0.653219 0.454102 0.563454 
0.587642 0.057356 0.361892 0.957713 0.458103 
0.315768 0.357298 0.863526 0.734602 0.352088 
0.821599 0.250679 0.842389 0.206504 0.354484 
0.794601 0.083389 0.560495 0.327687 0.629210 
0.182425 0.874082 0.439782 0.241160 0.634549 
0.852425 0.210221 0.269588 0.646588 0.458743 
0.568120 0.118366 0.351497 0.894966 0.554690 
0.207775 0.282827 0.784945 0.464438 0.519655 
0.146910 0.610584 0.329711 0.809953 0.854423 
0.055376 0.843976 0.655021 0.229596 0.887289 
0.806960 0.168973 0.493595 0.200027 0.771743 
0.645138 0.338764 0.163797 0.909282 0.626886 
0.149689 0.488112 0.850010 0.588614 0.239604 
0.748837 0.564958 0.563387 0.439641 0.170823 
0.406104 0.674572 0.759674 0.486000 0.137933 
0.256733 0.721719 0.351857 0.252655 0.919488 
0.188129 0.834621 0.502624 0.250561 0.930061 
0.976518 0.169194 0.933008 0.303284 0.204979 
0.549465 0.264735 0.629869 0.629300 0.436933 
0.179942 0.096643 0.805186 0.926979 0.520894 
0.616208 0.224926 0.603746 0.199414 0.895483 
0.267021 0.731987 0.532409 0.663951 0.471283 
0.496534 0.471837 0.339115 0.379830 0.512441 
0.754548 0.344187 0.651442 0.567766 0.169291 
0.340355 0.679529 0.268034 0.486236 0.532038 
0.840429 0.701549 0.161476 0.775717 0.122366 
0.915769 0.141687 0.996460 0.112521 0.066863 
0.370063 0.960804 0.161630 0.419831 0.480493 
0.633036 0.399376 0.710350 0.855090 0.227765 
0.138451 0.886113 0.819966 0.460089 0.672385 
0.394063 0.846571 0.329088 0.730495 0.365743 
0.620228 0.546711 0.492157 0.575699 0.492572 
0.197998 0.540841 0.360747 0.805356 0.889821 
0.300794 0.265175 0.719900 0.499337 0.879707 
0.746946 0.064895 0.794802 0.257559 0.395478 
0.137488 0.400840 0.802095 0.077024 0.918039 
0.516987 0.300051 0.928437 0.303291 0.360017 
0.935075 0.229411 0.530116 0.644210 0.471807 
0.630626 0.312563 0.845543 0.304256 0.625101 
0.820279 0.357889 0.033488 0.699513 0.882323 
0.769877 0.675853 0.205008 0.436325 0.230101 
0.876185 0.271574 0.419350 0.120730 0.468368 
0.183571 0.236095 0.682575 0.473067 0.433731 
0.464513 0.469362 0.917274 0.245717 0.268499 
0.278242 0.719881 0.662815 0.522506 0.730051 
0.700944 0.352182 0.770980 0.192892 0.382077 
0.649709 0.232818 0.300772 0.956114 0.267227 
0.427019 0.307518 0.175865 0.425078 0.759451 
0.955130 0.195438 0.682884 0.167520 0.416372 
0.711668 0.602826 0.661721 0.110274 0.812394 
0.333026 0.549947 0.408397 0.523250 0.367701 
0.185426 0.116706 0.501673 0.937729 0.630549 
0.402884 0.846563 0.880184 0.090645 0.288702 
0.660019 0.648005 0.098548 0.281549 0.687602 
0.500400 0.634430 0.982578 0.244280 0.221482 
0.869057 0.176509 0.967800 0.196935 0.217994 
0.416382 0.995968 0.291666 0.231972 0.444942 
0.006349 0.769836 0.152727 0.784122 0.741172 
0.490132 0.673756 0.052328 0.418872 0.960331 
0.343155 0.718867 0.648482 0.353947 0.718957 
0.598848 0.607624 0.934273 0.061811 0.130743 
0.625629 0.942471 0.251244 0.827240 0.080695 
0.288332 0.873197 0.499337 0.552757 0.368500 
0.168789 0.862720 0.269509 0.801784 0.313484 
0.501904 0.370583 0.567380 0.473059 0.629205 
0.144547 0.787155 0.518353 0.759753 0.107788 
0.050246 0.807941 0.310003 0.652858 0.651684 
0.903984 0.307111 0.536516 0.502052 0.400668 
0.267400 0.633762 0.239916 0.570863 0.911310 
0.324976 0.534122 0.350675 0.513700 0.381831 
0.667252 0.903854 0.558464 0.178618 0.548242 
0.842680 0.460216 0.666993 0.188068 0.497214 
0.566155 0.401202 0.433153 0.917729 0.350764 
0.875735 0.292119 0.408123 0.899622 0.235722 
0.819951 0.263133 0.142519 0.485252 0.539618 
0.246824 0.586008 0.705259 0.327998 0.543609 
0.465083 0.328108 0.436210 0.962363 0.525675 
0.718548 0.279101 0.508899 0.302796 0.592949 
0.877230 0.827644 0.439361 0.273544 0.237971 
0.501790 0.174324 0.579551 0.891855 0.254909 
0.688019 0.667942 0.134439 0.382433 0.718682 
0.374934 0.275917 0.775662 0.212190 0.694121 
0.395651 0.666317 0.947934 0.257305 0.383988 
0.872304 0.262593 0.694880 0.119463 0.458240 
0.955330 0.325709 0.809886 0.387165 0.097166 
0.558107 0.389367 0.719318 0.364395 0.372910 
0.919063 0.500307 0.742599 0.599124 0.074487 
0.291164 0.767514 0.374362 0.685095 0.024928 
0.709220 0.683685 0.058779 0.735983 0.141911 
0.794581 0.647726 0.598442 0.325769 0.287151 
0.178935 0.299285 0.100149 0.937607 0.893828 
0.966623 0.470582 0.065381 0.445215 0.898671 
0.709855 0.687096 0.171338 0.596523 0.162353 
0.288794 0.792027 0.138969 0.538505 0.637997 
0.928663 0.097463 0.502781 0.920622 0.185178 
0.590788 0.839729 0.453047 0.357736 0.407567 
0.891355 0.719681 0.378414 0.055842 0.674403 
0.567601 0.159758 0.103930 0.764749 0.869516 
0.335527 0.690817 0.244848 0.712026 0.403778 
0.651967 0.565667 0.937819 0.567702 0.254497 
0.165300 0.719874 0.355083 0.207911 0.728617 
0.240841 0.423188 0.619667 0.459612 0.512687 
0.367035 0.082100 0.366413 0.308455 0.962359 
0.279851 0.024671 0.366897 0.865019 0.884636 
0.583450 0.177473 0.720854 0.498428 0.188478 
0.348575 0.388090 0.393989 0.652921 0.621892 
0.148051 0.946920 0.268551 0.266789 0.806437 
0.362299 0.320482 0.120270 0.780468 0.876448 
0.595900 0.159637 0.508707 0.999729 0.088504 
0.223633 0.784971 0.664480 0.186847 0.770098 
0.436232 0.077720 0.912239 0.871880 0.033916 
0.675901 0.630676 0.042595 0.560895 0.538412 
0.633746 0.511669 0.384282 0.121264 0.897099 
0.479657 0.432608 0.591512 0.019796 0.908713 
0.521494 0.563694 0.696111 0.420260 0.069904 
0.785675 0.073879 0.913816 0.189122 0.192202 
0.666453 0.683190 0.099769 0.282533 0.664033 
0.492681 0.843904 0.285152 0.227327 0.869318 
0.389845 0.652836 0.271024 0.227841 0.536699 
0.607649 0.388912 0.461659 0.234880 0.996296 
0.342082 0.289133 0.491502 0.991935 0.238918 
0.795510 0.690215 0.371451 0.693041 0.139113 
0.634405 0.111493 0.990838 0.188650 0.637548 
0.973059 0.161215 0.497529 0.769939 0.177559 
0.305404 0.732165 0.237193 0.308831 0.519856 
0.391720 0.986184 0.494485 0.093400 0.368236 
0.893725 0.387043 0.580921 0.614150 0.216575 
0.301028 0.624761 0.807625 0.348267 0.789174 
0.831193 0.836905 0.059369 0.339662 0.507137 
0.472005 0.530310 0.685285 0.440279 0.361569 
0.754763 0.221139 0.265186 0.479996 0.401045 
0.151326 0.662734 0.802375 0.323096 0.514387 
0.236578 0.516368 0.785827 0.309156 0.542261 
0.694603 0.646659 0.464740 0.387457 0.256600 
0.676737 0.576125 0.730260 0.309031 0.109544 
0.626124 0.766434 0.425371 0.850595 0.145918 
0.401806 0.609095 0.183693 0.712901 0.518536 
0.441770 0.950745 0.035626 0.870360 0.390833 
0.507609 0.392856 0.864228 0.260785 0.665084 
0.390201 0.687030 0.311640 0.298386 0.863767 
0.089964 0.403331 0.183148 0.681211 0.871154 
0.227473 0.601351 0.636596 0.357728 0.676040 
0.302966 0.469488 0.808002 0.729465 0.396551 
0.233688 0.741079 0.437408 0.523118 0.301214 
0.493486 0.097159 0.356975 0.765249 0.770744 
0.244380 0.076371 0.768031 0.653970 0.653035 
0.646501 0.221285 0.282995 0.653409 0.835553 
0.845014 0.354776 0.905368 0.308153 0.171982 
0.697850 0.462433 0.279293 0.383562 0.699804 
0.803389 0.488687 0.014330 0.637790 0.205586 
0.647592 0.446498 0.510724 0.343960 0.229480 
0.580339 0.613365 0.706869 0.357085 0.387310 
0.298476 0.969777 0.234051 0.677568 0.251990 
0.819920 0.659374 0.274026 0.618755 0.380730 
0.477431 0.828128 0.295902 0.926943 0.060556 
0.584090 0.570668 0.935707 0.245280 0.381134 
0.604693 0.131444 0.570976 0.843947 0.019918 
0.674380 0.353001 0.627673 0.457066 0.093300 
0.687859 0.408820 0.703969 0.117699 0.866081 
0.990807 0.031132 0.916281 0.848776 0.032284 
0.972149 0.583768 0.343885 0.727417 0.133702 
0.456436 0.101575 0.359026 0.900806 0.836766 
0.496192 0.185379 0.508962 0.689452 0.583980 
0.503823 0.746319 0.654566 0.235425 0.449617 
0.762896 0.385998 0.144860 0.789771 0.251951 
0.238057 0.074250 0.835318 0.683285 0.287989 
0.552896 0.498293 0.275596 0.845056 0.376333 
0.385845 0.866587 0.177802 0.646052 0.342169 
0.362902 0.457040 0.758588 0.433308 0.255489 
0.082251 0.358695 0.874312 0.539328 0.284004 
0.639900 0.342321 0.608415 0.756858 0.232192 
0.342939 0.516065 0.441220 0.920211 0.038364 
0.444967 0.928025 0.283258 0.308834 0.414560 
0.885024 0.139998 0.421069 0.503968 0.553653 
0.667963 0.607694 0.254396 0.269682 0.362230 
0.715741 0.334017 0.211107 0.645586 0.698906 
0.712006 0.582857 0.153063 0.467816 0.589246 
0.801640 0.079367 0.198019 0.825210 0.620633 
0.057432 0.977690 0.157171 0.441498 0.614103 
0.017339 0.760243 0.745597 0.589450 0.250794 
0.316357 0.494838 0.824125 0.557562 0.379159 
0.138241 0.978006 0.224664 0.470501 0.186047 
0.359118 0.430853 0.464173 0.608828 0.287791 
0.650329 0.481233 0.170506 0.243992 0.843537 
0.581963 0.915924 0.078835 0.187170 0.584907 
0.488383 0.055454 0.214337 0.904008 0.839805 
0.935357 0.022382 0.770501 0.137899 0.498903 
0.571195 0.555806 0.136008 0.802810 0.239210 
0.520025 0.074546 0.385553 0.232518 0.786210 
0.069486 0.485151 0.873426 0.737805 0.767626 
0.990461 0.183466 0.332198 0.485476 0.262535 
0.558497 0.532454 0.796863 0.048817 0.183577 
0.212479 0.567602 0.613774 0.506344 0.662428 
0.786023 0.157939 0.374217 0.500401 0.879442 
0.489785 0.444805 0.763329 0.019787 0.909302 
0.344798 0.806655 0.612999 0.281650 0.372066 
0.147023 0.845043 0.325377 0.656407 0.863784 
0.251094 0.489630 0.870509 0.638828 0.383750 
0.125171 0.938135 0.280839 0.371660 0.677819 
0.792411 0.008857 0.928836 0.017751 0.700306 
0.607275 0.706777 0.510669 0.363655 0.232050 
0.622901 0.577557 0.095945 0.623591 0.467331 
0.063194 0.486011 0.815375 0.096511 0.621043 
0.432769 0.389701 0.558247 0.224570 0.999481 
0.615773 0.504591 0.345602 0.698326 0.311554 
0.039266 0.447971 0.857704 0.849222 0.498497 
0.601791 0.759501 0.354402 0.213207 0.608391 
0.184696 0.484084 0.695437 0.099159 0.829532 
0.156422 0.615437 0.364191 0.684251 0.425345 
0.740933 0.374550 0.310199 0.185451 0.755087 
0.428112 0.778805 0.820662 0.201724 0.258148 
0.743116 0.274314 0.903053 0.493167 0.117264 
0.468367 0.188610 0.424001 0.955573 0.275816 
0.321240 0.632427 0.216985 0.901614 0.261222 
0.734388 0.422389 0.136103 0.202571 0.825606 
0.615948 0.653739 0.334701 0.205815 0.367814 
0.497880 0.119666 0.289237 0.722167 0.719118 
0.587227 0.355822 0.359334 0.684592 0.719682 
0.240999 0.440955 0.660715 0.327619 0.979964 
0.797477 0.110861 0.697691 0.382234 0.414428 
0.534074 0.763611 0.280559 0.416950 0.440865 
0.337538 0.844257 0.525477 0.416185 0.244286 
0.550586 0.764438 0.207058 0.592322 0.519587 
0.679821 0.045082 0.555086 0.597522 0.196845 
0.171527 0.507631 0.566801 0.693596 0.517651 
0.844930 0.000108 0.965346 0.346138 0.388994 
0.833363 0.242042 0.450806 0.549401 0.442287 
0.779627 0.447452 0.229864 0.744229 0.467067 
0.257537 0.780196 0.585874 0.587629 0.218320 
0.005774 0.632795 0.602156 0.163097 0.760441 
0.275289 0.097079 0.252965 0.917774 0.531707 
0.218231 0.175501 0.386673 0.434161 0.918777 
0.280513 0.519846 0.846880 0.403676 0.630300 
0.880361 0.490489 0.780068 0.262996 0.126275 
0.894609 0.701136 0.339240 0.763508 0.097158 
0.353278 0.639035 0.783867 0.106673 0.490992 
0.333314 0.712492 0.798588 0.492373 0.543106 
0.837466 0.228188 0.414468 0.380973 0.170096 
0.609665 0.181226 0.731239 0.088652 0.837000 
0.370938 0.078488 0.871129 0.548244 0.399358 
0.464675 0.313465 0.932851 0.462820 0.293710 
0.898700 0.215817 0.707442 0.251471 0.624491 
0.978948 0.344935 0.383054 0.422242 0.469157 
0.530589 0.558778 0.734110 0.120647 0.471463 
0.335165 0.413268 0.444598 0.612953 0.604186 
0.856993 0.049653 0.734921 0.295788 0.461289 
0.069185 0.779977 0.404583 0.392551 0.622195 
0.460005 0.894746 0.714768 0.232174 0.165501 
0.721443 0.267576 0.756171 0.527337 0.642648 
0.857209 0.250184 0.736761 0.273424 0.279999 
0.125765 0.682214 0.627010 0.428243 0.621636 
0.767603 0.422636 0.413788 0.444138 0.453365 
0.656594 0.960111 0.197839 0.301390 0.484573 
0.056092 0.906341 0.490076 0.790514 0.203754 
0.595123 0.109180 0.631817 0.544036 0.529764 
0.244232 0.198374 0.953096 0.434352 0.752784 
0.321679 0.533084 0.981249 0.782525 0.000946 
0.422432 0.504797 0.792554 0.560953 0.309886 
0.682645 0.280540 0.388511 0.354404 0.663233 
0.644192 0.507966 0.146018 0.739982 0.538738 
0.509418 0.714905 0.094885 0.436991 0.476213 
0.170018 0.797946 0.745125 0.012084 0.715948 
0.228336 0.903224 0.033423 0.982564 0.702707 
0.819717 0.081478 0.346168 0.430437 0.561621 
0.126985 0.656225 0.740433 0.497081 0.326931 
0.669868 0.398061 0.514263 0.496201 0.056598 
0.500501 0.177161 0.571368 0.091208 0.849028 
0.339258 0.666751 0.539620 0.612293 0.409358 
0.773661 0.478596 0.047022 0.502722 0.344171 
0.405066 0.286086 0.313654 0.599726 0.805329 
0.722728 0.845382 0.219089 0.516996 0.076462 
0.323716 0.829702 0.247354 0.788562 0.687425 
0.468697 0.286592 0.909196 0.543708 0.304416 
0.625851 0.033405 0.927645 0.339339 0.459021 
0.281822 0.744124 0.679337 0.472248 0.667217 
0.859010 0.402670 0.990517 0.166276 0.346103 
0.580920 0.151966 0.593204 0.440780 0.428766 
0.934642 0.494091 0.688513 0.265152 0.504044 
0.049431 0.463480 0.530534 0.958643 0.897483 
0.401626 0.602819 0.745707 0.423819 0.328955 
0.541030 0.103035 0.314666 0.812730 0.515247 
0.651542 0.589143 0.272437 0.720040 0.228700 
0.188901 0.776620 0.649521 0.298805 0.830364 
0.309067 0.392627 0.882365 0.280957 0.491501 
0.774015 0.701144 0.191812 0.951635 0.213694 
0.818225 0.782600 0.622453 0.378616 0.116519 
0.689798 0.837909 0.431612 0.123303 0.729111 
0.167163 0.914445 0.037018 0.475329 0.790821 
0.714018 0.569408 0.066769 0.121571 0.821803 
0.674971 0.669717 0.508140 0.659994 0.007084 
0.752932 0.236883 0.933258 0.350927 0.793230 
0.592479 0.186417 0.480473 0.613133 0.705029 
0.261133 0.721254 0.347523 0.418338 0.724774 
0.665250 0.055035 0.532362 0.468303 0.526538 
0.909280 0.365292 0.623088 0.409933 0.278988 
0.475220 0.988755 0.117626 0.489507 0.260177 
0.647622 0.240010 0.306507 0.984253 0.194881 
0.544930 0.422759 0.443700 0.727526 0.439043 
0.725692 0.595518 0.813128 0.269009 0.293981 
0.163108 0.784031 0.646212 0.327551 0.398218 
0.471756 0.097841 0.985229 0.459712 0.555089 
0.555291 0.832711 0.745951 0.077183 0.675576 
0.243405 0.231802 0.963262 0.016115 0.760137 
0.654896 0.566637 0.381574 0.297520 0.769448 
0.754262 0.056010 0.645131 0.421997 0.471938 
0.228680 0.083423 0.388189 0.981905 0.740641 
0.991529 0.718585 0.134392 0.525174 0.462717 
0.912283 0.250730 0.833694 0.188236 0.241105 
0.712307 0.127980 0.451637 0.686542 0.315391 
0.835385 0.330127 0.581610 0.141911 0.729153 
0.619582 0.615491 0.146824 0.494918 0.730308 
0.439293 0.210101 0.912415 0.406535 0.249788 
0.172702 0.949888 0.249117 0.172564 0.708992 
0.684061 0.331662 0.280508 0.330572 0.693841 
0.418108 0.522187 0.844673 0.424315 0.539715 
0.544649 0.204912 0.336596 0.862663 0.610170 
0.597739 0.564883 0.952436 0.240537 0.009285 
0.652300 0.046306 0.788054 0.484887 0.753411 
0.357617 0.530111 0.696764 0.289980 0.667865 
0.689827 0.196136 0.692213 0.968405 0.261074 
0.275990 0.872602 0.673060 0.484877 0.554715 
0.759181 0.062532 0.763619 0.409278 0.405635 
0.199746 0.150914 0.887648 0.575982 0.427619 
0.669569 0.309221 0.574521 0.500076 0.610858 
0.550231 0.373179 0.473484 0.872577 0.052280 
0.727506 0.310398 0.764291 0.354631 0.206596 
0.827136 0.366715 0.415632 0.525996 0.682755 
0.746847 0.220626 0.601282 0.540029 0.648077 
0.527342 0.818105 0.048586 0.237038 0.854820 
0.282892 0.860057 0.141096 0.359344 0.837598 
0.644859 0.573796 0.318332 0.112154 0.720023 
0.574812 0.633988 0.500380 0.093059 0.764675 
0.708734 0.485076 0.448316 0.500961 0.168581 
0.047429 0.538108 0.423461 0.734379 0.704751 
0.008320 0.811860 0.902440 0.449102 0.764651 
0.831338 0.033300 0.747910 0.093453 0.468700 
0.514255 0.504181 0.871538 0.672763 0.202619 
0.394656 0.662231 0.068068 0.507151 0.496976 
0.506542 0.351316 0.385333 0.420834 0.663851 
0.863493 0.216466 0.651678 0.892144 0.000165 
0.719031 0.339340 0.846525 0.056545 0.412750 
0.784740 0.219743 0.462644 0.606400 0.313235 
0.966375 0.412210 0.823054 0.096449 0.542565 
0.892089 0.038967 0.929562 0.177598 0.677438 
0.287525 0.324377 0.218070 0.818413 0.704113 
0.592030 0.453872 0.476196 0.775875 0.067268 
0.827831 0.856550 0.593144 0.349226 0.270503 
0.416792 0.249219 0.763911 0.469361 0.774163 
0.728519 0.011261 0.957742 0.473423 0.324185 
0.433156 0.374382 0.664262 0.955263 0.064992 
0.287649 0.787574 0.645231 0.618531 0.549896 
0.671955 0.444785 0.193449 0.485810 0.252217 
0.485022 0.765360 0.129135 0.830779 0.060198 
0.227198 0.205934 0.585262 0.551318 0.399035 
0.238410 0.981566 0.114480 0.754423 0.314338 
0.514458 0.954042 0.019061 0.682508 0.662605 
0.384461 0.361275 0.468657 0.431006 0.713473 
0.947731 0.395187 0.693593 0.060043 0.309858 
0.579164 0.024580 0.900188 0.414973 0.411035 
0.494176 0.481045 0.830196 0.453004 0.438330 
0.579875 0.758791 0.549297 0.460090 0.191710 
0.525773 0.906583 0.348758 0.856147 0.095674 
0.308910 0.302657 0.944321 0.544337 0.694165 
0.866446 0.531045 0.279084 0.435419 0.338675 
0.601551 0.323160 0.782814 0.511874 0.321578 
0.800475 0.993189 0.283613 0.529970 0.518081 
0.688928 0.534643 0.406377 0.732974 0.118686 
0.710024 0.387270 0.186847 0.312813 0.785889 
0.363852 0.677528 0.465430 0.606194 0.453218 
0.691923 0.788396 0.264509 0.253115 0.673822 
0.522258 0.849975 0.158875 0.204251 0.719960 
0.765914 0.282708 0.972627 0.463983 0.313925 
0.338963 0.313991 0.209098 0.755584 0.789915 
0.344448 0.982908 0.641804 0.186740 0.106131 
0.787823 0.053770 0.470168 0.417994 0.451194 
0.363120 0.173936 0.970479 0.301188 0.711868 
0.762598 0.234772 0.354636 0.671130 0.699806 
0.689280 0.326893 0.530749 0.687284 0.384710 
0.661809 0.254594 0.805339 0.498943 0.218232 
0.199673 0.420645 0.687073 0.716012 0.748044 
0.199769 0.052389 0.439687 0.907080 0.770857 
0.375873 0.260896 0.533442 0.458732 0.892498 
0.435403 0.730441 0.253434 0.945944 0.392120 
0.073676 0.429059 0.940041 0.016645 0.925472 
0.187015 0.573593 0.672901 0.379645 0.932964 
0.932004 0.487070 0.612157 0.478191 0.258954 
0.378176 0.724655 0.416687 0.644757 0.261093 
0.556365 0.745243 0.139625 0.107318 0.477998 
0.777844 0.272072 0.903060 0.557129 0.081567 
0.077433 0.851621 0.529577 0.460420 0.577899 
0.567170 0.590928 0.091142 0.094338 0.933570 
0.390721 0.975552 0.106379 0.723309 0.004940 
0.387246 0.729003 0.746964 0.151665 0.318167 
0.735325 0.194840 0.098759 0.333325 0.723462 
0.238824 0.036746 0.711111 0.432708 0.718470 
0.301699 0.694524 0.251098 0.150952 0.817240 
0.867366 0.844182 0.142169 0.329444 0.303765 
0.459712 0.738716 0.243506 0.262741 0.658015 
0.642314 0.465003 0.795303 0.199574 0.259300 
0.030355 0.730342 0.500136 0.873667 0.625240 
0.903688 0.664417 0.502195 0.372209 0.115672 
0.477036 0.073828 0.578051 0.232813 0.323615 
0.093656 0.936020 0.366877 0.161798 0.812663 
0.287335 0.719237 0.607675 0.166263 0.533897 
0.758532 0.540902 0.095783 0.231850 0.863412 
0.971280 0.089018 0.553973 0.716622 0.213234 
0.202885 0.780798 0.398413 0.408683 0.890776 
0.804592 0.180883 0.693022 0.424447 0.240289 
0.419917 0.406474 0.442792 0.825826 0.683999 
0.532215 0.611363 0.548721 0.458147 0.389864 
0.583511 0.621856 0.905030 0.042939 0.341443 
0.422037 0.674835 0.822190 0.446466 0.552778 
0.521887 0.201397 0.797027 0.532859 0.474829 
0.521058 0.961756 0.450547 0.977423 0.136382 
0.802232 0.448418 0.446273 0.140453 0.584354 
0.368362 0.673339 0.902637 0.437658 0.142874 
0.282003 0.765040 0.397942 0.994540 0.070196 
0.894326 0.306242 0.640613 0.549098 0.509186 
0.571064 0.454980 0.518541 0.463217 0.433810 
0.453156 0.016913 0.748951 0.750119 0.807217 
0.281847 0.910505 0.273134 0.068942 0.928674 
0.363229 0.515330 0.821819 0.441623 0.452342 
0.552897 0.264970 0.955926 0.299357 0.428525 
0.777991 0.344354 0.966393 0.136749 0.560898 
0.588389 0.361725 0.116374 0.795356 0.709205 
0.348278 0.345606 0.013996 0.531786 0.994569 
0.534667 0.674425 0.020790 0.760914 0.551870 
0.202932 0.933519 0.117435 0.408122 0.700741 
0.313886 0.175399 0.559448 0.780921 0.529265 
0.825944 0.455810 0.523686 0.587150 0.871332 
0.994866 0.453634 0.062304 0.851901 0.332176 
0.081603 0.344883 0.201475 0.811625 0.968003 
0.610500 0.447767 0.069341 0.621578 0.268338 
0.396880 0.553334 0.748584 0.466540 0.285356 
0.043559 0.371802 0.511453 0.481759 0.729544 
0.015407 0.549807 0.173614 0.890054 0.535556 
0.195531 0.410782 0.476547 0.896713 0.640623 
0.821028 0.316057 0.879136 0.005424 0.508417 
0.756541 0.180192 0.905021 0.531103 0.088016 
0.521520 0.878383 0.297291 0.493192 0.361664 
0.541790 0.843591 0.560492 0.227837 0.275039 
0.474941 0.057302 0.633968 0.176303 0.880766 
0.363029 0.671836 0.549336 0.754855 0.092717 
0.384534 0.953771 0.766189 0.177993 0.326332 
0.929747 0.101757 0.794739 0.419464 0.472703 
0.668780 0.160144 0.987992 0.021362 0.854830 
0.484190 0.133799 0.657911 0.880725 0.259379 
0.538149 0.452829 0.035786 0.613142 0.718035 
0.950764 0.736800 0.284902 0.514435 0.094768 
0.638922 0.434212 0.584055 0.429481 0.447304 
0.890614 0.835572 0.522070 0.169412 0.298681 
0.821806 0.647240 0.079809 0.979941 0.164912 
0.307866 0.565027 0.944403 0.409814 0.508112 
0.149476 0.811854 0.982009 0.047984 0.636090 
0.469176 0.754269 0.592317 0.099587 0.774209 
0.509233 0.657071 0.154910 0.251567 0.516567 
0.412623 0.893205 0.539635 0.452915 0.090877 
0.223031 0.757955 0.970382 0.122097 0.461045 
0.579127 0.062065 0.769728 0.246527 0.754476 
0.346126 0.497458 0.004472 0.847832 0.726042 
0.312614 0.540763 0.823754 0.225657 0.551129 
0.763894 0.397844 0.758193 0.517042 0.341525 
0.335330 0.525641 0.707011 0.024186 0.964189 
0.618775 0.650499 0.418506 0.342437 0.791362 
0.576902 0.097429 0.700381 0.486404 0.324996 
0.523314 0.044255 0.822265 0.264628 0.842660 
0.505736 0.386664 0.191706 0.694737 0.896159 
0.783751 0.110604 0.690256 0.323507 0.574151 
0.645327 0.206842 0.602102 0.974550 0.279344 
0.912022 0.592851 0.583511 0.145062 0.557184 
0.385502 0.990687 0.157001 0.462050 0.220233 
0.083167 0.718932 0.706952 0.858029 0.255452 
0.731116 0.151072 0.817806 0.104181 0.976675 
0.574539 0.362162 0.541372 0.597939 0.483175 
0.778573 0.315444 0.136064 0.558904 0.716160 
0.003682 0.820443 0.548025 0.473791 0.647753 
0.228695 0.708852 0.934363 0.522391 0.101006 
0.493943 0.704457 0.826873 0.564389 0.336435 
0.509404 0.184581 0.840270 0.194797 0.876025 
0.544322 0.505301 0.245696 0.802723 0.806589 
0.477234 0.413612 0.539413 0.697905 0.163902 
0.623527 0.081623 0.567736 0.756620 0.402726 
0.852323 0.765488 0.006028 0.285035 0.714668 
0.591978 0.064075 0.858536 0.378209 0.761257 
0.491896 0.682193 0.092036 0.600888 0.536333 
0.835342 0.609807 0.427177 0.439064 0.713682 
0.607896 0.128313 0.272861 0.528601 0.793903 
0.505263 0.467988 0.639204 0.643998 0.097289 
0.753389 0.063842 0.980726 0.267954 0.542456 
0.156206 0.790890 0.302074 0.514166 0.387597 
0.071689 0.296852 0.954711 0.389574 0.882083 
0.537244 0.283107 0.889887 0.001462 0.504752 
0.159101 0.742494 0.111861 0.758721 0.672069 
0.583181 0.062020 0.612546 0.719399 0.304208 
0.448433 0.727578 0.127401 0.541337 0.679119 
0.500229 0.746417 0.091380 0.918944 0.315283 
0.381038 0.256154 0.364545 0.841194 0.533990 
0.568023 0.523035 0.666761 0.454201 0.340973 
0.877168 0.115685 0.898526 0.819369 0.236022 
0.877174 0.613397 0.067397 0.478941 0.483222 
0.528350 0.718476 0.708503 0.394276 0.113032 
0.649928 0.635260 0.004049 0.485429 0.648275 
0.806793 0.518389 0.428494 0.438655 0.031496 
0.701802 0.343350 0.795087 0.368346 0.239250 
0.315736 0.370789 0.805604 0.546477 0.473381 
0.635439 0.626657 0.586720 0.038378 0.990452 
0.202417 0.576981 0.572469 0.620876 0.658277 
0.528653 0.443423 0.315518 0.618042 0.417801 
0.571022 0.716604 0.057611 0.319469 0.605428 
0.836349 0.203818 0.462951 0.479280 0.756468 
0.030813 0.836042 0.183427 0.426872 0.484824 
0.382799 0.104018 0.486614 0.981815 0.475573 
0.909684 0.281844 0.588938 0.313997 0.091470 
0.536723 0.997440 0.190360 0.040702 0.565627 
0.816083 0.463243 0.754176 0.481959 0.322577 
0.697486 0.499278 0.101374 0.902103 0.548885 
0.708090 0.694651 0.169143 0.537555 0.608317 
0.846834 0.292211 0.940083 0.587625 0.005267 
0.348387 0.233254 0.849415 0.103376 0.733061 
0.215518 0.573172 0.515144 0.010698 0.704371 
0.420475 0.204830 0.586025 0.792323 0.071154 
0.338797 0.364441 0.495796 0.698642 0.489090 
0.622714 0.469756 0.975069 0.438497 0.401742 
0.255809 0.871789 0.213107 0.912012 0.138104 
0.700216 0.813431 0.092653 0.363501 0.771785 
0.015231 0.704865 0.847384 0.141389 0.506365 
0.818066 0.284597 0.412345 0.580082 0.089801 
0.858631 0.122240 0.860996 0.355337 0.399723 
0.756529 0.432863 0.630569 0.392522 0.367264 
0.545200 0.012539 0.829392 0.678803 0.559035 
0.421385 0.617235 0.500063 0.915581 0.238789 
0.766461 0.528919 0.480442 0.877218 0.446189 
0.627837 0.553793 0.406066 0.812905 0.166456 
0.490725 0.541868 0.045951 0.697983 0.772679 
0.580855 0.782333 0.345699 0.345348 0.609096 
0.679236 0.869021 0.202768 0.336296 0.076268 
0.797002 0.595189 0.040203 0.952700 0.274262 
0.530225 0.794590 0.445843 0.026629 0.713129 
0.746439 0.507745 0.431700 0.523597 0.187237 
0.821904 0.492667 0.669116 0.276018 0.224716 
0.476597 0.226054 0.524108 0.425592 0.804997 
0.110018 0.455050 0.070517 0.889703 0.696690 
0.156202 0.655764 0.707076 0.525224 0.369204 
0.773043 0.730971 0.072334 0.590289 0.412955 
0.613711 0.296974 0.920183 0.505350 0.032734 
0.550622 0.598956 0.270700 0.715645 0.254155 
0.574898 0.462005 0.449139 0.680166 0.468438 
0.336142 0.275031 0.465920 0.787524 0.356345 
0.712976 0.637204 0.542955 0.542258 0.282392 
0.390322 0.914573 0.408549 0.877347 0.105962 
0.479267 0.019273 0.764034 0.835998 0.327726 
0.986374 0.659974 0.383464 0.349061 0.113075 
0.393019 0.805839 0.279594 0.561216 0.369751 
0.456086 0.312041 0.337765 0.748404 0.870229 
0.700353 0.545779 0.484073 0.465694 0.580528 
0.503946 0.435980 0.704438 0.339010 0.690875 
0.513683 0.656368 0.305407 0.103007 0.735539 
0.247933 0.556528 0.378791 0.431922 0.879520 
0.318224 0.699680 0.172006 0.933780 0.324388 
0.439365 0.884055 0.270977 0.570500 0.319263 
0.629351 0.014562 0.686662 0.504683 0.670747 
0.334785 0.408767 0.329018 0.758384 0.671674 
0.336421 0.456905 0.759949 0.066064 0.649371 
0.768715 0.723554 0.252261 0.061724 0.601767 
0.347626 0.288243 0.722761 0.314248 0.524551 
0.241482 0.559419 0.623661 0.757000 0.173032 
0.937930 0.735268 0.180325 0.320178 0.493568 
0.192536 0.589969 0.608209 0.278719 0.452841 
0.476439 0.827353 0.393394 0.285746 0.332903 
0.657094 0.360517 0.757905 0.093038 0.771716 
0.572417 0.968885 0.094685 0.154861 0.712426 
0.637106 0.463309 0.829205 0.514828 0.172573 
0.392247 0.483221 0.540320 0.420728 0.673857 
0.215504 0.753265 0.168410 0.957169 0.277671 
0.528585 0.517417 0.393472 0.364420 0.720914 
0.389361 0.466751 0.234147 0.379467 0.840532 
0.934835 0.012490 0.433761 0.497493 0.463600 
0.522405 0.020905 0.192948 0.815937 0.717478 
0.233271 0.980887 0.475450 0.323492 0.252749 
0.664094 0.611455 0.112760 0.812603 0.354827 
0.137365 0.595043 0.127618 0.945711 0.737095 
0.360779 0.346676 0.919690 0.303840 0.761006 
0.479761 0.519395 0.181425 0.777906 0.445899 
0.082656 0.479202 0.413457 0.741730 0.804169 
0.054304 0.728592 0.360197 0.794606 0.473063 
0.468121 0.390352 0.633068 0.080809 0.851889 
0.667439 0.193152 0.785237 0.379195 0.840221 
0.665578 0.408205 0.805889 0.599483 0.129270 
0.706925 0.582363 0.127006 0.694462 0.420906 
0.574704 0.683402 0.994908 0.033595 0.277449 
0.028180 0.472723 0.699150 0.451887 0.910328 
0.719096 0.546932 0.450209 0.625429 0.052119 
0.673673 0.266033 0.569615 0.014727 0.908695 
0.860262 0.765738 0.506438 0.336616 0.181432 
0.206074 0.271668 0.827325 0.270279 0.923530 
0.300332 0.766933 0.541820 0.154772 0.477689 
0.274848 0.238809 0.745562 0.456704 0.640096 
0.342095 0.314323 0.442717 0.799022 0.696765 
0.151069 0.061039 0.564288 0.848646 0.670955 
0.608307 0.556906 0.854345 0.432563 0.453793 
0.166984 0.791324 0.121619 0.997706 0.438045 
0.714440 0.496693 0.581988 0.306099 0.379724 
0.815292 0.155597 0.064446 0.894645 0.250275 
0.223601 0.510448 0.476144 0.854853 0.729518 
0.725706 0.275789 0.669774 0.278510 0.545008 
0.555129 0.638983 0.587689 0.720514 0.213364 
0.295209 0.652046 0.563279 0.522084 0.281862 
0.880918 0.657132 0.080191 0.382648 0.479174 
0.635205 0.306593 0.783502 0.603998 0.145174 
0.359060 0.346618 0.355710 0.652738 0.643965 
0.541117 0.448111 0.153559 0.689695 0.940269 
0.491342 0.826566 0.481410 0.492586 0.345597 
0.141457 0.971294 0.515819 0.584552 0.360125 
0.401016 0.285535 0.975557 0.348012 0.650249 
0.423591 0.539623 0.442820 0.587736 0.377087 
0.353751 0.462022 0.344668 0.087055 0.919990 
0.495339 0.389703 0.532561 0.225552 0.737751 
0.987914 0.114959 0.446291 0.201193 0.544009 
0.775848 0.142828 0.990512 0.736384 0.027741 
0.718120 0.239152 0.883786 0.653540 0.256991 
0.911166 0.236596 0.654364 0.169056 0.508290 
0.469133 0.722087 0.844146 0.389688 0.131530 
0.371491 0.455277 0.923831 0.356735 0.853570 
0.302383 0.308249 0.245177 0.896610 0.846539 
0.570038 0.108398 0.750398 0.552441 0.741134 
0.110003 0.417200 0.872198 0.372233 0.897075 
0.405383 0.398153 0.862145 0.186346 0.608599 
0.249058 0.589548 0.517760 0.771471 0.417628 
0.872322 0.390487 0.699680 0.644522 0.239850 
0.953358 0.485125 0.570619 0.495323 0.599197 
0.470209 0.541403 0.068838 0.393095 0.700071 
0.734923 0.514733 0.310159 0.145819 0.769827 
0.611549 0.082009 0.648011 0.208970 0.618939 
0.310532 0.334451 0.994107 0.562790 0.431433 
0.343522 0.590524 0.538761 0.477904 0.245243 
0.445969 0.783126 0.614627 0.644683 0.239246 
0.241289 0.813919 0.309401 0.333788 0.872556 
0.803496 0.266012 0.579963 0.138123 0.801758 
0.794449 0.362966 0.815815 0.514426 0.124998 
0.287702 0.324187 0.663930 0.471352 0.782775 
0.393158 0.724754 0.085728 0.807118 0.527934 
0.369376 0.840644 0.376390 0.175491 0.826181 
0.436379 0.770151 0.319152 0.615695 0.332356 
0.677948 0.209939 0.133393 0.654952 0.576549 
0.445684 0.553245 0.734286 0.552371 0.484998 
0.517389 0.773416 0.295563 0.919431 0.048731 
0.422561 0.637314 0.586324 0.468541 0.452394 
0.304281 0.426534 0.486614 0.824954 0.564438 
0.916019 0.566016 0.084531 0.480071 0.519697 
0.190288 0.513127 0.708969 0.147886 0.862223 
0.077088 0.831854 0.376903 0.629445 0.841933 
0.182596 0.649231 0.537441 0.720316 0.140069 
0.139088 0.176210 0.807345 0.873614 0.483994 
0.363885 0.737160 0.723917 0.537042 0.363499 
0.008401 0.542780 0.392488 0.923997 0.630499 
0.909264 0.420722 0.196417 0.158422 0.747301 
0.154978 0.321079 0.508313 0.684228 0.680329 
0.330039 0.563394 0.879170 0.233487 0.135002 
0.586631 0.278065 0.576245 0.705427 0.191032 
0.191375 0.849049 0.476772 0.425192 0.694395 
0.525118 0.064267 0.462172 0.476727 0.685284 
0.694825 0.331357 0.642366 0.665374 0.185071 
0.587652 0.291745 0.381190 0.684850 0.585160 
0.622323 0.400571 0.998521 0.232267 0.397646 
0.283983 0.444357 0.362570 0.356964 0.783673 
0.496603 0.927841 0.597372 0.097790 0.322559 
0.564337 0.250584 0.378489 0.592870 0.711065 
0.548831 0.160157 0.094576 0.719475 0.686290 
0.197226 0.613354 0.740229 0.575800 0.422081 
0.468734 0.731128 0.418613 0.519924 0.773667 
0.174187 0.911738 0.166840 0.804800 0.451726 
0.399481 0.009918 0.601120 0.536921 0.724857 
0.676456 0.438974 0.742805 0.404436 0.116203 
0.288050 0.292958 0.365706 0.452350 0.899103 
0.421857 0.419618 0.213375 0.744193 0.504524 
0.809861 0.340832 0.368367 0.441086 0.807448 
0.532696 0.684968 0.983349 0.039269 0.175886 
0.336468 0.475730 0.956261 0.231498 0.767465 
0.668120 0.442743 0.353485 0.743259 0.447026 
0.718174 0.442416 0.116601 0.622253 0.289121 
0.494832 0.766513 0.072205 0.631188 0.485541 
0.407418 0.571837 0.764342 0.927491 0.106869 
0.174477 0.891322 0.635260 0.214939 0.750145 
0.584803 0.617273 0.920712 0.009860 0.447918 
0.997653 0.585661 0.137715 0.459080 0.377891 
0.615109 0.303166 0.655389 0.585354 0.161048 
0.265528 0.630906 0.102168 0.935823 0.426593 
0.840599 0.064875 0.985719 0.221852 0.485206 
0.886306 0.045514 0.560179 0.378660 0.318295 
0.184292 0.361866 0.451138 0.802701 0.505939 
0.901999 0.870529 0.037801 0.005170 0.623980 
0.579339 0.789730 0.596413 0.417786 0.079597 
0.846842 0.881159 0.057843 0.153614 0.570928 
0.360029 0.066590 0.398939 0.769730 0.743154 
0.770066 0.376720 0.279617 0.523154 0.573476 
0.503018 0.442199 0.907159 0.408375 0.476516 
0.886467 0.164179 0.385794 0.574485 0.723511 
0.122509 0.536428 0.302890 0.345281 0.843387 
0.235485 0.259752 0.743680 0.425314 0.859652 
0.114414 0.794486 0.469652 0.141694 0.709733 
0.647926 0.594540 0.228228 0.330893 0.794962 
0.673919 0.605335 0.221529 0.760598 0.631012 
0.516513 0.477807 0.476778 0.930320 0.347962 
0.382700 0.528239 0.348739 0.640865 0.292003 
0.100701 0.743963 0.355638 0.863262 0.384031 
0.260449 0.674361 0.143316 0.576335 0.792994 
0.767177 0.200001 0.694319 0.676436 0.059618 
0.098838 0.835517 0.158999 0.546006 0.939392 
0.008952 0.115135 0.989376 0.690921 0.432426 
0.756558 0.026072 0.554894 0.362572 0.915728 
0.341331 0.579237 0.081434 0.594930 0.802553 
0.917252 0.605597 0.376258 0.083807 0.415862 
0.626280 0.723282 0.047237 0.944828 0.231652 
0.572250 0.582163 0.139169 0.792790 0.336170 
0.291870 0.900428 0.660531 0.377050 0.508399 
0.675870 0.604280 0.727556 0.565558 0.187263 
0.785370 0.377519 0.675289 0.098110 0.904393 
0.760694 0.610858 0.618554 0.384547 0.487411 
0.432862 0.256191 0.449491 0.324284 0.882980 
0.224214 0.797364 0.660993 0.596785 0.142222 
0.854370 0.618307 0.853759 0.051850 0.423479 
0.986212 0.800161 0.354189 0.364075 0.063808 
0.608732 0.759874 0.083968 0.758800 0.342205 
0.767195 0.501178 0.224878 0.888702 0.369217 
0.409561 0.222860 0.600763 0.934800 0.514995 
0.165535 0.739984 0.689717 0.597273 0.351967 
0.805356 0.582538 0.015883 0.358576 0.875286 
0.412874 0.381147 0.317763 0.698155 0.756714 
0.626702 0.304700 0.774725 0.560876 0.163122 
0.329482 0.528821 0.124068 0.687045 0.715448 
0.945040 0.563706 0.309118 0.363803 0.361407 
0.458040 0.836713 0.118575 0.357768 0.595595 
0.910988 0.548494 0.554949 0.461358 0.003965 
0.442663 0.503947 0.761802 0.668522 0.171457 
0.269545 0.202080 0.180948 0.505033 0.994698 
0.555991 0.266913 0.279949 0.922684 0.339061 
0.452526 0.685723 0.568252 0.910814 0.312470 
0.725494 0.430695 0.603539 0.437866 0.473938 
0.881986 0.245186 0.863798 0.498147 0.325223 
0.719731 0.836483 0.113608 0.732009 0.012614 
0.255019 0.659810 0.258113 0.852854 0.382557 
0.529061 0.226473 0.719347 0.228847 0.955967 
0.578554 0.336953 0.413408 0.643789 0.622337 
0.507151 0.610518 0.481534 0.096601 0.849155 
0.825492 0.092210 0.269383 0.794930 0.398015 
0.881618 0.881578 0.226526 0.508127 0.140235 
0.238160 0.506357 0.736878 0.273057 0.424306 
0.559881 0.342592 0.847179 0.078850 0.567307 
0.886416 0.493396 0.695101 0.422395 0.469503 
0.335850 0.584239 0.842790 0.745284 0.153988 
0.667851 0.586256 0.343301 0.510155 0.175803 
0.930391 0.317336 0.769729 0.217243 0.248312 
0.433745 0.043002 0.781925 0.855245 0.568139 
0.047422 0.911539 0.250777 0.206680 0.996431 
0.482830 0.721280 0.034118 0.551718 0.533450 
0.233450 0.503111 0.940528 0.628345 0.598259 
0.637401 0.482050 0.128613 0.136355 0.367311 
0.412444 0.516520 0.025097 0.507752 0.951852 
0.156294 0.604332 0.792059 0.657696 0.189594 
0.744135 0.739960 0.341557 0.334167 0.880500 
0.210530 0.906969 0.646577 0.046527 0.911074 
0.549597 0.563720 0.506101 0.459653 0.414505 
0.547204 0.623878 0.391896 0.449989 0.833465 
0.557228 0.449106 0.672353 0.344650 0.464079 
0.667871 0.893004 0.296698 0.215530 0.100303 
0.296687 0.431899 0.497924 0.804430 0.276266 
0.040849 0.897568 0.344100 0.785768 0.215819 
0.369106 0.468720 0.797692 0.548096 0.164913 
0.678758 0.086778 0.246960 0.672918 0.425997 
0.643876 0.412032 0.743066 0.327209 0.166255 
0.354780 0.569018 0.633679 0.684204 0.450361 
0.739292 0.882430 0.586575 0.142685 0.073156 
0.453189 0.474702 0.792954 0.411329 0.686435 
0.811381 0.270864 0.616141 0.363447 0.360593 
0.615102 0.266259 0.941500 0.584057 0.375134 
0.433763 0.676209 0.510279 0.375967 0.554907 
0.942488 0.260440 0.831773 0.163363 0.108606 
0.562570 0.505087 0.336818 0.273469 0.887417 
0.458788 0.518214 0.941951 0.214442 0.497083 
0.379158 0.871339 0.030417 0.736611 0.413827 
0.236070 0.545208 0.497999 0.620471 0.793956 
0.669005 0.662544 0.561958 0.460879 0.422547 
0.410838 0.322947 0.890828 0.177606 0.955368 
0.918303 0.684237 0.061890 0.887823 0.313125 
0.787594 0.137595 0.507323 0.827414 0.148500 
0.418520 0.488266 0.761446 0.710906 0.033496 
0.477073 0.302509 0.357302 0.776509 0.729424 
0.470937 0.189677 0.787214 0.586974 0.281713 
0.179779 0.488355 0.865519 0.250650 0.612926 
0.200141 0.704484 0.525581 0.711483 0.540208 
0.999582 0.242835 0.642225 0.521723 0.205105 
0.371591 0.145976 0.642449 0.892682 0.461411 
0.739902 0.466003 0.293200 0.267239 0.717797 
0.044659 0.351591 0.813355 0.423704 0.479434 
0.116643 0.446415 0.833571 0.174901 0.616322 
0.834810 0.391893 0.842420 0.380114 0.032837 
0.489721 0.554962 0.858854 0.134419 0.229008 
0.176078 0.657355 0.989442 0.594113 0.168062 
0.144111 0.944440 0.646878 0.171184 0.484847 
0.420142 0.700706 0.653564 0.201806 0.894072 
0.194105 0.527606 0.622541 0.898511 0.037435 
0.186950 0.687876 0.353751 0.735849 0.446912 
0.633589 0.199984 0.548266 0.141366 0.821572 
0.358287 0.213476 0.898892 0.656911 0.193230 
0.069701 0.824367 0.538103 0.262201 0.801578 
0.338284 0.502159 0.812059 0.286740 0.419390 
0.805890 0.294150 0.559380 0.772021 0.298695 
0.321187 0.280327 0.953047 0.744714 0.292059 
0.720459 0.557519 0.658452 0.204607 0.140356 
0.893196 0.141693 0.647984 0.373558 0.764936 
0.424820 0.539336 0.524393 0.186404 0.914579 
0.684440 0.547291 0.538486 0.251908 0.523412 
0.521880 0.359435 0.964994 0.192874 0.774557 
0.285241 0.901741 0.336187 0.603924 0.736830 
0.606750 0.335659 0.726255 0.191027 0.407832 
0.089752 0.494862 0.861710 0.840073 0.231218 
0.830171 0.700578 0.091811 0.343993 0.669623 
0.748029 0.433119 0.958690 0.331465 0.306816 
0.861123 0.573002 0.423591 0.437948 0.305150 
0.220741 0.843685 0.251986 0.118163 0.822300 
0.244144 0.772429 0.435093 0.758024 0.353901 
0.437303 0.295285 0.964744 0.039065 0.685230 
0.737469 0.504154 0.277433 0.464061 0.404127 
0.050889 0.763781 0.832834 0.451304 0.284852 
0.157861 0.916671 0.079842 0.411536 0.974431 
0.783385 0.332009 0.216193 0.311315 0.778510 
0.571259 0.131685 0.764088 0.543792 0.474758 
0.773478 0.511430 0.049300 0.695421 0.349345 
0.598167 0.449426 0.086023 0.075831 0.941101 
0.285602 0.522510 0.721193 0.590567 0.506628 
0.384577 0.834339 0.285058 0.652911 0.905585 
0.133436 0.850768 0.621148 0.310686 0.874583 
0.815386 0.546212 0.580470 0.087092 0.423338 
0.402581 0.318363 0.610874 0.323415 0.775683 
0.318271 0.177247 0.656578 0.843003 0.765398 
0.481886 0.431723 0.423090 0.834819 0.190710 
0.556772 0.033445 0.497798 0.694163 0.584693 
0.356395 0.769594 0.424276 0.781970 0.524530 
0.979444 0.452817 0.342429 0.228953 0.379717 
0.097743 0.517591 0.841655 0.350621 0.303317 
0.351360 0.914481 0.253963 0.569329 0.861005 
0.963047 0.283610 0.220730 0.298344 0.687254 
0.171678 0.221854 0.270245 0.995644 0.518331 
0.315227 0.339434 0.256563 0.667642 0.742044 
0.463597 0.927864 0.291647 0.532776 0.176102 
0.684074 0.733582 0.393621 0.384391 0.318292 
0.401642 0.484592 0.415580 0.765186 0.325323 
0.544916 0.510400 0.418850 0.791777 0.327025 
0.758129 0.845587 0.153529 0.070368 0.466949 
0.554020 0.054418 0.410053 0.346163 0.785871 
0.289708 0.559119 0.483339 0.888790 0.196963 
0.140517 0.644038 0.590803 0.333572 0.539946 
0.482354 0.712983 0.090544 0.830307 0.498654 
0.402869 0.963755 0.704592 0.290986 0.020219 
0.459493 0.943871 0.287950 0.717607 0.116494 
0.504516 0.377773 0.505838 0.928637 0.638757 
0.038802 0.874214 0.271158 0.102112 0.905963 
0.954668 0.519901 0.634886 0.309823 0.080659 
0.870217 0.016679 0.504593 0.825617 0.085071 
0.495055 0.384374 0.433035 0.873156 0.388237 
0.086183 0.518244 0.526972 0.387815 0.896889 
0.761710 0.362667 0.541191 0.321759 0.864039 
0.065645 0.727053 0.415027 0.533096 0.893186 
0.293427 0.581626 0.124365 0.805955 0.868186 
0.508029 0.863093 0.013730 0.954790 0.324130 
0.586338 0.740316 0.138117 0.919355 0.316854 
0.328366 0.527345 0.605722 0.433595 0.649283 
0.674076 0.448452 0.551069 0.508825 0.403259 
0.851060 0.454165 0.036759 0.379340 0.981863 
0.651330 0.672262 0.467544 0.173050 0.763232 
0.576914 0.144421 0.326785 0.371007 0.735012 
0.910045 0.354560 0.173377 0.248361 0.444922 
0.822421 0.402668 0.107606 0.787980 0.215944 
0.487581 0.160569 0.511829 0.927393 0.714986 
0.451832 0.470040 0.607074 0.391593 0.824676 
0.494526 0.495146 0.947229 0.013188 0.700938 
0.603346 0.303691 0.853473 0.375967 0.387236 
0.456657 0.719189 0.665099 0.205306 0.271999 
0.384190 0.388730 0.338277 0.901809 0.429146 
0.058183 0.976443 0.635865 0.474881 0.378710 
0.642500 0.100510 0.280391 0.632194 0.712854 
0.804591 0.862348 0.598262 0.095608 0.322226 
0.544261 0.064549 0.983350 0.041176 0.683101 
0.576833 0.688750 0.338726 0.809603 0.112617 
0.583324 0.820228 0.093014 0.858116 0.375412 
0.248943 0.407278 0.766018 0.339802 0.637441 
0.760857 0.146166 0.278542 0.672377 0.494712 
0.605755 0.505900 0.936558 0.494593 0.191077 
0.433849 0.634208 0.671911 0.430955 0.410688 
0.524360 0.968133 0.316098 0.079584 0.802675 
0.055223 0.204330 0.840798 0.072689 0.997900 
0.895541 0.098580 0.852218 0.606487 0.148420 
0.753998 0.586088 0.272761 0.821495 0.213257 
0.565925 0.366370 0.503341 0.209273 0.286012 
0.927568 0.221895 0.224149 0.188423 0.650917 
0.999790 0.525317 0.645698 0.368386 0.417671 
0.718690 0.506883 0.676420 0.365951 0.330965 
0.809203 0.307336 0.639134 0.553733 0.567507 
0.810114 0.280690 0.754114 0.496854 0.258244 
0.338950 0.189644 0.428490 0.870289 0.873364 
0.423890 0.346066 0.420314 0.909068 0.186000 
0.473583 0.560797 0.329759 0.845612 0.211884 
0.497105 0.130521 0.784865 0.870640 0.268211 
0.469201 0.825989 0.130177 0.745949 0.549529 
0.335794 0.528350 0.491904 0.259359 0.782492 
0.281357 0.355018 0.612408 0.522782 0.544710 
0.304660 0.249405 0.753473 0.849252 0.599682 
0.886437 0.393314 0.408736 0.685398 0.271770 
0.014211 0.929711 0.292239 0.938166 0.064106 
0.111901 0.294391 0.512866 0.118109 0.999827 
0.387978 0.805497 0.454413 0.431612 0.422949 
0.077327 0.804505 0.713794 0.608018 0.337677 
0.514991 0.580907 0.137895 0.388320 0.682933 
0.045469 0.545159 0.448658 0.997457 0.342891 
0.403513 0.867104 0.471582 0.126157 0.875023 
0.637211 0.312186 0.472884 0.597917 0.398158 
0.625847 0.816530 0.779794 0.230385 0.426266 
0.785878 0.097560 0.882829 0.528831 0.273953 
0.326007 0.133559 0.736058 0.531568 0.415917 
0.261253 0.900489 0.213736 0.381726 0.717292 
0.000315 0.638862 0.969911 0.208072 0.964771 
0.617825 0.246530 0.644245 0.510043 0.701493 
0.602362 0.626334 0.765124 0.465842 0.255432 
0.765532 0.612618 0.130235 0.316174 0.672903 
0.370364 0.568802 0.560123 0.623208 0.646397 
0.856184 0.181974 0.725039 0.235015 0.395423 
0.741492 0.088090 0.561077 0.952119 0.243784 
0.602383 0.502908 0.114038 0.544966 0.708352 
0.501801 0.302655 0.369584 0.652748 0.157660 
0.076822 0.817618 0.197684 0.668599 0.972089 
0.183592 0.389583 0.819442 0.172961 0.932813 
0.719736 0.107498 0.256922 0.957013 0.619843 
0.165036 0.692167 0.791953 0.071695 0.542395 
0.104077 0.643518 0.843644 0.031293 0.769050 
0.250233 0.650875 0.788485 0.064348 0.797490 
0.085463 0.286285 0.428155 0.864727 0.975195 
0.436779 0.395203 0.246966 0.644551 0.861472 
0.105936 0.493035 0.887453 0.210769 0.898176 
0.806267 0.439478 0.817460 0.323316 0.021526 
0.817319 0.194893 0.490649 0.656133 0.474321 
0.308205 0.408136 0.678800 0.242834 0.571117 
0.414862 0.531167 0.625881 0.184285 0.899329 
0.304148 0.384861 0.786203 0.332605 0.777847 
0.918186 0.601401 0.281093 0.399740 0.240417 
0.117562 0.654504 0.430220 0.729078 0.601722 
0.582926 0.256484 0.128004 0.931223 0.394462 
0.930193 0.195007 0.555767 0.550626 0.629384 
0.024523 0.329673 0.379575 0.910781 0.936470 
0.560214 0.948367 0.380090 0.145293 0.734703 
0.710204 0.063891 0.966625 0.352471 0.221016 
0.008687 0.925531 0.271558 0.534550 0.881864 
0.926247 0.130139 0.731102 0.136571 0.506224 
0.232047 0.830998 0.079919 0.622474 0.613904 
0.405632 0.860870 0.845543 0.328743 0.247742 
0.622272 0.402281 0.251812 0.661340 0.417480 
0.018657 0.777230 0.038428 0.437765 0.878682 
0.246601 0.510050 0.734782 0.450713 0.376341 
0.186563 0.429768 0.655308 0.803482 0.329888 
0.554139 0.592782 0.776398 0.573094 0.183390 
0.658741 0.213312 0.957084 0.113899 0.327887 
0.518330 0.391245 0.457963 0.080989 0.704854 
0.623739 0.555074 0.290146 0.674234 0.406857 
0.340968 0.333089 0.937022 0.151561 0.752032 
0.373599 0.593883 0.503473 0.590786 0.520288 
0.915669 0.120563 0.520366 0.190546 0.832779 
0.297507 0.601769 0.269542 0.491611 0.963521 
0.910416 0.278021 0.597599 0.448112 0.452175 
0.391201 0.689612 0.666979 0.315314 0.485132 
0.598546 0.564883 0.734203 0.346588 0.529704 
0.347777 0.419446 0.665212 0.524366 0.594939 
0.523037 0.694878 0.713841 0.540323 0.264110 
0.003132 0.600140 0.597592 0.838911 0.338979 
0.403343 0.561888 0.926202 0.111059 0.220001 
0.681952 0.342524 0.164430 0.398282 0.879771 
0.419189 0.420844 0.911118 0.137822 0.667766 
0.470023 0.209482 0.379917 0.753739 0.602228 
0.726472 0.701861 0.018511 0.442248 0.734910 
0.016477 0.886237 0.362610 0.555499 0.852405 
0.703783 0.505021 0.460598 0.756675 0.405856 
0.306504 0.665302 0.314645 0.634200 0.645048 
0.811367 0.713550 0.063297 0.320204 0.404835 
0.250037 0.414338 0.701980 0.573090 0.550190 
0.057376 0.544642 0.649691 0.504046 0.453232 
0.119816 0.719663 0.584852 0.096327 0.756604 
0.550219 0.482104 0.823070 0.729341 0.138076 
0.770459 0.278411 0.366645 0.476457 0.492266 
0.402832 0.815099 0.228121 0.269449 0.732791 
0.452493 0.163489 0.526298 0.285132 0.798144 
0.809253 0.241416 0.607423 0.755486 0.064521 
0.414777 0.538935 0.862730 0.244795 0.587130 
0.215728 0.667249 0.768379 0.667402 0.323068 
0.158378 0.328680 0.684104 0.297222 0.942262 
0.067897 0.553707 0.898218 0.275410 0.915630 
0.917787 0.025590 0.665624 0.579951 0.064388 
0.688324 0.767433 0.026092 0.577267 0.801696 
