2000 5
0.161071 0.286674 0.310467 0.895750 0.969375 
0.920349 0.304558 0.371431 0.966413 0.846094 
0.731508 0.180901 0.877841 0.214728 0.212083 
0.980915 0.611904 0.372139 0.963601 0.431973 
0.462517 0.489834 0.804127 0.850705 0.576495 
0.252984 0.133168 0.728178 0.744612 0.956064 
0.440425 0.905683 0.242738 0.750891 0.801433 
0.212113 0.671241 0.105992 0.583544 0.637653 
0.952085 0.315052 0.818554 0.829927 0.529779 
0.030637 0.810841 0.141683 0.402776 0.774442 
0.573656 0.865293 0.264276 0.377783 0.715998 
0.840771 0.630767 0.849167 0.568950 0.375380 
0.805231 0.009374 0.281063 0.047969 0.760266 
0.082496 0.260082 0.431506 0.188488 0.843626 
0.069159 0.140573 0.158678 0.887713 0.970500 
0.688457 0.918350 0.781341 0.830141 0.321127 
0.555783 0.403797 0.186420 0.820060 0.781580 
0.902418 0.660831 0.412347 0.751585 0.229780 
0.787727 0.556815 0.239154 0.068789 0.604784 
0.999420 0.151285 0.864867 0.430926 0.339773 
0.708493 0.500086 0.480346 0.867171 0.387799 
0.450846 0.555629 0.306149 0.232187 0.385769 
0.627275 0.787971 0.789566 0.813695 0.608030 
0.571146 0.716113 0.268861 0.983493 0.467698 
0.498641 0.771220 0.024513 0.737796 0.840009 
0.629298 0.737216 0.991294 0.494165 0.168142 
0.331068 0.202658 0.668228 0.811414 0.069829 
0.056026 0.262260 0.625458 0.362175 0.494447 
0.011227 0.989450 0.282418 0.800793 0.803145 
0.890448 0.371939 0.519259 0.159309 0.355432 
0.986956 0.657950 0.126651 0.011470 0.395746 
0.966660 0.640767 0.132961 0.957955 0.134932 
0.301103 0.289022 0.337590 0.969331 0.100436 
0.407419 0.025357 0.362696 0.032876 0.387532 
0.857143 0.044103 0.376983 0.139561 0.844896 
0.180128 0.030009 0.216835 0.699387 0.189317 
0.572266 0.686343 0.847267 0.698918 0.697813 
0.243013 0.665578 0.338580 0.375974 0.623533 
0.473512 0.677078 0.912555 0.811101 0.646409 
0.012992 0.218520 0.671766 0.375688 0.251396 
0.059298 0.232831 0.295499 0.436281 0.372392 
0.140395 0.616410 0.402401 0.357230 0.315797 
0.591718 0.929496 0.002140 0.438985 0.628414 
0.699953 0.681998 0.293992 0.038533 0.057973 
0.917525 0.512044 0.735050 0.830081 0.323146 
0.381459 0.843072 0.541666 0.053225 0.218760 
0.793062 0.112524 0.451592 0.088561 0.548805 
0.823984 0.228956 0.165215 0.226385 0.586186 
0.481011 0.818103 0.515682 0.483151 0.257088 
0.144096 0.183104 0.939087 0.438088 0.221636 
0.997059 0.355613 0.733681 0.732110 0.185694 
0.056827 0.113569 0.028766 0.598492 0.166794 
0.247527 0.391554 0.279318 0.699118 0.480115 
0.828123 0.523102 0.709071 0.993338 0.749487 
0.295257 0.474349 0.567590 0.810938 0.957500 
0.824678 0.955034 0.140604 0.763765 0.393123 
0.362240 0.760824 0.748736 0.095921 0.492934 
0.934430 0.152747 0.606503 0.963196 0.751240 
0.773297 0.210723 0.142794 0.052614 0.909841 
0.622909 0.880737 0.432943 0.331980 0.874075 
0.182430 0.627236 0.348424 0.750020 0.438175 
0.305924 0.574698 0.393209 0.446528 0.338463 
0.786332 0.808768 0.099288 0.535068 0.904689 
0.592222 0.469498 0.057436 0.198724 0.432694 
0.808676 0.972021 0.643417 0.951470 0.024635 
0.553258 0.574378 0.905373 0.986201 0.906358 
0.779448 0.168632 0.533594 0.127871 0.918652 
0.971769 0.433795 0.493350 0.364978 0.880323 
0.831814 0.151309 0.689090 0.931102 0.686377 
0.593779 0.523323 0.155874 0.651215 0.722047 
0.588568 0.459891 0.694068 0.231985 0.411361 
0.718703 0.785243 0.985739 0.624076 0.771445 
0.892097 0.403524 0.940076 0.425691 0.531395 
0.858728 0.397460 0.965190 0.352079 0.762438 
0.845513 0.183893 0.913747 0.534603 0.114994 
0.600124 0.128382 0.638317 0.755999 0.779598 
0.360365 0.344567 0.239489 0.054433 0.576552 
0.650850 0.773136 0.361795 0.636589 0.397212 
0.133240 0.528687 0.800736 0.073316 0.954378 
0.332131 0.932045 0.351838 0.297321 0.284123 
0.114276 0.142834 0.468016 0.028023 0.677437 
0.583010 0.628147 0.805819 0.221328 0.384146 
0.585417 0.581692 0.728713 0.824906 0.636125 
0.305265 0.475757 0.409261 0.667060 0.112346 
0.806473 0.800300 0.641033 0.607209 0.873616 
0.595411 0.939340 0.805661 0.947249 0.236661 
0.089784 0.061525 0.379494 0.557800 0.089548 
0.056931 0.140810 0.717696 0.862751 0.362138 
0.101842 0.448168 0.943830 0.830555 0.273074 
0.579955 0.135820 0.748831 0.989216 0.802880 
0.861177 0.795689 0.603180 0.502210 0.402898 
0.476796 0.097621 0.342238 0.282457 0.044870 
0.578899 0.372241 0.106395 0.958393 0.930041 
0.195943 0.015325 0.070851 0.913639 0.878075 
0.432989 0.015481 0.326243 0.376819 0.846036 
0.599318 0.956774 0.981856 0.348149 0.945990 
0.784736 0.209325 0.741679 0.387916 0.711535 
0.144578 0.864712 0.809156 0.486816 0.147168 
0.854025 0.065715 0.519409 0.960420 0.024108 
0.449449 0.156363 0.039433 0.520300 0.070002 
0.917508 0.953289 0.085483 0.243752 0.330108 
0.931519 0.843069 0.286882 0.913374 0.191218 
0.232872 0.698110 0.400543 0.974551 0.086025 
0.112078 0.119129 0.950737 0.921234 0.605945 
0.097905 0.775259 0.671660 0.617314 0.735679 
0.695768 0.066763 0.892043 0.735200 0.587063 
0.962045 0.652709 0.540351 0.047528 0.896460 
0.870459 0.979047 0.739529 0.157341 0.892421 
0.930747 0.390213 0.590531 0.331291 0.364765 
0.676556 0.443369 0.483894 0.627293 0.364603 
0.089839 0.725198 0.139862 0.761498 0.342512 
0.875542 0.457266 0.409275 0.767584 0.192466 
0.996337 0.729629 0.845175 0.536689 0.777157 
0.741635 0.407148 0.756204 0.481164 0.564489 
0.648625 0.411912 0.954703 0.239157 0.743203 
0.319468 0.915713 0.186572 0.803361 0.543006 
0.551175 0.893200 0.268205 0.691037 0.654699 
0.610717 0.566579 0.111965 0.019992 0.334163 
0.304431 0.016329 0.063793 0.149606 0.553018 
0.840950 0.891241 0.960166 0.597154 0.372405 
0.524655 0.245780 0.784317 0.479358 0.484936 
0.527520 0.798825 0.400649 0.714091 0.602187 
0.943656 0.265266 0.495387 0.211860 0.956303 
0.150086 0.822577 0.522882 0.262051 0.842569 
0.857046 0.566482 0.858898 0.920838 0.716087 
0.411915 0.761788 0.607328 0.372081 0.358942 
0.979733 0.896736 0.604722 0.764050 0.376094 
0.089658 0.291570 0.174920 0.490308 0.005661 
0.777106 0.433963 0.270927 0.272494 0.645824 
0.227230 0.422579 0.468401 0.750112 0.684630 
0.310970 0.607158 0.251112 0.169867 0.527996 
0.967199 0.581783 0.289784 0.574527 0.953864 
0.648727 0.554260 0.850600 0.253449 0.318310 
0.226694 0.343107 0.609880 0.401614 0.833415 
0.615541 0.178720 0.267378 0.886468 0.451214 
0.913202 0.113698 0.873793 0.381602 0.863811 
0.558423 0.692572 0.470969 0.809535 0.862439 
0.998965 0.776734 0.444222 0.288749 0.351261 
0.398086 0.937476 0.905521 0.248686 0.190925 
0.223832 0.475380 0.534032 0.833712 0.876994 
0.367447 0.449252 0.055715 0.634825 0.335720 
0.506928 0.548027 0.449418 0.380722 0.929629 
0.313229 0.939145 0.622201 0.784198 0.748680 
0.484640 0.783162 0.525414 0.928862 0.071912 
0.876675 0.326948 0.009388 0.782196 0.575633 
0.200313 0.006028 0.051013 0.734345 0.839739 
0.928008 0.101792 0.288992 0.983722 0.736618 
0.624712 0.490651 0.284645 0.074130 0.871372 
0.214274 0.387359 0.810518 0.836475 0.171557 
0.559198 0.321116 0.954719 0.084612 0.249978 
0.026631 0.961287 0.576925 0.036019 0.743484 
0.152559 0.236331 0.749511 0.203572 0.970677 
0.589251 0.131580 0.072469 0.878243 0.115302 
0.809087 0.502955 0.605952 0.093731 0.577085 
0.477325 0.308005 0.964445 0.287843 0.144481 
0.136002 0.847041 0.465596 0.090721 0.931653 
0.715574 0.117352 0.892940 0.292499 0.153371 
0.636423 0.445058 0.389703 0.385935 0.648630 
0.360379 0.975186 0.780209 0.432848 0.853428 
0.895511 0.241935 0.356383 0.501464 0.335667 
0.933469 0.978789 0.643672 0.897913 0.266631 
0.788153 0.033915 0.113672 0.253749 0.124636 
0.045324 0.969323 0.241989 0.938264 0.261822 
0.395360 0.574687 0.706880 0.785062 0.960622 
0.355510 0.145442 0.935808 0.135719 0.578290 
0.789236 0.031231 0.820225 0.145619 0.532694 
0.155892 0.079088 0.511483 0.799564 0.977001 
0.778114 0.587717 0.010916 0.891786 0.841466 
0.135553 0.937110 0.810789 0.377541 0.875374 
0.072611 0.772901 0.450062 0.779491 0.557964 
0.410684 0.135001 0.703405 0.346491 0.270720 
0.281695 0.135727 0.301951 0.101920 0.281347 
0.834645 0.257812 0.360435 0.346128 0.057376 
0.337436 0.124242 0.645092 0.348352 0.016028 
0.486558 0.483905 0.953139 0.297347 0.861446 
0.828513 0.369958 0.634348 0.278575 0.149449 
0.192311 0.689259 0.284449 0.895717 0.035750 
0.555170 0.177412 0.171477 0.857120 0.279333 
0.452824 0.691765 0.537145 0.813259 0.037893 
0.594521 0.150695 0.162135 0.239613 0.499047 
0.178163 0.726171 0.982952 0.131302 0.023518 
0.844398 0.959815 0.393476 0.478746 0.238390 
0.542924 0.671057 0.927648 0.827374 0.566774 
0.963398 0.382543 0.744186 0.134876 0.239664 
0.023518 0.587700 0.931429 0.560663 0.400959 
0.969322 0.155184 0.551654 0.131457 0.394797 
0.050701 0.309620 0.120968 0.033653 0.440922 
0.144486 0.878051 0.400736 0.537961 0.356797 
0.639126 0.080885 0.027854 0.566774 0.908259 
0.594627 0.530173 0.290803 0.338813 0.665049 
0.530466 0.362331 0.252749 0.461895 0.922994 
0.653708 0.431217 0.078178 0.205361 0.562673 
0.472974 0.256062 0.872293 0.593942 0.289715 
0.313215 0.738428 0.167766 0.713952 0.276389 
0.524562 0.353078 0.357274 0.552416 0.919852 
0.265533 0.147043 0.450025 0.556336 0.485856 
0.115074 0.086802 0.848188 0.367822 0.548697 
0.771182 0.021530 0.979914 0.849360 0.226891 
0.542587 0.322334 0.482953 0.414881 0.916276 
0.772668 0.728096 0.654704 0.940434 0.442047 
0.931093 0.464996 0.795125 0.288367 0.017412 
0.714977 0.553900 0.164455 0.165002 0.110236 
0.650311 0.280076 0.197038 0.498499 0.647898 
0.745736 0.269681 0.669428 0.725649 0.119040 
0.896319 0.268237 0.441375 0.379273 0.683117 
0.357651 0.151941 0.411213 0.012355 0.092375 
0.853260 0.943448 0.557371 0.648385 0.231815 
0.574782 0.363363 0.785715 0.739237 0.528365 
0.895951 0.389548 0.808440 0.092990 0.888047 
0.456338 0.838725 0.157727 0.125766 0.564375 
0.276768 0.022085 0.832611 0.718142 0.401358 
0.515728 0.075793 0.553299 0.926941 0.088148 
0.645673 0.780202 0.031596 0.203044 0.428587 
0.263411 0.777826 0.791950 0.049126 0.517064 
0.320315 0.945077 0.906612 0.128755 0.038067 
0.794658 0.585093 0.876792 0.952386 0.710860 
0.441167 0.229153 0.732945 0.273778 0.947296 
0.134303 0.789506 0.023089 0.687601 0.716448 
0.111237 0.333274 0.496650 0.142833 0.536318 
0.925237 0.406244 0.314145 0.717187 0.455370 
0.831208 0.037501 0.400447 0.737820 0.166256 
0.438514 0.532478 0.751350 0.315306 0.484864 
0.462209 0.756473 0.714017 0.195154 0.030251 
0.661313 0.329457 0.819758 0.684402 0.017058 
0.536206 0.795640 0.350332 0.032855 0.938473 
0.886651 0.958092 0.344717 0.200796 0.675279 
0.800087 0.032004 0.712780 0.200535 0.769824 
0.879036 0.639049 0.302302 0.630386 0.954355 
0.787166 0.092595 0.710829 0.501184 0.287749 
0.741080 0.162497 0.617206 0.560837 0.846899 
0.634264 0.097043 0.642538 0.984597 0.129898 
0.581011 0.871247 0.087991 0.925729 0.072043 
0.763270 0.725816 0.104047 0.476050 0.926351 
0.873870 0.355086 0.565400 0.176172 0.985472 
0.519755 0.963338 0.078068 0.230584 0.464522 
0.365817 0.971663 0.627019 0.983023 0.532501 
0.473917 0.617287 0.629544 0.116456 0.601884 
0.759442 0.697467 0.473132 0.847433 0.623196 
0.545175 0.610703 0.349012 0.649221 0.086752 
0.275362 0.523092 0.441839 0.840762 0.699264 
0.427311 0.360517 0.662602 0.505379 0.591100 
0.127124 0.871196 0.562764 0.754143 0.854220 
0.095265 0.228060 0.471507 0.724808 0.344516 
0.073391 0.484251 0.041983 0.546523 0.331683 
0.665179 0.091697 0.942386 0.014190 0.740919 
0.029138 0.289553 0.264010 0.470977 0.130314 
0.963274 0.898289 0.490831 0.625877 0.403668 
0.081932 0.753001 0.274864 0.644695 0.507144 
0.129084 0.739960 0.735204 0.600591 0.464768 
0.079720 0.673982 0.949019 0.121703 0.220505 
0.280702 0.786882 0.312202 0.223088 0.801072 
0.053121 0.252226 0.090625 0.317131 0.723204 
0.220940 0.280405 0.621492 0.711771 0.906282 
0.025160 0.793702 0.659282 0.300024 0.438397 
0.166426 0.429108 0.178357 0.901630 0.029699 
0.643125 0.981350 0.703681 0.592144 0.103053 
0.924186 0.872846 0.889935 0.236388 0.095934 
0.691008 0.289508 0.348160 0.781633 0.606639 
0.071364 0.002572 0.887044 0.692856 0.714343 
0.793326 0.718016 0.508045 0.452608 0.018040 
0.946443 0.619034 0.447148 0.124800 0.520664 
0.476847 0.767925 0.502014 0.180528 0.360069 
0.605067 0.104713 0.232915 0.495003 0.341101 
0.328849 0.186010 0.630609 0.677009 0.967643 
0.237248 0.748373 0.970215 0.124292 0.441229 
0.684558 0.917618 0.159245 0.192603 0.370226 
0.177285 0.139046 0.989261 0.624433 0.263846 
0.509925 0.101279 0.031771 0.011939 0.281807 
0.391840 0.617007 0.386520 0.624755 0.112009 
0.727621 0.953604 0.298019 0.358230 0.630614 
0.265662 0.595478 0.378987 0.235877 0.719770 
0.820215 0.920435 0.637388 0.979460 0.113038 
0.007615 0.156745 0.252084 0.996875 0.781178 
0.515930 0.506800 0.882457 0.547701 0.518740 
0.164264 0.939542 0.135746 0.550785 0.564297 
0.247756 0.278406 0.517901 0.545775 0.636636 
0.148515 0.811437 0.232114 0.527501 0.047314 
0.951884 0.347717 0.967750 0.589272 0.327177 
0.080788 0.596887 0.483922 0.332872 0.593762 
0.265100 0.848803 0.100563 0.147558 0.396504 
0.619302 0.311822 0.336046 0.755049 0.862607 
0.900342 0.002804 0.141012 0.418244 0.548579 
0.777648 0.566759 0.360016 0.009762 0.094260 
0.407331 0.961646 0.441977 0.375080 0.550918 
0.769154 0.455868 0.147805 0.253077 0.788741 
0.741568 0.518177 0.637544 0.842131 0.665735 
0.034048 0.461433 0.977557 0.370093 0.216482 
0.840164 0.270436 0.219286 0.981176 0.688679 
0.767866 0.758824 0.255438 0.127882 0.768586 
0.349698 0.535213 0.730232 0.791675 0.910293 
0.281150 0.560829 0.366162 0.428956 0.813906 
0.154903 0.170523 0.332083 0.792446 0.012654 
0.997818 0.826494 0.474087 0.975375 0.196587 
0.690569 0.815538 0.467023 0.909855 0.796715 
0.155702 0.677721 0.555539 0.411140 0.805603 
0.324125 0.760838 0.340816 0.054357 0.552513 
0.251110 0.335507 0.113342 0.617271 0.764463 
0.927247 0.772174 0.934986 0.259330 0.564620 
0.947640 0.257148 0.391114 0.421727 0.232522 
0.587701 0.112296 0.048060 0.054724 0.022151 
0.844775 0.210426 0.699872 0.400314 0.621566 
0.505475 0.724439 0.382403 0.846291 0.778796 
0.934916 0.097401 0.114303 0.048257 0.714672 
0.878766 0.975505 0.486847 0.813752 0.234835 
0.051467 0.761392 0.491982 0.442581 0.183118 
0.724504 0.030283 0.295414 0.772565 0.085007 
0.317565 0.617340 0.295433 0.017437 0.017654 
0.916998 0.522912 0.742093 0.299401 0.369203 
0.520889 0.234317 0.466604 0.635192 0.282575 
0.181277 0.513957 0.258079 0.668124 0.327709 
0.492914 0.719591 0.089101 0.984896 0.162172 
0.272219 0.709400 0.192455 0.567634 0.481965 
0.277461 0.885199 0.099304 0.572894 0.902636 
0.116958 0.489892 0.425548 0.859051 0.789294 
0.794751 0.379940 0.023611 0.261356 0.015131 
0.306185 0.442633 0.529089 0.564265 0.110756 
0.856798 0.057178 0.830347 0.945899 0.042074 
0.992519 0.218118 0.751474 0.184973 0.785752 
0.233439 0.462435 0.670950 0.332744 0.035329 
0.573586 0.449702 0.525221 0.999134 0.308753 
0.314514 0.793885 0.688692 0.338125 0.055241 
0.703823 0.644311 0.497873 0.232912 0.208575 
0.608629 0.089710 0.265754 0.438976 0.035609 
0.307828 0.431495 0.253727 0.059302 0.616468 
0.039479 0.292742 0.078903 0.710429 0.625485 
0.114231 0.284015 0.075187 0.639452 0.283149 
0.383940 0.953967 0.077034 0.072632 0.292092 
0.132274 0.776456 0.936402 0.630147 0.009368 
0.144978 0.238776 0.099078 0.410731 0.677752 
0.134687 0.718559 0.109247 0.388414 0.777861 
0.725715 0.427893 0.070603 0.804617 0.138322 
0.696088 0.918849 0.422337 0.771276 0.558301 
0.705486 0.155215 0.512268 0.782520 0.227848 
0.804360 0.914794 0.004303 0.740762 0.544941 
0.013671 0.885739 0.783718 0.112749 0.296471 
0.461470 0.247436 0.015030 0.570717 0.635850 
0.792891 0.296431 0.063743 0.863494 0.101049 
0.202065 0.559582 0.019897 0.624402 0.330858 
0.578198 0.329888 0.486073 0.090466 0.112408 
0.713921 0.894826 0.027201 0.718224 0.635588 
0.572143 0.731895 0.521327 0.355860 0.844644 
0.817798 0.817330 0.092080 0.832827 0.388046 
0.727929 0.625718 0.684478 0.791672 0.489212 
0.785526 0.993737 0.048795 0.805423 0.618139 
0.379653 0.383622 0.948027 0.865726 0.474088 
0.060434 0.579647 0.368914 0.087636 0.297871 
0.004502 0.659778 0.029766 0.525829 0.015638 
0.874409 0.343627 0.832968 0.966489 0.176455 
0.221015 0.694418 0.802173 0.905492 0.486090 
0.291385 0.691018 0.479827 0.340180 0.496442 
0.097966 0.719833 0.880064 0.045993 0.585559 
0.354152 0.106427 0.165206 0.723066 0.194063 
0.463076 0.727568 0.853842 0.492842 0.253397 
0.869480 0.367251 0.597024 0.702448 0.333740 
0.773479 0.923463 0.028158 0.575652 0.828955 
0.514249 0.867037 0.519974 0.994076 0.207218 
0.016416 0.092042 0.927050 0.896479 0.138036 
0.512609 0.250632 0.244463 0.677815 0.973698 
0.438526 0.140891 0.701266 0.292368 0.633733 
0.954663 0.161848 0.000984 0.551688 0.864297 
0.334724 0.325167 0.787760 0.362882 0.900819 
0.616715 0.877131 0.767856 0.136689 0.871207 
0.975074 0.153105 0.963250 0.902124 0.049584 
0.101285 0.414733 0.300216 0.345748 0.092548 
0.273914 0.784275 0.233439 0.975180 0.076643 
0.867172 0.929843 0.238491 0.868156 0.481530 
0.102788 0.202880 0.806697 0.890548 0.565762 
0.707516 0.507263 0.442893 0.475371 0.643952 
0.314101 0.450445 0.797057 0.277351 0.352569 
0.846641 0.378636 0.767302 0.146857 0.724384 
0.859850 0.420771 0.508659 0.093289 0.395950 
0.585302 0.960461 0.325793 0.823793 0.828617 
0.807324 0.926581 0.031497 0.614021 0.817129 
0.597260 0.321536 0.324392 0.040153 0.796908 
0.968344 0.354254 0.247353 0.765401 0.631605 
0.599922 0.612043 0.010241 0.367224 0.758900 
0.734625 0.227074 0.179671 0.243284 0.320364 
0.575622 0.828586 0.280825 0.901415 0.652379 
0.109443 0.708738 0.578960 0.140940 0.322759 
0.396089 0.738200 0.644295 0.720481 0.778353 
0.441203 0.688825 0.132607 0.688555 0.454226 
0.764211 0.288477 0.066269 0.774452 0.655701 
0.825169 0.509077 0.882775 0.004840 0.752361 
0.203138 0.580462 0.580947 0.483964 0.481876 
0.233326 0.593406 0.190614 0.812287 0.734346 
0.513373 0.208375 0.472546 0.157668 0.928856 
0.250898 0.598871 0.617681 0.383505 0.287426 
0.071907 0.147716 0.575903 0.138176 0.922167 
0.231603 0.963345 0.431244 0.114378 0.968185 
0.183605 0.317516 0.548647 0.764552 0.801480 
0.030523 0.997879 0.394886 0.221138 0.810165 
0.129232 0.734511 0.018541 0.601778 0.892179 
0.947397 0.852676 0.491050 0.565078 0.236180 
0.778476 0.636985 0.383896 0.354378 0.775162 
0.306064 0.585982 0.738507 0.737308 0.700360 
0.706692 0.920913 0.017876 0.255339 0.685465 
0.819356 0.285862 0.683344 0.214242 0.507000 
0.493509 0.343475 0.241510 0.512049 0.945252 
0.133689 0.459446 0.797928 0.624739 0.024524 
0.034109 0.403215 0.661509 0.418005 0.757593 
0.436671 0.724069 0.343575 0.175178 0.461376 
0.043935 0.881870 0.382289 0.061811 0.137209 
0.067755 0.881167 0.423071 0.751098 0.095410 
0.930071 0.244607 0.438884 0.171582 0.756657 
0.384137 0.305271 0.216103 0.182065 0.930010 
0.240627 0.216174 0.333225 0.902137 0.634178 
0.090819 0.338808 0.358247 0.434394 0.513986 
0.819623 0.478329 0.395856 0.201913 0.540140 
0.533065 0.269668 0.421307 0.956137 0.020766 
0.516717 0.886208 0.265373 0.955601 0.057789 
0.022030 0.339738 0.363060 0.238133 0.521803 
0.293071 0.478760 0.737976 0.626296 0.380897 
0.372155 0.717115 0.719705 0.730402 0.151508 
0.233690 0.550025 0.629837 0.629546 0.751938 
0.169976 0.162611 0.021606 0.591283 0.118748 
0.042372 0.108000 0.004956 0.307745 0.063601 
0.062745 0.329775 0.403338 0.425805 0.567908 
0.925141 0.718876 0.046669 0.663117 0.345172 
0.427565 0.035272 0.062287 0.147270 0.765673 
0.213795 0.380960 0.315698 0.843632 0.010506 
0.067636 0.013608 0.173117 0.089242 0.604891 
0.291865 0.131613 0.712891 0.296821 0.439358 
0.776492 0.359566 0.769134 0.179831 0.785371 
0.337042 0.104972 0.504248 0.383710 0.768089 
0.849420 0.811276 0.803360 0.911706 0.958546 
0.569034 0.125501 0.339506 0.884732 0.969133 
0.350012 0.952368 0.982741 0.523129 0.041610 
0.587633 0.814995 0.173224 0.300524 0.111815 
0.612582 0.077016 0.471381 0.381716 0.256847 
0.256753 0.718757 0.361818 0.761000 0.102468 
0.129907 0.610420 0.913744 0.933267 0.522126 
0.872289 0.502301 0.647627 0.211795 0.387033 
0.616760 0.561807 0.339401 0.599502 0.084937 
0.381011 0.187134 0.899931 0.554235 0.487658 
0.011747 0.166817 0.564674 0.483128 0.548532 
0.821521 0.739881 0.267290 0.183339 0.500881 
0.369757 0.313246 0.111301 0.283501 0.246513 
0.633427 0.155791 0.748814 0.281054 0.367586 
0.135847 0.897815 0.929393 0.475248 0.497316 
0.014330 0.856259 0.684451 0.914261 0.410494 
0.172109 0.926007 0.577310 0.736783 0.409135 
0.125842 0.558303 0.149016 0.393132 0.741642 
0.649897 0.762889 0.054888 0.761197 0.046391 
0.301401 0.394624 0.202181 0.050215 0.675679 
0.569767 0.186062 0.573493 0.499160 0.661310 
0.070810 0.513490 0.517569 0.755260 0.427751 
0.928063 0.927369 0.353758 0.505374 0.664151 
0.762893 0.631216 0.222455 0.911909 0.024348 
0.964097 0.561806 0.787237 0.018985 0.323003 
0.833628 0.320386 0.717627 0.035809 0.370601 
0.393306 0.605576 0.556663 0.966799 0.104736 
0.217974 0.037609 0.618226 0.735543 0.792869 
0.045977 0.663606 0.720238 0.399735 0.168980 
0.384389 0.162629 0.800196 0.606844 0.074538 
0.824544 0.570940 0.636343 0.611781 0.589925 
0.959346 0.445409 0.910311 0.676973 0.481218 
0.280911 0.070279 0.086794 0.837575 0.037077 
0.191531 0.055548 0.074686 0.809757 0.791091 
0.867555 0.855735 0.454697 0.587793 0.255470 
0.623677 0.972182 0.418099 0.423873 0.579026 
0.492636 0.248417 0.149966 0.128979 0.860198 
0.739891 0.088325 0.305607 0.650201 0.765298 
0.786825 0.931113 0.835577 0.873619 0.768688 
0.872654 0.065150 0.824236 0.947340 0.874908 
0.615327 0.814895 0.730642 0.070025 0.402688 
0.986112 0.693702 0.374870 0.404211 0.117575 
0.953895 0.896847 0.365991 0.103861 0.025826 
0.226189 0.843752 0.114151 0.531796 0.493953 
0.879450 0.318621 0.425066 0.715026 0.192240 
0.193754 0.587680 0.257390 0.017990 0.535021 
0.132298 0.633317 0.349916 0.862940 0.703341 
0.752604 0.849052 0.397043 0.127473 0.253262 
0.514618 0.081368 0.150109 0.880609 0.185230 
0.175935 0.106798 0.028982 0.290087 0.638594 
0.522935 0.169536 0.957214 0.948002 0.884563 
0.149454 0.141756 0.472243 0.406844 0.159745 
0.007264 0.539142 0.793062 0.357180 0.402081 
0.496404 0.109783 0.251133 0.893447 0.237257 
0.504396 0.408065 0.318625 0.654505 0.288674 
0.503855 0.830440 0.395472 0.532836 0.120527 
0.034066 0.055772 0.290063 0.991280 0.003773 
0.174626 0.140734 0.145529 0.646869 0.547578 
0.305274 0.654133 0.086720 0.098336 0.011312 
0.488801 0.594740 0.121096 0.739934 0.488187 
0.358352 0.244330 0.896251 0.676978 0.898835 
0.184925 0.180832 0.729275 0.580397 0.713669 
0.849802 0.614463 0.769440 0.139865 0.605743 
0.773213 0.314491 0.746477 0.918742 0.961360 
0.294056 0.224016 0.615493 0.380776 0.322353 
0.626805 0.869577 0.917093 0.747900 0.609512 
0.405279 0.106253 0.853842 0.301531 0.783230 
0.752677 0.486456 0.964063 0.481952 0.066853 
0.677731 0.331754 0.681316 0.447172 0.471619 
0.287059 0.220385 0.786111 0.033537 0.139127 
0.747471 0.327592 0.363143 0.362963 0.708368 
0.685496 0.989768 0.577945 0.602588 0.737669 
0.187457 0.007868 0.843921 0.041298 0.309399 
0.627152 0.793975 0.795855 0.591214 0.275927 
0.862708 0.268946 0.607681 0.544024 0.716117 
0.079300 0.831083 0.936503 0.865411 0.864620 
0.075630 0.612882 0.192212 0.438773 0.975845 
0.900580 0.124269 0.965613 0.478525 0.726857 
0.703281 0.665982 0.734725 0.547203 0.707280 
0.044124 0.174354 0.501255 0.839978 0.765569 
0.777182 0.702686 0.034514 0.384863 0.246710 
0.750632 0.464164 0.077793 0.687134 0.329575 
0.942413 0.762764 0.942457 0.134625 0.201537 
0.918301 0.035205 0.325806 0.883914 0.513730 
0.052663 0.587196 0.179712 0.787389 0.134399 
0.886992 0.831512 0.308753 0.388248 0.671491 
0.074322 0.165430 0.374177 0.108836 0.550294 
0.620888 0.859468 0.014458 0.698681 0.546603 
0.344033 0.641094 0.309367 0.286489 0.775719 
0.510904 0.204791 0.810924 0.836710 0.088705 
0.324654 0.889374 0.675901 0.504366 0.676762 
0.810299 0.391359 0.508275 0.119053 0.779607 
0.179766 0.193374 0.945037 0.553943 0.302211 
0.495331 0.174830 0.161679 0.509788 0.873511 
0.708281 0.853821 0.514605 0.017648 0.140310 
0.290325 0.528552 0.345101 0.101249 0.365262 
0.433806 0.425903 0.254636 0.109707 0.930270 
0.931398 0.920006 0.321629 0.439673 0.039059 
0.101235 0.619438 0.232433 0.046272 0.173381 
0.534643 0.541603 0.348211 0.696322 0.051392 
0.221723 0.404603 0.905212 0.736328 0.422251 
0.045523 0.026653 0.950803 0.390623 0.127902 
0.316066 0.824429 0.553805 0.570701 0.934136 
0.484075 0.502099 0.854142 0.805704 0.941772 
0.893201 0.906939 0.561210 0.125633 0.953211 
0.734591 0.660277 0.494815 0.082802 0.356599 
0.546206 0.304525 0.761202 0.451419 0.040853 
0.183454 0.496941 0.067506 0.134257 0.887564 
0.195408 0.450323 0.711994 0.749213 0.021024 
0.646129 0.233288 0.523124 0.500271 0.038991 
0.464896 0.393472 0.945930 0.026106 0.519105 
0.899142 0.760697 0.179382 0.393956 0.843499 
0.535981 0.940163 0.148024 0.297183 0.391581 
0.188878 0.480637 0.888522 0.256384 0.614894 
0.776087 0.451792 0.065217 0.488080 0.201004 
0.086241 0.134210 0.434292 0.609365 0.634481 
0.473283 0.074260 0.027953 0.419214 0.100366 
0.547058 0.318356 0.861063 0.726440 0.712312 
0.704562 0.262420 0.652474 0.852587 0.559604 
0.044055 0.041465 0.040240 0.932578 0.297848 
0.655134 0.708664 0.749640 0.720351 0.196745 
0.950644 0.806592 0.330954 0.384936 0.415957 
0.965435 0.858220 0.490218 0.993387 0.277434 
0.590584 0.540445 0.595789 0.451647 0.266885 
0.308101 0.156209 0.529305 0.960576 0.008796 
0.088909 0.004631 0.050261 0.129149 0.937209 
0.348109 0.784283 0.645873 0.097749 0.504635 
0.842618 0.048394 0.311227 0.173572 0.433330 
0.727185 0.139007 0.291550 0.217402 0.132394 
0.568984 0.807986 0.672839 0.164773 0.259633 
0.939724 0.472874 0.415842 0.469029 0.433449 
0.424639 0.557938 0.438080 0.474899 0.687087 
0.375289 0.823009 0.471370 0.021162 0.920758 
0.976005 0.863780 0.969152 0.287232 0.037352 
0.402482 0.014417 0.176359 0.694032 0.231819 
0.308753 0.263016 0.039805 0.981592 0.427788 
0.299438 0.921316 0.900662 0.715281 0.390346 
0.334112 0.139919 0.948284 0.772192 0.614819 
0.635370 0.147481 0.437827 0.106741 0.168643 
0.358586 0.082746 0.032423 0.327737 0.369978 
0.069775 0.730219 0.384395 0.246134 0.424251 
0.616214 0.554887 0.687267 0.656020 0.536479 
0.115055 0.955458 0.457795 0.015718 0.670738 
0.848141 0.349829 0.810658 0.796425 0.122022 
0.425476 0.431795 0.269503 0.863304 0.538536 
0.438146 0.221889 0.621282 0.470570 0.549627 
0.991260 0.540345 0.279846 0.375655 0.786478 
0.704097 0.991870 0.341365 0.391364 0.647890 
0.877844 0.506420 0.603348 0.335639 0.522137 
0.274086 0.183780 0.871967 0.084744 0.980205 
0.993988 0.510220 0.412000 0.263491 0.373523 
0.950536 0.701637 0.595412 0.571818 0.172207 
0.145039 0.563078 0.712552 0.424885 0.938733 
0.499030 0.128982 0.930603 0.840395 0.520346 
0.578493 0.718239 0.026766 0.181841 0.053878 
0.548903 0.455926 0.237659 0.420870 0.540670 
0.217864 0.414858 0.050890 0.629864 0.678349 
0.424413 0.580400 0.379986 0.019825 0.152218 
0.552193 0.164864 0.715296 0.264745 0.589749 
0.654029 0.763775 0.718731 0.584632 0.604170 
0.239077 0.163125 0.322409 0.265842 0.344966 
0.376287 0.814745 0.800892 0.613946 0.235615 
0.341562 0.831810 0.650472 0.392452 0.461674 
0.328821 0.816865 0.042073 0.708808 0.836690 
0.194291 0.261001 0.001554 0.909587 0.525746 
0.591303 0.563616 0.289521 0.310033 0.148248 
0.893691 0.549110 0.311374 0.216100 0.814952 
0.656340 0.592388 0.629697 0.457232 0.206334 
0.865312 0.798795 0.038143 0.515784 0.191247 
0.499817 0.844606 0.008112 0.541891 0.553414 
0.844802 0.736182 0.814415 0.846356 0.645768 
0.340161 0.437659 0.209384 0.629682 0.747692 
0.357632 0.523373 0.296802 0.669006 0.739474 
0.111754 0.325345 0.331861 0.741451 0.782577 
0.538195 0.606763 0.581372 0.576339 0.122547 
0.772618 0.076156 0.967153 0.780730 0.618046 
0.520567 0.625532 0.354228 0.334982 0.471888 
0.999996 0.675142 0.909547 0.209380 0.304825 
0.657239 0.567012 0.828198 0.954040 0.236017 
0.567672 0.065794 0.561362 0.899533 0.807246 
0.343940 0.437729 0.414009 0.925311 0.014067 
0.536556 0.697930 0.090223 0.503709 0.478660 
0.708269 0.024276 0.104192 0.062497 0.359258 
0.576080 0.062493 0.034400 0.485626 0.271873 
0.339225 0.142865 0.838885 0.167423 0.096905 
0.074902 0.735095 0.162700 0.636265 0.634628 
0.969946 0.980204 0.072357 0.383955 0.905516 
0.086424 0.920511 0.603446 0.176647 0.424220 
0.082106 0.884917 0.448497 0.186298 0.947414 
0.807754 0.762378 0.009907 0.842155 0.248004 
0.281780 0.181380 0.390869 0.120665 0.348803 
0.487775 0.195567 0.083898 0.650474 0.831832 
0.718526 0.620420 0.812036 0.790883 0.004375 
0.717551 0.877307 0.924886 0.320997 0.053954 
0.349106 0.403103 0.938871 0.797602 0.589400 
0.886285 0.605357 0.351778 0.896192 0.447512 
0.599782 0.177973 0.628891 0.990651 0.298638 
0.977694 0.478425 0.494205 0.061592 0.128900 
0.326036 0.780118 0.749320 0.138072 0.571001 
0.753695 0.855623 0.448308 0.678580 0.176620 
0.502262 0.027686 0.579723 0.441134 0.825288 
0.169123 0.327419 0.430645 0.520901 0.223611 
0.878157 0.120683 0.401584 0.507048 0.111333 
0.700221 0.484742 0.589759 0.194426 0.546334 
0.718658 0.520462 0.326451 0.467978 0.658534 
0.897452 0.221673 0.514157 0.345760 0.900253 
0.690778 0.848022 0.927939 0.270500 0.289156 
0.753227 0.439624 0.616575 0.183872 0.960524 
0.840186 0.062029 0.081207 0.241769 0.569077 
0.192540 0.941990 0.053819 0.782299 0.136416 
0.600152 0.500957 0.656878 0.926604 0.968935 
0.315412 0.824056 0.190608 0.829569 0.169816 
0.090862 0.520347 0.017839 0.018801 0.790847 
0.306995 0.772028 0.230471 0.923569 0.955901 
0.190995 0.763755 0.017930 0.272202 0.005524 
0.587007 0.464742 0.947514 0.640825 0.247040 
0.083930 0.240978 0.747997 0.740808 0.167581 
0.716933 0.056220 0.991637 0.907541 0.885789 
0.161454 0.998403 0.406136 0.179292 0.017204 
0.196983 0.486287 0.789232 0.427454 0.409856 
0.745133 0.618448 0.173611 0.763063 0.890650 
0.179135 0.350069 0.355392 0.126649 0.990895 
0.602432 0.210580 0.231872 0.350430 0.951388 
0.399454 0.067363 0.007609 0.391091 0.974904 
0.893398 0.552545 0.973307 0.299534 0.731837 
0.990511 0.496517 0.218124 0.779743 0.923970 
0.627980 0.524876 0.542419 0.801591 0.287938 
0.433069 0.980726 0.638008 0.788461 0.107376 
0.628902 0.390893 0.317956 0.860775 0.741323 
0.269344 0.260228 0.808685 0.276953 0.651320 
0.783589 0.170351 0.203865 0.756896 0.469884 
0.935702 0.747407 0.966401 0.153826 0.527150 
0.890372 0.781806 0.052025 0.432790 0.583397 
0.339964 0.865859 0.564123 0.977971 0.654320 
0.671499 0.606874 0.045213 0.989455 0.467648 
0.786536 0.258799 0.727877 0.595221 0.535751 
0.379196 0.378810 0.706102 0.583061 0.135707 
0.175986 0.518763 0.883114 0.142387 0.672588 
0.410264 0.032759 0.454394 0.462289 0.465549 
0.037792 0.802253 0.331409 0.601915 0.780224 
0.985729 0.273414 0.387098 0.030941 0.262869 
0.854746 0.817477 0.521667 0.582623 0.412698 
0.057418 0.961819 0.791509 0.763520 0.544880 
0.927215 0.939506 0.063643 0.810329 0.081894 
0.736231 0.220593 0.114653 0.190626 0.682882 
0.580202 0.228418 0.485135 0.911611 0.830333 
0.265359 0.897339 0.103747 0.652457 0.928281 
0.366615 0.507204 0.745758 0.888282 0.089827 
0.158456 0.945701 0.051646 0.949965 0.709221 
0.596526 0.877180 0.648727 0.660169 0.687509 
0.730620 0.396401 0.908102 0.845273 0.587027 
0.590984 0.425475 0.815444 0.076119 0.337086 
0.645777 0.341478 0.234425 0.749524 0.993935 
0.162706 0.116139 0.501139 0.908464 0.004421 
0.590965 0.066920 0.950122 0.642612 0.016885 
0.659343 0.239138 0.894065 0.308069 0.899307 
0.581574 0.038690 0.295708 0.489676 0.883962 
0.882735 0.080660 0.309437 0.698179 0.156779 
0.646523 0.343956 0.498257 0.880948 0.093479 
0.492192 0.043654 0.209618 0.993331 0.952118 
0.214039 0.584296 0.019038 0.164161 0.226908 
0.035922 0.823504 0.466046 0.929987 0.131573 
0.365353 0.511562 0.170262 0.661061 0.001238 
0.054225 0.543796 0.081898 0.363662 0.241975 
0.238677 0.010185 0.585931 0.736935 0.891133 
0.679410 0.229127 0.934787 0.889028 0.222457 
0.886905 0.103068 0.806754 0.905943 0.267229 
0.033661 0.941865 0.090733 0.499707 0.871852 
0.222306 0.865060 0.383414 0.392568 0.526121 
0.384652 0.446793 0.069917 0.466550 0.810455 
0.311892 0.705227 0.820641 0.897823 0.442162 
0.711774 0.577233 0.671289 0.646561 0.466262 
0.893746 0.533466 0.569330 0.700500 0.439409 
0.836559 0.734161 0.381274 0.927291 0.233868 
0.253127 0.149597 0.098928 0.636541 0.542165 
0.625049 0.021192 0.988959 0.694966 0.487742 
0.799414 0.006858 0.192970 0.620055 0.904682 
0.635132 0.331829 0.481915 0.306421 0.978390 
0.948177 0.200167 0.511856 0.517506 0.900666 
0.951265 0.354065 0.634828 0.332540 0.281357 
0.868696 0.585666 0.430954 0.967623 0.222207 
0.973119 0.592673 0.243399 0.962078 0.287639 
0.731142 0.761492 0.294497 0.924112 0.381547 
0.199179 0.559243 0.713375 0.681094 0.865664 
0.691765 0.629271 0.065831 0.203622 0.146777 
0.966497 0.154887 0.500842 0.601325 0.487427 
0.782199 0.470020 0.073093 0.213152 0.437644 
0.295300 0.186272 0.030316 0.538699 0.148350 
0.317955 0.269840 0.909842 0.612452 0.193952 
0.291388 0.811631 0.753195 0.004764 0.492725 
0.618860 0.696529 0.121995 0.684690 0.900151 
0.268772 0.651187 0.055038 0.769614 0.252512 
0.542465 0.551813 0.722532 0.615558 0.764965 
0.160176 0.910858 0.951237 0.190492 0.449557 
0.099587 0.508447 0.719397 0.009428 0.120900 
0.913349 0.300817 0.932531 0.666545 0.305581 
0.425256 0.285404 0.002110 0.547251 0.970094 
0.902261 0.816024 0.621282 0.957299 0.585638 
0.873794 0.499765 0.137451 0.596326 0.115323 
0.902416 0.756502 0.026180 0.853653 0.946995 
0.475737 0.953240 0.455442 0.195134 0.962669 
0.576342 0.108483 0.263485 0.508873 0.775028 
0.569066 0.934129 0.060432 0.571176 0.481380 
0.030526 0.473437 0.297403 0.651808 0.430737 
0.883041 0.525602 0.930501 0.020492 0.121929 
0.045824 0.922908 0.878431 0.072004 0.776562 
0.825426 0.547741 0.729802 0.280868 0.742875 
0.692470 0.857210 0.851359 0.955956 0.366083 
0.626386 0.525022 0.300211 0.686818 0.096198 
0.781591 0.717345 0.569635 0.078994 0.369153 
0.000371 0.962035 0.894755 0.930872 0.982527 
0.016684 0.976696 0.905436 0.895115 0.048701 
0.681997 0.720541 0.596442 0.411799 0.001409 
0.339317 0.104269 0.858619 0.190676 0.060225 
0.224701 0.817062 0.585246 0.524913 0.503881 
0.681444 0.306504 0.221225 0.251079 0.385498 
0.590378 0.251450 0.347533 0.485134 0.182322 
0.330061 0.501817 0.159019 0.235496 0.396932 
0.207719 0.917493 0.117473 0.804161 0.329292 
0.118882 0.143478 0.433561 0.977501 0.334154 
0.493786 0.202202 0.151217 0.079032 0.727115 
0.655097 0.760476 0.033618 0.876323 0.011554 
0.419116 0.466701 0.263004 0.766649 0.951835 
0.445327 0.096710 0.453652 0.604345 0.332206 
0.850584 0.812064 0.249699 0.968058 0.616225 
0.578991 0.086939 0.759704 0.012553 0.064440 
0.093858 0.506339 0.266642 0.245075 0.585371 
0.993757 0.900172 0.345847 0.027375 0.776495 
0.357401 0.446491 0.243196 0.620405 0.213140 
0.195030 0.065732 0.309850 0.648683 0.670077 
0.642056 0.499267 0.482142 0.891755 0.467325 
0.098367 0.470747 0.554264 0.858071 0.483299 
0.618704 0.951929 0.989638 0.885346 0.197004 
0.575009 0.879103 0.097175 0.920855 0.906477 
0.873670 0.278256 0.352968 0.116866 0.898662 
0.566109 0.311896 0.964394 0.875959 0.960579 
0.634471 0.518015 0.459846 0.116612 0.409770 
0.927170 0.214979 0.880517 0.481434 0.073050 
0.363816 0.100138 0.024979 0.353454 0.985484 
0.221983 0.928463 0.864587 0.319158 0.849318 
0.771064 0.192828 0.127574 0.124033 0.309694 
0.026236 0.690142 0.621590 0.990630 0.566100 
0.582169 0.625100 0.084115 0.042015 0.741713 
0.493886 0.969185 0.956692 0.374403 0.450620 
0.029742 0.738219 0.550758 0.054721 0.091673 
0.536243 0.276704 0.020136 0.400830 0.595862 
0.869454 0.171894 0.788690 0.997028 0.295927 
0.098384 0.023264 0.986069 0.719974 0.013894 
0.552169 0.302143 0.638994 0.636284 0.344158 
0.380707 0.130170 0.313344 0.337398 0.504573 
0.763964 0.367140 0.242792 0.314722 0.421861 
0.334465 0.850965 0.698565 0.354601 0.251795 
0.294427 0.224055 0.423689 0.083117 0.221083 
0.719616 0.181501 0.244347 0.705685 0.901476 
0.258241 0.257854 0.203619 0.897235 0.894138 
0.547777 0.277942 0.024308 0.861121 0.615341 
0.528881 0.625085 0.982481 0.771672 0.939807 
0.404342 0.106137 0.790773 0.102908 0.460738 
0.042567 0.397334 0.684793 0.466257 0.480451 
0.905876 0.185873 0.661953 0.150223 0.891558 
0.563428 0.408465 0.149412 0.767047 0.305700 
0.043550 0.314825 0.583642 0.067859 0.175946 
0.198983 0.596739 0.801031 0.181464 0.368412 
0.740839 0.585806 0.474549 0.531611 0.688714 
0.935287 0.574179 0.086048 0.620080 0.040435 
0.566500 0.525956 0.226308 0.228452 0.676179 
0.117866 0.791881 0.084644 0.267278 0.558928 
0.390344 0.310828 0.873752 0.973986 0.378686 
0.049698 0.172969 0.975426 0.850729 0.354433 
0.343838 0.591568 0.940240 0.818387 0.123179 
0.628954 0.753674 0.697358 0.715002 0.373754 
0.737793 0.281502 0.899710 0.964101 0.509955 
0.575889 0.081967 0.301835 0.660533 0.349245 
0.860763 0.050877 0.660073 0.734515 0.024863 
0.038759 0.784213 0.197832 0.014185 0.634942 
0.552266 0.358023 0.226510 0.492505 0.176410 
0.349689 0.121459 0.930084 0.047047 0.836461 
0.303839 0.784840 0.117964 0.203548 0.748941 
0.627918 0.779438 0.830908 0.929753 0.439971 
0.180153 0.790516 0.490847 0.840226 0.525031 
0.515711 0.878986 0.309244 0.713543 0.893171 
0.944186 0.265809 0.251194 0.170696 0.758314 
0.427605 0.520384 0.879773 0.357689 0.567431 
0.716235 0.661528 0.352271 0.834198 0.865076 
0.101212 0.462117 0.644514 0.932120 0.391870 
0.084484 0.112273 0.182386 0.575332 0.952500 
0.707417 0.091042 0.831485 0.016661 0.804585 
0.724656 0.960846 0.070394 0.975850 0.131542 
0.828708 0.403455 0.651926 0.708482 0.761144 
0.219358 0.424717 0.422671 0.571628 0.258915 
0.287747 0.672840 0.721032 0.932261 0.604961 
0.112902 0.016745 0.717234 0.295288 0.592077 
0.669734 0.002705 0.683119 0.501219 0.019365 
0.487704 0.225875 0.980211 0.558098 0.201725 
0.111753 0.386807 0.605180 0.763680 0.095289 
0.366324 0.983037 0.520005 0.788995 0.554666 
0.778920 0.076743 0.227506 0.499952 0.009004 
0.832467 0.612854 0.025749 0.549701 0.908141 
0.617825 0.219434 0.910846 0.300944 0.720653 
0.930211 0.788649 0.946528 0.910422 0.346747 
0.148254 0.022175 0.733554 0.753434 0.785855 
0.828842 0.119758 0.768892 0.348847 0.908754 
0.323558 0.127767 0.985496 0.551064 0.627719 
0.994500 0.383530 0.240573 0.020249 0.933231 
0.148714 0.638074 0.152665 0.059560 0.939019 
0.873318 0.989771 0.727667 0.819847 0.900193 
0.074414 0.968101 0.922368 0.807968 0.721535 
0.708223 0.636810 0.841293 0.477115 0.985657 
0.750047 0.800673 0.113424 0.735543 0.351736 
0.741144 0.730043 0.735267 0.981717 0.750292 
0.668497 0.130431 0.388366 0.821162 0.189990 
0.327385 0.694481 0.179761 0.055052 0.514327 
0.079953 0.129466 0.482428 0.002322 0.937434 
0.203963 0.710545 0.574243 0.045256 0.187660 
0.559900 0.795303 0.988333 0.673325 0.530846 
0.340069 0.414469 0.260889 0.075336 0.396185 
0.011181 0.743833 0.526616 0.399547 0.564995 
0.716606 0.726932 0.259476 0.896367 0.781984 
0.773803 0.976320 0.911450 0.256231 0.978642 
0.848884 0.460194 0.689186 0.423127 0.505450 
0.876846 0.983027 0.300753 0.865179 0.656352 
0.831599 0.205248 0.070821 0.092487 0.280584 
0.467006 0.103668 0.024417 0.993622 0.503215 
0.589412 0.710228 0.230147 0.848888 0.606595 
0.012130 0.622692 0.582915 0.923580 0.878923 
0.561556 0.772464 0.339118 0.250743 0.195591 
0.844568 0.127589 0.178618 0.145321 0.992769 
0.834971 0.976920 0.198017 0.905792 0.069407 
0.478601 0.372798 0.173075 0.503019 0.366420 
0.676289 0.092431 0.076648 0.906436 0.941319 
0.683242 0.918566 0.564011 0.266157 0.842147 
0.442934 0.827714 0.614611 0.782051 0.078457 
0.810201 0.626620 0.206046 0.988820 0.771941 
0.198815 0.823790 0.748860 0.396832 0.729582 
0.818267 0.875433 0.102380 0.991341 0.378451 
0.468800 0.667631 0.470882 0.545448 0.574066 
0.412202 0.228690 0.492633 0.976213 0.494847 
0.334780 0.419147 0.322561 0.949390 0.201198 
0.401018 0.759592 0.827818 0.607064 0.748411 
0.599758 0.805878 0.572202 0.348618 0.202710 
0.301784 0.166885 0.078143 0.404164 0.158226 
0.456594 0.872964 0.825857 0.927477 0.418412 
0.399924 0.339678 0.647102 0.892556 0.315891 
0.141949 0.227336 0.735037 0.464510 0.176726 
0.936236 0.865528 0.936318 0.764053 0.472591 
0.684729 0.363811 0.278469 0.256931 0.712429 
0.481179 0.558715 0.879314 0.559322 0.962879 
0.037541 0.015916 0.835843 0.863398 0.943393 
0.254255 0.263321 0.283071 0.901356 0.155878 
0.598962 0.043306 0.383214 0.333999 0.507816 
0.559940 0.270235 0.373343 0.496258 0.034288 
0.845935 0.180987 0.398099 0.124404 0.437918 
0.110528 0.605583 0.996633 0.989843 0.164905 
0.959513 0.027383 0.180821 0.795356 0.890781 
0.124214 0.049610 0.154102 0.407285 0.950967 
0.309980 0.006247 0.994272 0.693194 0.340246 
0.502088 0.253133 0.610481 0.875431 0.749391 
0.644769 0.721366 0.930378 0.042868 0.845770 
0.368296 0.153397 0.451354 0.364929 0.143240 
0.616259 0.324442 0.170623 0.797080 0.119798 
0.061404 0.921294 0.169408 0.215507 0.328579 
0.120375 0.525487 0.334826 0.114647 0.218680 
0.675073 0.616736 0.471813 0.285554 0.492167 
0.221204 0.930323 0.213533 0.151582 0.973192 
0.059304 0.519878 0.126589 0.510657 0.884807 
0.269828 0.126916 0.209249 0.440451 0.923997 
0.329047 0.501855 0.845291 0.498455 0.717362 
0.173871 0.618830 0.242849 0.508697 0.733477 
0.461529 0.183770 0.350213 0.933342 0.469324 
0.842380 0.154546 0.399648 0.055913 0.306128 
0.372840 0.115216 0.826006 0.499428 0.625874 
0.710813 0.769257 0.752790 0.920062 0.209708 
0.676787 0.249108 0.711563 0.522079 0.747563 
0.428925 0.695950 0.366393 0.671774 0.204647 
0.099870 0.133302 0.388417 0.450083 0.066644 
0.857742 0.292462 0.221191 0.257390 0.348375 
0.527319 0.630229 0.463592 0.353325 0.129658 
0.089465 0.064137 0.898915 0.842255 0.984199 
0.108622 0.519042 0.233307 0.820186 0.041121 
0.980870 0.249111 0.737071 0.347263 0.920884 
0.941718 0.447133 0.054186 0.330135 0.897216 
0.120831 0.187877 0.189678 0.342022 0.445266 
0.538053 0.869340 0.075496 0.001645 0.222665 
0.205154 0.091110 0.286802 0.104068 0.933365 
0.271001 0.212691 0.452408 0.504308 0.032876 
0.493529 0.485179 0.281987 0.230599 0.832441 
0.202871 0.172317 0.279574 0.257058 0.502452 
0.176790 0.377889 0.690329 0.366468 0.719910 
0.135595 0.904521 0.589250 0.211091 0.906166 
0.811915 0.416244 0.997276 0.098717 0.520313 
0.930641 0.369718 0.733004 0.383049 0.874027 
0.765880 0.876577 0.359205 0.047867 0.107177 
0.191647 0.250738 0.279494 0.471221 0.507796 
0.781946 0.648011 0.885684 0.472275 0.014479 
0.605594 0.607870 0.919000 0.194845 0.818961 
0.825166 0.006760 0.235205 0.822442 0.105477 
0.755518 0.753083 0.475196 0.488522 0.136131 
0.349223 0.254402 0.012709 0.708428 0.302268 
0.119886 0.900075 0.553007 0.399380 0.371296 
0.060802 0.181326 0.019307 0.946487 0.653601 
0.033786 0.552081 0.261471 0.952787 0.746926 
0.080432 0.777953 0.753686 0.315638 0.600395 
0.859163 0.071156 0.353477 0.334359 0.559677 
0.489609 0.683582 0.814079 0.502318 0.392010 
0.116347 0.622204 0.292085 0.669354 0.021584 
0.663381 0.730156 0.202910 0.682688 0.676643 
0.856511 0.716475 0.228724 0.117983 0.669262 
0.975650 0.198415 0.447214 0.729336 0.514052 
0.047609 0.588500 0.585208 0.401086 0.922859 
0.144885 0.890695 0.606441 0.958964 0.393013 
0.998451 0.075312 0.015217 0.290536 0.744665 
0.036801 0.953917 0.474822 0.239711 0.636605 
0.151465 0.096222 0.353080 0.380189 0.214204 
0.022341 0.355839 0.412619 0.469556 0.085175 
0.926671 0.517165 0.673675 0.511879 0.918251 
0.596534 0.656765 0.808946 0.202975 0.615729 
0.201960 0.201426 0.691041 0.217177 0.491961 
0.435706 0.253977 0.445878 0.910528 0.493688 
0.082483 0.061992 0.589910 0.435562 0.442181 
0.804114 0.457903 0.798020 0.216733 0.927459 
0.883195 0.143405 0.444624 0.556870 0.655284 
0.362875 0.153404 0.312049 0.171821 0.356379 
0.927778 0.373781 0.557805 0.618819 0.590957 
0.049766 0.054525 0.844935 0.495644 0.965053 
0.338623 0.578126 0.027045 0.928532 0.013688 
0.469226 0.732646 0.471592 0.267246 0.949380 
0.399051 0.150442 0.092784 0.843674 0.707312 
0.748068 0.206549 0.860716 0.060117 0.378370 
0.217096 0.987895 0.752151 0.774901 0.606714 
0.343109 0.824667 0.661238 0.188043 0.320310 
0.626291 0.526666 0.898437 0.653336 0.455198 
0.912125 0.122562 0.187845 0.383717 0.389809 
0.137224 0.782768 0.540250 0.230008 0.626442 
0.247563 0.978077 0.832991 0.108279 0.038194 
0.211362 0.325375 0.026089 0.963513 0.100275 
0.632802 0.306622 0.924942 0.294041 0.494665 
0.245252 0.920332 0.021331 0.143689 0.573668 
0.476529 0.055814 0.696231 0.664374 0.439531 
0.086039 0.801598 0.222299 0.626290 0.031607 
0.848741 0.873852 0.009683 0.681733 0.982131 
0.047877 0.893094 0.307506 0.073966 0.856607 
0.407781 0.706768 0.163229 0.332723 0.000809 
0.657894 0.577975 0.921141 0.679224 0.721664 
0.494809 0.155754 0.777478 0.191040 0.820127 
0.217009 0.277079 0.621725 0.439308 0.903369 
0.653332 0.288049 0.777221 0.663015 0.969781 
0.759353 0.710892 0.862875 0.066859 0.784858 
0.719482 0.474639 0.491626 0.882711 0.807362 
0.492436 0.540605 0.385337 0.413577 0.219829 
0.107001 0.908386 0.375583 0.884478 0.099426 
0.195710 0.101487 0.376505 0.817436 0.540794 
0.279874 0.470768 0.828843 0.057096 0.133783 
0.798624 0.816449 0.844675 0.661500 0.883307 
0.629533 0.380982 0.357947 0.121159 0.263693 
0.165309 0.613595 0.804298 0.550646 0.027172 
0.024127 0.657646 0.935558 0.399709 0.542124 
0.034984 0.595420 0.643611 0.411489 0.412855 
0.184406 0.691364 0.883623 0.013249 0.748459 
0.017405 0.811873 0.564908 0.862080 0.473373 
0.448215 0.491613 0.854355 0.806162 0.612772 
0.118048 0.971471 0.226367 0.922346 0.522116 
0.253539 0.946473 0.179763 0.189096 0.346182 
0.721887 0.224080 0.941602 0.365498 0.635569 
0.354457 0.549904 0.326933 0.238079 0.563153 
0.075392 0.255485 0.375026 0.640300 0.117565 
0.848399 0.088515 0.609178 0.702754 0.894677 
0.221950 0.820802 0.866148 0.448317 0.743148 
0.388264 0.701856 0.689620 0.568027 0.890953 
0.035803 0.289914 0.115033 0.977404 0.655412 
0.750602 0.331861 0.205316 0.077534 0.569941 
0.768469 0.152926 0.825425 0.143495 0.793226 
0.942990 0.991893 0.881742 0.552168 0.694647 
0.776419 0.774118 0.515449 0.642567 0.222436 
0.258596 0.030831 0.924292 0.948217 0.598857 
0.815244 0.984019 0.888771 0.930277 0.961423 
0.544183 0.680878 0.293285 0.749499 0.758413 
0.863225 0.517968 0.911339 0.688650 0.661462 
0.704565 0.631640 0.653356 0.586307 0.183808 
0.348003 0.362725 0.957926 0.863452 0.005292 
0.180362 0.122048 0.036123 0.104654 0.070265 
0.634980 0.919898 0.054284 0.523751 0.850175 
0.015707 0.067934 0.531054 0.308992 0.817433 
0.289466 0.172217 0.335400 0.200805 0.860867 
0.996863 0.905370 0.492507 0.650219 0.491677 
0.676316 0.998222 0.854402 0.634242 0.861674 
0.859694 0.814604 0.983722 0.895816 0.919258 
0.053986 0.530796 0.839157 0.108270 0.054547 
0.689332 0.123978 0.122481 0.220386 0.432970 
0.939914 0.509853 0.605187 0.275314 0.710658 
0.466054 0.272177 0.616028 0.958561 0.922396 
0.107704 0.634877 0.920617 0.962106 0.269119 
0.782291 0.821800 0.083723 0.766013 0.717616 
0.002981 0.819999 0.248413 0.842138 0.928270 
0.302960 0.531470 0.052247 0.425441 0.751856 
0.485217 0.365355 0.261709 0.090404 0.640669 
0.972366 0.556458 0.912846 0.588394 0.515019 
0.835242 0.696098 0.149897 0.755860 0.658205 
0.419016 0.538151 0.480005 0.502739 0.304163 
0.197621 0.505720 0.124162 0.446034 0.347858 
0.052432 0.748994 0.879328 0.104680 0.174435 
0.631184 0.589897 0.539790 0.892893 0.680301 
0.180460 0.865259 0.236759 0.093306 0.453654 
0.751778 0.928548 0.149752 0.901675 0.684408 
0.807957 0.320691 0.222559 0.287961 0.823429 
0.526722 0.485582 0.329149 0.650884 0.931616 
0.677008 0.703317 0.680610 0.556336 0.807996 
0.855046 0.187520 0.397893 0.394836 0.080413 
0.078194 0.575296 0.945673 0.314953 0.668602 
0.399327 0.066731 0.597151 0.549079 0.968406 
0.281559 0.357035 0.289097 0.504117 0.644997 
0.112526 0.030839 0.130579 0.441676 0.681724 
0.062195 0.118684 0.385040 0.742806 0.675019 
0.193036 0.597851 0.862540 0.590929 0.992687 
0.942953 0.669123 0.567983 0.888626 0.984076 
0.236586 0.287953 0.050808 0.833736 0.837031 
0.019214 0.115295 0.194067 0.308311 0.619413 
0.839063 0.420838 0.650252 0.969642 0.862514 
0.331975 0.031838 0.981197 0.717016 0.774643 
0.656216 0.910052 0.372495 0.518756 0.500981 
0.365182 0.461709 0.170105 0.933165 0.350335 
0.154181 0.169751 0.638288 0.204989 0.003488 
0.475319 0.224203 0.118783 0.669386 0.532514 
0.738195 0.508449 0.953352 0.388447 0.478092 
0.815865 0.720423 0.509930 0.797062 0.437438 
0.284573 0.453279 0.347490 0.657068 0.972035 
0.848471 0.022250 0.433744 0.018576 0.955415 
0.784080 0.172757 0.125166 0.422368 0.377745 
0.128654 0.897687 0.601948 0.247437 0.567073 
0.134462 0.985632 0.075523 0.087814 0.374079 
0.553615 0.903679 0.094502 0.063544 0.700741 
0.531940 0.348118 0.154020 0.879430 0.005185 
0.126055 0.727901 0.027435 0.559799 0.746477 
0.982850 0.343878 0.919234 0.108017 0.766246 
0.296979 0.236671 0.663933 0.898927 0.484108 
0.231007 0.033390 0.469740 0.306530 0.121204 
0.843820 0.860144 0.024883 0.938322 0.923689 
0.725624 0.470262 0.271806 0.879644 0.349692 
0.276992 0.005699 0.077594 0.304427 0.565498 
0.824071 0.287277 0.909376 0.743304 0.395294 
0.675622 0.040284 0.631965 0.339556 0.939211 
0.116073 0.570562 0.972601 0.585813 0.877092 
0.093804 0.429633 0.737236 0.118687 0.367955 
0.660925 0.844311 0.838217 0.932731 0.723955 
0.187909 0.209723 0.729654 0.265503 0.514149 
0.295151 0.089573 0.801427 0.204527 0.832878 
0.196721 0.880150 0.873161 0.828686 0.219705 
0.812372 0.944759 0.790267 0.784973 0.530573 
0.667359 0.878777 0.960206 0.404596 0.997464 
0.328161 0.065520 0.841775 0.166378 0.998252 
0.565730 0.354287 0.207974 0.295384 0.619789 
0.722124 0.590535 0.709362 0.523551 0.795063 
0.542240 0.720271 0.675213 0.415401 0.548957 
0.894918 0.227774 0.493717 0.685185 0.012747 
0.024289 0.352545 0.891524 0.984495 0.757140 
0.888988 0.312655 0.822661 0.730763 0.479033 
0.820912 0.296493 0.833320 0.028887 0.591877 
0.453109 0.751011 0.182413 0.162471 0.274561 
0.977476 0.704711 0.994832 0.652688 0.120113 
0.543790 0.547606 0.347887 0.037506 0.232791 
0.360633 0.061795 0.585336 0.252157 0.046290 
0.342476 0.141145 0.358946 0.165136 0.871909 
0.837979 0.986048 0.168402 0.671298 0.014935 
0.760279 0.124407 0.765946 0.942692 0.286878 
0.040507 0.920168 0.991589 0.035339 0.572856 
0.111702 0.579129 0.120462 0.459589 0.616635 
0.353253 0.820222 0.678431 0.938589 0.072380 
0.724721 0.281065 0.213525 0.083666 0.446201 
0.085434 0.921645 0.432249 0.253836 0.592943 
0.447184 0.014115 0.717350 0.213130 0.956807 
0.004228 0.253637 0.876975 0.995817 0.288976 
0.449831 0.107519 0.868105 0.570293 0.567108 
0.484740 0.923546 0.387330 0.163171 0.862135 
0.459710 0.887891 0.143200 0.673235 0.971558 
0.589401 0.758669 0.893202 0.021650 0.012504 
0.486145 0.468834 0.026619 0.203495 0.681965 
0.983427 0.207722 0.935602 0.860402 0.203539 
0.224578 0.310233 0.311058 0.092683 0.880526 
0.878166 0.577423 0.804073 0.265496 0.740594 
0.666208 0.725206 0.628485 0.809408 0.398441 
0.600043 0.398808 0.157109 0.493245 0.420458 
0.169614 0.979390 0.889293 0.196233 0.182885 
0.571257 0.179660 0.390607 0.506859 0.040062 
0.594147 0.731437 0.350295 0.905205 0.824119 
0.230821 0.783371 0.401542 0.034894 0.048868 
0.142136 0.701102 0.774074 0.770621 0.510509 
0.172515 0.370663 0.909318 0.329624 0.863908 
0.329776 0.499238 0.843298 0.219069 0.695471 
0.026183 0.790327 0.875131 0.416791 0.297186 
0.915192 0.010937 0.028622 0.265487 0.916142 
0.852742 0.496308 0.699514 0.254284 0.531202 
0.748381 0.396419 0.232304 0.522455 0.167040 
0.742813 0.694970 0.537703 0.652131 0.024594 
0.401612 0.981907 0.523831 0.244910 0.200977 
0.219302 0.271093 0.991303 0.094433 0.687884 
0.288489 0.009625 0.698822 0.317111 0.275112 
0.614964 0.169853 0.771421 0.314478 0.424137 
0.302622 0.062859 0.820556 0.534926 0.585314 
0.987596 0.277739 0.280283 0.525299 0.929870 
0.304877 0.926911 0.911777 0.828708 0.171821 
0.112754 0.048011 0.442914 0.104057 0.142443 
0.130799 0.392546 0.152069 0.829620 0.709657 
0.427181 0.444584 0.879510 0.198602 0.759062 
0.303647 0.501224 0.821921 0.124203 0.036150 
0.407235 0.111799 0.313889 0.687518 0.637098 
0.243759 0.992395 0.564009 0.155537 0.821104 
0.735830 0.268290 0.869114 0.178744 0.372348 
0.011558 0.309543 0.764894 0.163626 0.139163 
0.474551 0.590807 0.583747 0.354061 0.789409 
0.342809 0.657708 0.290633 0.164730 0.781911 
0.326783 0.571965 0.893710 0.640672 0.259483 
0.530808 0.884431 0.251878 0.094816 0.039968 
0.072982 0.830646 0.308258 0.942096 0.009390 
0.680606 0.953653 0.318933 0.445500 0.117280 
0.458095 0.920051 0.708087 0.041842 0.274112 
0.497496 0.384651 0.931821 0.788129 0.549381 
0.713732 0.114912 0.121346 0.607441 0.755585 
0.380829 0.138249 0.640016 0.632707 0.233065 
0.679984 0.705688 0.063711 0.988242 0.647784 
0.073102 0.668848 0.601438 0.392034 0.114347 
0.718718 0.850130 0.034398 0.426805 0.891972 
0.308511 0.924301 0.276623 0.240332 0.712430 
0.826005 0.954063 0.827343 0.947350 0.561505 
0.582927 0.328179 0.699754 0.222943 0.960886 
0.932819 0.902927 0.666574 0.996531 0.891169 
0.314358 0.069632 0.560016 0.915796 0.461666 
0.674364 0.634514 0.311796 0.708762 0.061319 
0.203768 0.017273 0.985620 0.480391 0.257605 
0.698050 0.306396 0.211668 0.525393 0.253746 
0.773173 0.108320 0.581925 0.472927 0.331264 
0.542811 0.405746 0.234190 0.209384 0.402277 
0.125359 0.523743 0.471909 0.685375 0.439539 
0.933575 0.359739 0.074053 0.245371 0.068501 
0.135371 0.449139 0.085774 0.120991 0.929531 
0.343378 0.819041 0.235927 0.555046 0.344434 
0.489673 0.328219 0.452754 0.071598 0.801146 
0.784018 0.614408 0.206891 0.018208 0.823793 
0.609168 0.143567 0.347536 0.081077 0.828942 
0.787074 0.014652 0.188681 0.861127 0.260024 
0.257182 0.996498 0.709163 0.342956 0.117489 
0.638693 0.686334 0.936529 0.874620 0.241380 
0.280963 0.364293 0.569599 0.733717 0.435891 
0.370745 0.517735 0.050299 0.577636 0.535943 
0.874092 0.186804 0.679510 0.221627 0.267881 
0.508452 0.008701 0.282533 0.697133 0.869828 
0.542557 0.954315 0.866326 0.251720 0.297271 
0.983815 0.890413 0.983605 0.920345 0.765033 
0.224985 0.201308 0.129326 0.794584 0.935025 
0.565216 0.165328 0.452760 0.615515 0.742964 
0.988703 0.489607 0.929768 0.668213 0.711234 
0.197649 0.176665 0.719935 0.480182 0.873798 
0.589764 0.022739 0.828113 0.456090 0.274459 
0.125384 0.439906 0.164872 0.108988 0.360250 
0.929905 0.333973 0.561558 0.059230 0.128557 
0.496583 0.624447 0.293885 0.949343 0.239962 
0.036849 0.938046 0.729569 0.966617 0.606258 
0.440803 0.164266 0.782923 0.160739 0.644448 
0.656721 0.750502 0.667187 0.484834 0.206593 
0.941646 0.610218 0.646498 0.106518 0.719206 
0.006749 0.036422 0.053179 0.568307 0.095653 
0.181736 0.064890 0.720100 0.475621 0.014232 
0.960062 0.512469 0.952278 0.689631 0.479086 
0.558536 0.130434 0.643352 0.341459 0.291172 
0.287801 0.998180 0.041675 0.954988 0.483014 
0.248268 0.896634 0.093232 0.894766 0.003152 
0.812438 0.901515 0.039574 0.865617 0.469821 
0.135227 0.047353 0.534711 0.855327 0.522973 
0.548943 0.815389 0.035443 0.501221 0.505020 
0.514529 0.059757 0.635454 0.157882 0.401216 
0.926626 0.445682 0.399396 0.968301 0.400671 
0.882410 0.216569 0.297305 0.975642 0.111335 
0.300457 0.788080 0.012849 0.340032 0.653697 
0.482670 0.475259 0.701050 0.017381 0.330586 
0.224024 0.566324 0.145974 0.259466 0.067545 
0.650994 0.773995 0.127302 0.286448 0.931877 
0.528518 0.213074 0.377559 0.927914 0.181375 
0.778230 0.810324 0.397943 0.075535 0.785966 
0.509278 0.375992 0.574046 0.522127 0.716024 
0.227744 0.004798 0.191282 0.928794 0.022178 
0.521868 0.152817 0.588502 0.667842 0.412283 
0.656047 0.318836 0.186279 0.783349 0.605284 
0.118156 0.311867 0.818358 0.495715 0.239781 
0.999733 0.273945 0.050106 0.397676 0.349480 
0.836072 0.906954 0.725472 0.410118 0.429081 
0.441496 0.637862 0.433879 0.632778 0.566656 
0.456057 0.154646 0.719473 0.044560 0.822488 
0.131756 0.700607 0.141325 0.318035 0.483956 
0.746609 0.436191 0.795823 0.564966 0.931906 
0.035605 0.564699 0.205851 0.085710 0.962375 
0.555331 0.921783 0.869329 0.280803 0.331901 
0.298410 0.722298 0.969763 0.732289 0.355077 
0.536419 0.188347 0.509723 0.255892 0.232907 
0.332211 0.387648 0.933514 0.473535 0.705683 
0.417470 0.220144 0.141874 0.213293 0.785110 
0.073780 0.248898 0.349809 0.279631 0.334609 
0.312184 0.834961 0.256391 0.181513 0.115764 
0.588292 0.479924 0.838062 0.558055 0.212213 
0.193139 0.094474 0.400560 0.702862 0.350365 
0.633467 0.035072 0.738013 0.566981 0.508608 
0.443696 0.984451 0.728752 0.585570 0.197744 
0.513862 0.659350 0.446642 0.863671 0.938981 
0.781251 0.175855 0.773942 0.037642 0.357368 
0.889706 0.625934 0.837292 0.727769 0.183989 
0.049505 0.920908 0.278463 0.450065 0.623769 
0.628828 0.083532 0.658841 0.366842 0.650512 
0.167449 0.810538 0.634963 0.896200 0.396108 
0.832707 0.410062 0.055458 0.279349 0.273733 
0.994439 0.060600 0.449588 0.768381 0.098242 
0.806956 0.658087 0.724177 0.644248 0.385855 
0.908166 0.693753 0.306763 0.186629 0.143818 
0.930532 0.815457 0.227349 0.589373 0.182299 
0.877862 0.756822 0.992837 0.512824 0.653022 
0.388944 0.345532 0.063084 0.444402 0.624881 
0.336817 0.438841 0.685481 0.786406 0.207222 
0.783724 0.593362 0.865308 0.507901 0.237610 
0.251163 0.416067 0.931362 0.557926 0.602696 
0.075180 0.488457 0.418153 0.302529 0.077830 
0.600452 0.180391 0.834652 0.593289 0.693215 
0.487674 0.982233 0.038747 0.550759 0.426635 
0.663628 0.887576 0.865476 0.349109 0.673982 
0.072698 0.132833 0.267343 0.938006 0.640734 
0.504953 0.189169 0.056801 0.436315 0.747095 
0.659496 0.511495 0.235552 0.077649 0.814025 
0.313383 0.678101 0.994415 0.148035 0.271390 
0.687631 0.635709 0.253623 0.726377 0.186468 
0.680258 0.390005 0.074044 0.545734 0.739115 
0.748026 0.618432 0.871948 0.015369 0.556439 
0.512682 0.520322 0.745608 0.569482 0.956638 
0.492703 0.228978 0.468133 0.728255 0.306628 
0.282158 0.041638 0.984729 0.276573 0.189673 
0.256118 0.964203 0.825382 0.509741 0.690581 
0.011850 0.189999 0.080586 0.085894 0.735733 
0.819701 0.833919 0.354166 0.691649 0.849289 
0.910604 0.204330 0.369611 0.656212 0.773813 
0.326248 0.148915 0.002791 0.794381 0.877170 
0.309419 0.076539 0.918808 0.294148 0.353112 
0.108481 0.550266 0.317315 0.933863 0.060007 
0.007896 0.945713 0.250006 0.088482 0.031607 
0.985739 0.908183 0.865526 0.339905 0.599831 
0.714815 0.250509 0.804162 0.084425 0.906721 
0.577975 0.410673 0.055636 0.580766 0.205055 
0.932807 0.890185 0.281593 0.851615 0.184332 
0.634705 0.960096 0.734598 0.952020 0.893960 
0.794605 0.959916 0.839672 0.044611 0.048398 
0.871279 0.030350 0.956580 0.736805 0.370255 
0.556412 0.451620 0.620764 0.360574 0.536045 
0.527485 0.938548 0.946718 0.583122 0.519314 
0.151773 0.515929 0.409499 0.433366 0.367544 
0.593832 0.068071 0.327640 0.328430 0.020091 
0.221600 0.123035 0.980006 0.061272 0.167646 
0.028404 0.932551 0.197996 0.984984 0.669356 
0.568251 0.541396 0.120976 0.189016 0.901970 
0.657021 0.716501 0.840518 0.603739 0.299623 
0.359833 0.755512 0.815551 0.769332 0.188878 
0.183095 0.363164 0.256949 0.510735 0.691594 
0.277040 0.732335 0.814629 0.257046 0.793607 
0.982275 0.285449 0.726158 0.180272 0.270433 
0.395514 0.748523 0.811829 0.516490 0.937539 
0.713799 0.173511 0.654040 0.554317 0.777250 
0.953662 0.914150 0.532762 0.769214 0.683482 
0.721640 0.952309 0.046645 0.978589 0.463044 
0.738239 0.255629 0.195379 0.552868 0.512674 
0.988986 0.535143 0.798124 0.715144 0.715415 
0.068557 0.110658 0.463938 0.880387 0.627148 
0.401477 0.594186 0.800659 0.055517 0.148503 
0.577909 0.009179 0.062653 0.110671 0.778393 
0.746135 0.832312 0.730701 0.792780 0.810901 
0.193745 0.531019 0.066530 0.389124 0.083887 
0.579204 0.378110 0.619030 0.377328 0.093254 
0.334445 0.445885 0.203912 0.798383 0.326272 
0.831061 0.199860 0.920458 0.631720 0.255377 
0.068961 0.209629 0.264556 0.131614 0.320301 
0.042948 0.877749 0.152612 0.773650 0.670529 
0.963513 0.967395 0.201548 0.030043 0.356519 
0.285435 0.609247 0.734629 0.904465 0.986575 
0.827883 0.238910 0.432460 0.031795 0.037293 
0.758732 0.862856 0.237153 0.679190 0.494576 
0.492530 0.748152 0.704205 0.757085 0.879766 
0.024506 0.800034 0.757515 0.177118 0.573683 
0.428045 0.140631 0.541079 0.629593 0.170674 
0.897598 0.915028 0.779921 0.632227 0.819492 
0.766496 0.460110 0.058402 0.198956 0.491906 
0.095695 0.957689 0.354762 0.332848 0.636879 
0.849338 0.825378 0.385031 0.553543 0.582463 
0.264797 0.578049 0.382497 0.022312 0.755167 
0.956180 0.450356 0.895798 0.497259 0.079949 
0.066472 0.394856 0.994977 0.846393 0.027083 
0.814469 0.612888 0.487194 0.872871 0.811845 
0.979099 0.968566 0.769533 0.333861 0.301414 
0.406412 0.183198 0.126791 0.791443 0.736741 
0.709254 0.056240 0.314790 0.091751 0.078551 
0.069956 0.047931 0.528908 0.965754 0.545189 
0.608857 0.032226 0.940046 0.603833 0.878618 
0.967129 0.418302 0.491507 0.454322 0.291173 
0.303351 0.433422 0.259739 0.072885 0.767282 
0.561153 0.479297 0.950481 0.687944 0.270740 
0.687222 0.397199 0.326980 0.002012 0.488949 
0.405531 0.071969 0.536880 0.934439 0.037723 
0.082069 0.543296 0.069948 0.022115 0.147129 
0.948567 0.989244 0.565432 0.440073 0.443566 
0.856605 0.743425 0.876988 0.116344 0.816310 
0.644270 0.677497 0.295607 0.594751 0.365442 
0.566347 0.281973 0.762641 0.893327 0.283985 
0.251590 0.298858 0.355954 0.788470 0.233297 
0.393677 0.870540 0.776593 0.463625 0.892655 
0.923722 0.412192 0.881899 0.489154 0.852265 
0.325465 0.345759 0.595690 0.202453 0.462103 
0.412000 0.846723 0.139600 0.707607 0.441474 
0.505042 0.273954 0.723447 0.267683 0.167281 
0.007433 0.519273 0.466139 0.363386 0.307743 
0.699436 0.757063 0.178283 0.476029 0.220688 
0.070938 0.399751 0.632880 0.952836 0.888905 
0.485145 0.278301 0.234664 0.080835 0.480754 
0.696767 0.492835 0.327477 0.836367 0.200442 
0.768951 0.341409 0.474395 0.492398 0.609092 
0.641676 0.499831 0.128365 0.107815 0.863217 
0.436108 0.807252 0.620280 0.614391 0.283281 
0.840968 0.685329 0.683032 0.473848 0.638165 
0.571937 0.958992 0.916467 0.806601 0.039827 
0.397221 0.503368 0.532662 0.724698 0.339735 
0.733104 0.493649 0.681144 0.207499 0.986047 
0.290237 0.849175 0.485878 0.418602 0.956991 
0.349095 0.854710 0.764243 0.969375 0.469102 
0.047524 0.810343 0.154431 0.730556 0.284190 
0.792596 0.302493 0.243183 0.709063 0.109094 
0.283010 0.106283 0.612462 0.815672 0.830981 
0.952197 0.548776 0.324630 0.633341 0.756275 
0.310677 0.923578 0.605450 0.796554 0.342180 
0.562441 0.145649 0.196890 0.326684 0.115024 
0.665992 0.374207 0.925367 0.820422 0.104763 
0.209557 0.613018 0.407257 0.452740 0.322081 
0.516351 0.735750 0.428364 0.128813 0.551423 
0.259345 0.081010 0.100198 0.583975 0.714352 
0.856473 0.894652 0.637930 0.461923 0.691206 
0.980109 0.024364 0.836855 0.177000 0.351048 
0.951879 0.842991 0.725255 0.877246 0.663414 
0.830018 0.086804 0.276432 0.237275 0.539544 
0.598513 0.753626 0.275294 0.026877 0.882440 
0.826717 0.286223 0.963450 0.926915 0.870198 
0.677802 0.783388 0.764849 0.315732 0.245312 
0.456055 0.295841 0.269676 0.292910 0.472841 
0.620724 0.244790 0.315832 0.345979 0.122036 
0.979246 0.175997 0.208839 0.255678 0.413272 
0.748383 0.854191 0.166898 0.023677 0.881068 
0.049338 0.850394 0.167291 0.012788 0.777310 
0.037488 0.690590 0.560698 0.802337 0.006321 
0.806009 0.258393 0.302163 0.075685 0.551303 
0.775003 0.696409 0.796092 0.090835 0.042387 
0.918128 0.070081 0.218385 0.126967 0.325758 
0.631657 0.875351 0.179949 0.798555 0.899028 
0.061017 0.847893 0.749422 0.228308 0.860681 
0.526732 0.265796 0.551271 0.087430 0.068134 
0.557592 0.893439 0.326527 0.859755 0.969124 
0.877829 0.634758 0.665533 0.673922 0.725593 
0.707921 0.592050 0.795674 0.926305 0.719017 
0.121432 0.557962 0.594368 0.301382 0.356517 
0.493396 0.362399 0.204410 0.242818 0.590707 
0.065091 0.769550 0.856503 0.616361 0.856980 
0.924637 0.173954 0.750419 0.251164 0.033708 
0.719543 0.128993 0.668466 0.385076 0.802915 
0.394060 0.092997 0.394965 0.189733 0.019302 
0.113982 0.311166 0.577264 0.708350 0.612547 
0.933780 0.201745 0.974946 0.138190 0.444563 
0.565653 0.203281 0.214113 0.422156 0.819642 
0.071092 0.346794 0.993596 0.821511 0.597957 
0.027305 0.541054 0.726951 0.695771 0.926130 
0.529866 0.089831 0.019127 0.924830 0.279564 
0.038429 0.038812 0.590730 0.615692 0.747162 
0.203277 0.549473 0.948907 0.178223 0.687663 
0.393470 0.743876 0.890944 0.607583 0.166033 
0.710586 0.678675 0.512826 0.704183 0.500186 
0.110784 0.731487 0.041241 0.837735 0.427258 
0.967371 0.367600 0.517089 0.986498 0.292430 
0.796653 0.024927 0.331243 0.387382 0.640620 
0.078404 0.590659 0.190093 0.027311 0.768883 
0.877756 0.420781 0.512759 0.768700 0.028364 
0.678792 0.479286 0.707040 0.191618 0.183469 
0.207226 0.302402 0.914956 0.248467 0.140136 
0.342214 0.215838 0.507737 0.859303 0.202336 
0.800167 0.655955 0.227263 0.131409 0.043338 
0.867883 0.209814 0.633997 0.057976 0.237125 
0.402880 0.935731 0.657906 0.915639 0.704431 
0.686270 0.594431 0.183717 0.393310 0.786049 
0.367186 0.600536 0.088450 0.282142 0.849003 
0.228587 0.624356 0.064841 0.736324 0.483658 
0.267177 0.536490 0.139614 0.494440 0.667900 
0.182952 0.362323 0.877714 0.816949 0.420299 
0.114838 0.219829 0.356030 0.772745 0.135468 
0.060461 0.459015 0.729899 0.244178 0.852325 
0.515947 0.611364 0.452861 0.604398 0.893506 
0.301864 0.832985 0.517861 0.366705 0.569308 
0.001520 0.633882 0.105799 0.141133 0.128322 
0.773699 0.324085 0.490645 0.651412 0.141034 
0.910944 0.766251 0.360864 0.266974 0.538995 
0.496332 0.327435 0.998011 0.226230 0.571613 
0.850336 0.742178 0.182977 0.303197 0.346575 
0.076482 0.605061 0.179560 0.594343 0.971766 
0.748868 0.595863 0.605648 0.854667 0.736996 
0.733969 0.628366 0.061082 0.224614 0.279778 
0.202116 0.135558 0.046029 0.562979 0.402532 
0.585024 0.059311 0.729967 0.583035 0.285541 
0.301580 0.433370 0.027719 0.484556 0.736568 
0.374294 0.561039 0.341629 0.553855 0.155382 
0.313395 0.302723 0.751245 0.919043 0.157390 
0.488241 0.653012 0.785756 0.549323 0.877626 
0.065533 0.751439 0.013184 0.111562 0.314418 
0.415716 0.696586 0.373729 0.145683 0.279620 
0.659271 0.447263 0.712991 0.686990 0.931819 
0.449558 0.061284 0.492857 0.791187 0.615139 
0.648239 0.104582 0.917861 0.399484 0.023624 
0.075251 0.887725 0.676636 0.861007 0.437048 
0.554263 0.926540 0.188487 0.567447 0.038102 
0.502905 0.983163 0.734688 0.876634 0.128847 
0.014308 0.535904 0.576109 0.727299 0.222894 
0.507928 0.176857 0.284178 0.000786 0.968044 
0.899317 0.649025 0.072626 0.817178 0.048509 
0.096250 0.892430 0.936234 0.772887 0.753437 
0.373282 0.327149 0.679977 0.561769 0.894597 
0.718079 0.064674 0.877760 0.452767 0.941308 
0.006607 0.467075 0.477212 0.582716 0.194374 
0.700106 0.090644 0.371231 0.984284 0.091429 
0.339275 0.883601 0.740454 0.411901 0.700779 
0.788963 0.508152 0.593209 0.725197 0.281038 
0.346646 0.098480 0.608188 0.026623 0.660249 
0.502784 0.744702 0.724923 0.380544 0.197469 
0.666230 0.387151 0.664544 0.143442 0.969867 
0.858918 0.843548 0.060510 0.230149 0.827832 
0.151940 0.569424 0.711434 0.892394 0.981325 
0.412213 0.681357 0.489477 0.005422 0.406554 
0.770516 0.352068 0.505034 0.378704 0.378691 
0.165283 0.881488 0.123392 0.890205 0.262033 
0.320861 0.556436 0.649183 0.985404 0.699878 
0.619050 0.844322 0.543426 0.679560 0.074471 
0.371259 0.831500 0.643895 0.082692 0.723894 
0.625220 0.494905 0.405251 0.114698 0.500327 
0.811805 0.885213 0.852395 0.316839 0.263917 
0.231086 0.482121 0.145405 0.354478 0.372327 
0.407437 0.675339 0.928762 0.056621 0.660743 
0.628640 0.675671 0.505065 0.172066 0.355231 
0.579536 0.543325 0.186731 0.223431 0.626017 
0.910625 0.848651 0.120922 0.315876 0.963349 
0.621250 0.127680 0.848562 0.473645 0.444519 
0.112479 0.704731 0.926640 0.257884 0.059209 
0.298967 0.665321 0.734548 0.227730 0.721942 
0.395291 0.856370 0.397613 0.900356 0.028436 
0.752844 0.479892 0.571761 0.939576 0.703323 
0.197778 0.850201 0.551974 0.318700 0.166077 
0.515323 0.939950 0.293757 0.363885 0.413595 
0.738276 0.476364 0.118326 0.664917 0.734248 
0.177535 0.963884 0.399569 0.912083 0.191613 
0.121511 0.307374 0.047983 0.519124 0.207730 
0.076419 0.271968 0.687622 0.648180 0.211544 
0.390944 0.845958 0.061745 0.942918 0.164658 
0.227822 0.458241 0.104608 0.521579 0.822126 
0.518203 0.259856 0.298490 0.636529 0.924772 
0.032738 0.814065 0.888656 0.432308 0.726148 
0.080269 0.553819 0.033522 0.128252 0.072943 
0.241252 0.204672 0.344912 0.928873 0.852852 
0.556456 0.319817 0.698810 0.618201 0.262735 
0.863469 0.846023 0.720977 0.968077 0.367603 
0.543103 0.486280 0.627458 0.841593 0.122810 
0.552231 0.874332 0.936874 0.440887 0.306639 
0.663022 0.521156 0.860458 0.696544 0.649408 
0.933401 0.937795 0.854080 0.278313 0.866669 
0.706932 0.834769 0.186486 0.405742 0.452970 
0.449221 0.269211 0.298993 0.170198 0.237287 
0.666596 0.713301 0.723568 0.294055 0.554894 
0.846377 0.846285 0.429226 0.783251 0.287172 
0.735865 0.446273 0.808328 0.596323 0.142817 
0.457736 0.529725 0.080613 0.311816 0.808038 
0.947281 0.018748 0.642806 0.133767 0.424490 
0.095776 0.582989 0.693700 0.394770 0.753187 
0.930988 0.061366 0.466488 0.654555 0.355421 
0.021382 0.500932 0.201706 0.450607 0.284184 
0.488878 0.186472 0.730457 0.297206 0.782796 
0.873274 0.754942 0.312520 0.953887 0.066758 
0.120558 0.901169 0.085506 0.763364 0.034936 
0.509996 0.859140 0.617925 0.203697 0.253910 
0.371112 0.134684 0.315276 0.837599 0.789239 
0.670697 0.858981 0.290172 0.872403 0.309588 
0.574355 0.361281 0.496061 0.304812 0.658487 
0.278856 0.178087 0.413430 0.591377 0.131974 
0.480188 0.711934 0.033142 0.565695 0.475299 
0.068078 0.075691 0.334439 0.686003 0.279387 
0.588349 0.057115 0.414072 0.903625 0.894714 
0.203311 0.574322 0.753695 0.493483 0.446725 
0.063284 0.067838 0.808006 0.559344 0.372651 
0.466494 0.838200 0.550738 0.879924 0.429577 
0.682712 0.360112 0.141512 0.715854 0.925807 
0.616810 0.783932 0.001497 0.951249 0.469936 
0.280885 0.539598 0.527051 0.694957 0.443224 
0.421765 0.898268 0.017546 0.175460 0.391751 
0.464271 0.238744 0.459589 0.272277 0.798088 
0.832240 0.738771 0.636288 0.382977 0.618694 
0.065866 0.065689 0.978806 0.207377 0.781543 
0.904613 0.824187 0.565475 0.906110 0.775437 
0.035411 0.186995 0.315035 0.562462 0.881952 
0.758259 0.984227 0.780220 0.775805 0.159687 
0.171970 0.240075 0.398431 0.631559 0.512352 
0.196518 0.463799 0.251123 0.832807 0.846776 
0.869818 0.898673 0.912465 0.848624 0.106050 
0.694008 0.753237 0.930237 0.259483 0.659348 
0.705674 0.294894 0.846343 0.020709 0.857356 
0.728295 0.778967 0.841582 0.508514 0.554772 
0.001269 0.680485 0.794847 0.399699 0.312044 
0.307200 0.596218 0.775842 0.558323 0.429025 
0.622618 0.428141 0.327697 0.535083 0.276765 
0.433747 0.229091 0.030002 0.363984 0.488574 
0.689350 0.069658 0.783468 0.535693 0.090366 
0.640824 0.263988 0.869334 0.482406 0.772503 
0.424106 0.483675 0.452987 0.218953 0.883374 
0.765031 0.526153 0.479592 0.540873 0.084476 
0.908617 0.163491 0.512617 0.236314 0.698575 
0.789382 0.670061 0.927666 0.819384 0.034045 
0.416240 0.508734 0.103703 0.199708 0.044427 
0.194069 0.840531 0.308415 0.063403 0.322937 
0.080918 0.487508 0.806612 0.533905 0.706461 
0.689986 0.298936 0.232614 0.169577 0.839809 
0.317090 0.078194 0.003300 0.829707 0.314508 
0.701875 0.619089 0.984569 0.629541 0.438473 
0.018614 0.045781 0.947208 0.122316 0.245489 
0.991635 0.316385 0.086020 0.300050 0.379788 
0.408957 0.380968 0.867296 0.215569 0.914873 
0.573758 0.905554 0.213809 0.806372 0.075132 
0.053618 0.123462 0.153326 0.056918 0.953169 
0.467834 0.758793 0.572259 0.452402 0.388334 
0.010732 0.471016 0.434115 0.957940 0.593332 
0.679604 0.949575 0.909718 0.765624 0.249625 
0.289505 0.174581 0.630593 0.156801 0.390150 
0.545467 0.730559 0.295704 0.759276 0.536931 
0.370836 0.812894 0.660393 0.524162 0.869812 
0.613563 0.991995 0.628606 0.185821 0.444397 
0.016940 0.196553 0.915414 0.451055 0.154493 
0.508746 0.130659 0.104068 0.418464 0.896283 
0.353693 0.707969 0.070864 0.984286 0.864771 
0.461014 0.529753 0.595330 0.756718 0.289029 
0.132260 0.127553 0.101923 0.792654 0.651715 
0.971735 0.406216 0.643710 0.600341 0.592038 
0.088108 0.617281 0.788591 0.003521 0.068337 
0.943084 0.512267 0.198996 0.047151 0.930731 
0.095279 0.400844 0.638700 0.166143 0.385130 
0.503471 0.627156 0.914883 0.098800 0.383874 
0.203912 0.231061 0.511427 0.305835 0.023714 
0.163142 0.277570 0.429931 0.806852 0.877911 
0.021968 0.894960 0.495193 0.810559 0.898481 
0.563529 0.753643 0.410748 0.762525 0.800794 
0.341479 0.857804 0.201638 0.980180 0.023947 
0.586768 0.483650 0.651103 0.501651 0.582451 
0.034977 0.705562 0.813511 0.546404 0.011397 
0.837226 0.709547 0.288967 0.267157 0.516399 
0.166878 0.289125 0.411359 0.662070 0.099685 
0.309840 0.225600 0.853328 0.720588 0.988125 
0.654122 0.062068 0.845930 0.855760 0.042247 
0.869877 0.442528 0.525898 0.520980 0.944179 
0.108348 0.555957 0.649741 0.921860 0.102362 
0.661138 0.759086 0.811908 0.950105 0.026242 
0.328307 0.116983 0.315368 0.739666 0.779053 
0.415052 0.049506 0.004653 0.268380 0.770094 
0.992779 0.922502 0.832162 0.838708 0.778262 
0.874410 0.708585 0.220790 0.400308 0.229565 
0.164969 0.508656 0.785523 0.814710 0.430516 
0.887885 0.475848 0.189602 0.699793 0.425953 
0.215844 0.028100 0.542936 0.531212 0.767767 
0.321990 0.946264 0.817273 0.326643 0.214644 
0.587367 0.319421 0.137146 0.419530 0.158130 
0.915408 0.293939 0.866715 0.136198 0.694247 
0.096280 0.301167 0.202903 0.881803 0.115876 
0.633419 0.769688 0.591725 0.823021 0.469481 
0.017678 0.038865 0.497581 0.560614 0.570077 
0.265348 0.882604 0.516341 0.082621 0.209247 
0.730985 0.669988 0.528668 0.868131 0.089517 
0.686798 0.783539 0.383457 0.553513 0.919737 
0.077703 0.649793 0.220903 0.280606 0.531597 
0.336780 0.914025 0.301284 0.928504 0.737046 
0.770765 0.946182 0.775911 0.268346 0.506796 
0.345987 0.533694 0.389400 0.862328 0.616315 
0.598647 0.593313 0.286302 0.127315 0.461444 
0.375820 0.814113 0.244983 0.759276 0.367625 
0.164719 0.836980 0.017419 0.385623 0.117586 
0.549015 0.722402 0.031611 0.850300 0.650907 
0.768657 0.621065 0.597089 0.544568 0.889411 
0.103885 0.890555 0.423105 0.493285 0.752884 
0.039420 0.091932 0.346197 0.325722 0.219246 
0.807641 0.701542 0.033359 0.052624 0.460818 
0.400984 0.217343 0.297798 0.418403 0.602966 
0.415384 0.967419 0.325368 0.446995 0.817718 
0.976275 0.215653 0.438783 0.573364 0.760221 
0.328194 0.677249 0.650776 0.751299 0.170534 
0.403660 0.790719 0.262466 0.749856 0.116441 
0.481712 0.557497 0.817983 0.515071 0.610121 
0.278801 0.916055 0.827464 0.576599 0.334458 
0.430430 0.991983 0.301877 0.755798 0.438978 
0.119595 0.732073 0.654631 0.558378 0.305437 
0.414851 0.886573 0.982686 0.065627 0.637872 
0.153220 0.469287 0.428591 0.415686 0.219143 
0.545033 0.897398 0.776641 0.363015 0.412469 
0.386762 0.641816 0.328524 0.214226 0.218415 
0.662982 0.644656 0.210397 0.964859 0.400454 
0.649375 0.084454 0.132527 0.304006 0.642833 
0.437964 0.718857 0.529405 0.420649 0.784485 
0.167278 0.573869 0.253772 0.595869 0.989555 
0.472915 0.140902 0.886952 0.249556 0.503917 
0.299421 0.636317 0.145733 0.627945 0.850543 
0.364148 0.290927 0.495199 0.574545 0.255786 
0.895652 0.223921 0.340240 0.028179 0.527927 
0.983072 0.466143 0.246784 0.512478 0.886792 
0.031269 0.679755 0.460661 0.285041 0.275624 
0.450216 0.757956 0.416526 0.337168 0.007511 
0.920443 0.636589 0.643829 0.066176 0.264534 
0.494372 0.430324 0.555461 0.989570 0.004869 
0.811246 0.885222 0.228790 0.151486 0.913401 
0.756717 0.134558 0.379544 0.003501 0.647036 
0.266336 0.034770 0.326791 0.726997 0.319811 
0.602415 0.177213 0.077766 0.018941 0.514382 
0.085278 0.939384 0.150971 0.729106 0.005560 
0.415505 0.223478 0.435884 0.970966 0.213048 
0.440753 0.782212 0.098270 0.669543 0.933698 
0.011672 0.426260 0.068256 0.391216 0.429761 
0.715292 0.657552 0.464531 0.042083 0.384550 
0.784342 0.644498 0.561763 0.862108 0.663439 
0.076145 0.947386 0.602823 0.227116 0.676492 
0.608383 0.642621 0.899970 0.044267 0.613586 
0.113018 0.485020 0.395798 0.211289 0.154563 
0.329496 0.222961 0.580824 0.397752 0.614177 
0.010585 0.113044 0.271729 0.475116 0.155126 
0.656279 0.259458 0.799624 0.218042 0.121567 
0.463063 0.294187 0.068952 0.065887 0.521303 
0.745444 0.674270 0.163923 0.645415 0.718537 
0.777509 0.758433 0.203557 0.173307 0.969721 
0.358120 0.502803 0.192682 0.938944 0.900555 
0.806859 0.949529 0.013599 0.078588 0.424645 
0.168725 0.734867 0.684103 0.968349 0.952909 
0.805670 0.431413 0.247096 0.874622 0.497299 
0.768399 0.620067 0.171569 0.932322 0.265481 
0.890105 0.709831 0.023914 0.093662 0.883138 
0.993635 0.451782 0.385942 0.186317 0.390726 
0.286496 0.993176 0.340254 0.300095 0.071764 
0.764899 0.468820 0.806630 0.449003 0.437169 
0.759539 0.254673 0.868581 0.006635 0.129295 
0.365881 0.775034 0.749361 0.537450 0.707356 
0.014843 0.427555 0.417187 0.038757 0.521217 
0.300326 0.032392 0.972999 0.686267 0.218709 
0.363725 0.972764 0.211884 0.703979 0.272859 
0.283648 0.468878 0.741678 0.090278 0.917881 
0.178847 0.849818 0.172553 0.047429 0.856453 
0.301848 0.413309 0.631487 0.051210 0.950759 
0.338843 0.066052 0.378314 0.756030 0.104809 
0.899531 0.056356 0.137201 0.872530 0.742623 
0.355909 0.236254 0.715386 0.567794 0.940233 
0.988245 0.851442 0.409111 0.729923 0.941720 
0.326992 0.908770 0.791538 0.499546 0.956199 
0.647991 0.801394 0.369508 0.279478 0.852604 
0.320267 0.618321 0.918656 0.698581 0.374351 
0.023465 0.598112 0.430707 0.160665 0.470642 
0.173330 0.516575 0.706897 0.888716 0.084369 
0.647130 0.876961 0.935810 0.056241 0.606884 
0.877531 0.383234 0.515655 0.669068 0.882779 
0.471854 0.317059 0.684173 0.841362 0.596537 
0.536777 0.161629 0.214858 0.455433 0.860211 
0.589209 0.478898 0.458323 0.019916 0.639563 
0.928965 0.193246 0.156138 0.635861 0.081962 
0.240507 0.282991 0.958923 0.176317 0.339233 
0.565807 0.053848 0.722466 0.081462 0.722916 
0.605246 0.553315 0.039975 0.289419 0.394678 
0.636512 0.826196 0.556307 0.851370 0.281629 
0.416518 0.440579 0.760526 0.874841 0.460495 
0.400090 0.803806 0.653741 0.556228 0.439667 
0.735703 0.796734 0.722658 0.694626 0.973052 
0.061891 0.260434 0.026899 0.784357 0.341896 
0.749815 0.389602 0.895211 0.789790 0.679021 
0.289889 0.426302 0.505217 0.846196 0.277672 
0.786846 0.262713 0.718252 0.547372 0.137554 
0.178747 0.947462 0.941360 0.832488 0.503689 
0.381027 0.568192 0.300424 0.103685 0.262818 
0.273475 0.165575 0.523252 0.300374 0.949932 
0.865148 0.050189 0.339535 0.760359 0.839980 
0.018556 0.050247 0.266282 0.523773 0.896443 
0.543954 0.310619 0.159156 0.262206 0.857991 
0.296710 0.440953 0.805452 0.238070 0.273441 
0.309142 0.619097 0.841633 0.609565 0.722781 
0.104452 0.883040 0.888357 0.627704 0.183415 
0.838289 0.492851 0.233604 0.177824 0.253210 
0.073584 0.196380 0.303457 0.339865 0.720153 
0.199900 0.883819 0.030772 0.359056 0.146025 
0.888763 0.655767 0.586978 0.694215 0.893837 
0.860419 0.003357 0.512934 0.702052 0.612922 
0.235715 0.806504 0.495962 0.124072 0.434207 
0.679377 0.962361 0.927059 0.912981 0.140185 
0.180269 0.986564 0.336566 0.483726 0.326430 
0.056719 0.683626 0.210249 0.087491 0.042683 
0.356274 0.976254 0.698449 0.943251 0.670470 
0.592286 0.803670 0.673826 0.105220 0.505723 
0.286748 0.340935 0.312226 0.782711 0.465007 
0.746434 0.462088 0.427368 0.673492 0.375068 
0.567553 0.853761 0.361633 0.904118 0.337487 
0.688062 0.960837 0.021113 0.898311 0.048329 
0.063796 0.254585 0.024583 0.762245 0.197836 
0.695052 0.354532 0.001507 0.368879 0.459752 
0.507229 0.655627 0.800686 0.819456 0.438338 
0.265693 0.565889 0.900425 0.693061 0.239382 
0.275494 0.260614 0.093143 0.637127 0.164732 
0.430630 0.325189 0.125569 0.451744 0.223500 
0.173898 0.515540 0.478086 0.198481 0.277785 
0.675922 0.893533 0.632317 0.677429 0.262412 
0.092068 0.184658 0.918039 0.892755 0.004114 
0.356377 0.158448 0.570003 0.256802 0.851508 
0.809385 0.532296 0.112122 0.902528 0.169423 
0.276854 0.333158 0.494612 0.402423 0.784902 
0.718112 0.576322 0.300442 0.196198 0.774803 
0.578227 0.872120 0.668336 0.210544 0.549548 
0.930748 0.302612 0.734207 0.848787 0.195366 
0.738321 0.205164 0.353814 0.308324 0.461966 
0.205322 0.117709 0.994262 0.317444 0.020236 
0.163685 0.594298 0.353395 0.658296 0.996721 
0.138297 0.376408 0.573043 0.438738 0.572606 
0.347846 0.016965 0.444726 0.016182 0.227509 
0.994274 0.946930 0.530120 0.728481 0.795717 
0.725487 0.466801 0.000881 0.079301 0.775125 
0.462847 0.284623 0.892834 0.457110 0.602067 
0.913070 0.620794 0.196365 0.266465 0.279091 
0.193086 0.404761 0.655499 0.766129 0.843500 
0.228105 0.113975 0.860465 0.672831 0.130157 
0.087973 0.667105 0.077086 0.618094 0.395586 
0.872803 0.343580 0.862387 0.873684 0.422881 
0.637512 0.336532 0.707504 0.530346 0.793641 
0.309570 0.443416 0.414436 0.505935 0.709880 
0.693526 0.699022 0.114642 0.349025 0.465151 
0.958141 0.577130 0.579126 0.818606 0.249961 
0.709283 0.906579 0.917066 0.786369 0.524673 
0.312652 0.659173 0.868253 0.175039 0.532857 
0.291134 0.812551 0.869389 0.998637 0.342896 
0.663030 0.308208 0.786312 0.077466 0.814143 
0.496193 0.770992 0.513165 0.610834 0.120017 
0.978316 0.568976 0.697147 0.557442 0.387582 
0.947108 0.266725 0.294161 0.864174 0.053094 
0.818833 0.176826 0.712266 0.687086 0.351864 
0.245123 0.978220 0.164415 0.114512 0.976858 
0.507311 0.777542 0.285065 0.293624 0.855008 
0.099209 0.789816 0.626000 0.612373 0.400651 
0.746017 0.590689 0.969626 0.443164 0.148131 
0.357208 0.390272 0.414855 0.651369 0.254446 
0.467949 0.470202 0.431272 0.180215 0.157288 
0.783136 0.425339 0.135509 0.947551 0.539851 
0.112366 0.454862 0.317393 0.397432 0.748486 
0.172401 0.496640 0.538302 0.798401 0.109013 
0.938953 0.544418 0.699702 0.908580 0.987582 
0.847833 0.265788 0.377854 0.262688 0.917157 
0.632300 0.730637 0.387359 0.063572 0.910852 
0.544647 0.846708 0.336190 0.680156 0.794259 
0.876041 0.792522 0.249122 0.193434 0.189954 
0.997608 0.365835 0.686594 0.535910 0.164236 
0.795607 0.474864 0.708654 0.495309 0.383443 
0.696236 0.343142 0.649231 0.074090 0.605830 
0.566388 0.706390 0.336466 0.953747 0.769962 
0.247318 0.498394 0.616670 0.583508 0.178550 
0.410930 0.459549 0.971072 0.660051 0.652984 
0.161026 0.657659 0.018819 0.847620 0.193569 
0.183055 0.643227 0.668433 0.891710 0.138536 
0.051876 0.587945 0.481679 0.701107 0.662035 
0.087509 0.267495 0.368425 0.423975 0.221242 
0.138387 0.671293 0.719636 0.755058 0.254802 
0.898185 0.165987 0.714351 0.869258 0.826038 
0.367335 0.030283 0.483697 0.386154 0.877903 
0.677266 0.569209 0.521130 0.345699 0.460919 
0.659667 0.397575 0.048864 0.141345 0.098682 
0.710899 0.228854 0.366177 0.079325 0.652829 
0.587418 0.217712 0.324122 0.307054 0.972770 
0.578924 0.205239 0.138757 0.293275 0.074497 
0.964796 0.660609 0.104780 0.448493 0.046763 
0.982683 0.125759 0.615972 0.503814 0.471458 
0.076891 0.163480 0.869033 0.125755 0.304826 
0.967715 0.836655 0.533680 0.333891 0.915980 
0.186509 0.921310 0.133692 0.510631 0.228363 
0.106461 0.089554 0.433603 0.245219 0.382829 
0.508099 0.210014 0.043438 0.612879 0.658507 
0.090201 0.595563 0.784266 0.706174 0.099376 
0.255724 0.783065 0.262857 0.124757 0.908821 
0.567682 0.092472 0.745476 0.101362 0.426363 
0.661455 0.287870 0.347673 0.795147 0.798501 
0.576036 0.901608 0.888055 0.009639 0.146827 
0.270884 0.517738 0.356841 0.314322 0.130617 
0.015348 0.404524 0.726180 0.799614 0.110697 
0.825556 0.055338 0.893763 0.088413 0.180095 
0.802583 0.656095 0.272567 0.548059 0.757457 
0.698931 0.209514 0.045328 0.046603 0.004661 
0.843829 0.622640 0.906269 0.731884 0.632278 
0.053095 0.002768 0.150016 0.409936 0.317090 
0.280634 0.425284 0.721614 0.006814 0.224898 
0.832311 0.832370 0.280236 0.726074 0.920783 
0.460332 0.528657 0.576879 0.732899 0.076716 
0.334336 0.431829 0.286230 0.379664 0.478433 
0.290890 0.223493 0.101072 0.197159 0.955377 
0.733351 0.250255 0.958145 0.883367 0.660191 
0.275235 0.164001 0.085475 0.996848 0.170815 
0.310372 0.829159 0.003186 0.590608 0.555233 
0.923969 0.050940 0.083890 0.500848 0.783839 
0.160606 0.835184 0.215668 0.446836 0.214847 
0.694101 0.737726 0.438340 0.795174 0.934885 
0.393717 0.528524 0.185140 0.351861 0.411892 
0.845331 0.627096 0.575893 0.930805 0.623944 
0.746708 0.241177 0.453103 0.749894 0.831786 
0.008336 0.673863 0.882726 0.092226 0.174710 
0.666565 0.252832 0.009894 0.882233 0.699668 
0.224741 0.576334 0.437394 0.663081 0.371508 
0.372280 0.056798 0.900032 0.557419 0.408659 
0.311924 0.402750 0.035755 0.887817 0.333555 
0.659699 0.634525 0.574733 0.112802 0.384419 
0.406519 0.121138 0.058281 0.289245 0.213365 
0.232991 0.955810 0.466197 0.242885 0.838043 
0.165865 0.467626 0.414377 0.603259 0.130708 
0.785885 0.975538 0.187506 0.685917 0.532958 
0.596165 0.997841 0.935708 0.631920 0.885658 
0.269263 0.291618 0.520183 0.843996 0.404421 
0.904602 0.250515 0.525559 0.962883 0.539759 
0.738924 0.195874 0.495569 0.205121 0.438760 
0.333612 0.370985 0.906386 0.747989 0.974244 
0.037094 0.533873 0.949783 0.224600 0.219790 
0.482741 0.820764 0.217631 0.418449 0.452684 
0.103289 0.687712 0.744302 0.623472 0.531708 
0.148723 0.528074 0.782223 0.674282 0.490957 
0.321982 0.413206 0.686831 0.817551 0.618327 
0.125591 0.151163 0.989312 0.031977 0.899151 
0.963557 0.069071 0.433025 0.913339 0.293670 
0.652815 0.396080 0.114434 0.870446 0.814529 
0.567118 0.973735 0.502241 0.311421 0.597207 
0.033949 0.460144 0.125281 0.816172 0.134426 
0.616237 0.138154 0.547632 0.303068 0.955705 
0.165958 0.428659 0.106868 0.155271 0.460636 
0.006019 0.118827 0.529707 0.439044 0.032166 
0.823377 0.091859 0.428247 0.937811 0.962305 
0.242776 0.504930 0.936041 0.745017 0.816350 
0.533248 0.778966 0.276494 0.658529 0.595138 
0.410920 0.274766 0.733292 0.958552 0.577835 
0.688997 0.124510 0.006494 0.795865 0.279781 
0.467130 0.801883 0.398608 0.996837 0.240927 
0.430774 0.820214 0.332786 0.859021 0.758025 
0.295091 0.101797 0.262955 0.231131 0.846814 
0.079306 0.764379 0.625780 0.355800 0.422908 
0.220917 0.766720 0.697675 0.954209 0.725272 
0.275509 0.643206 0.849782 0.282003 0.439071 
0.129563 0.749133 0.240954 0.528170 0.745970 
0.481881 0.958945 0.566184 0.814667 0.817966 
0.324209 0.109758 0.919763 0.587164 0.340889 
0.766576 0.666470 0.105268 0.392356 0.022270 
0.528176 0.613273 0.788989 0.225851 0.567483 
0.514261 0.501360 0.210689 0.364043 0.783364 
0.649760 0.493605 0.532497 0.890714 0.021776 
0.278467 0.372595 0.980721 0.844652 0.187262 
0.798686 0.168861 0.297020 0.718449 0.756025 
0.637909 0.485025 0.422495 0.743178 0.877381 
0.444765 0.271354 0.490654 0.233754 0.497205 
0.058137 0.748015 0.998566 0.268826 0.112058 
0.781929 0.918585 0.605664 0.314427 0.809300 
0.627439 0.592894 0.181895 0.608160 0.437546 
0.369157 0.406846 0.606406 0.666177 0.125295 
0.362432 0.304087 0.610320 0.784927 0.047264 
0.487701 0.229692 0.318619 0.978355 0.463446 
0.815824 0.036492 0.211462 0.814389 0.305318 
0.323520 0.596319 0.223903 0.929183 0.910745 
0.033203 0.556623 0.503639 0.215097 0.164782 
0.941185 0.584255 0.571629 0.547592 0.250432 
0.696924 0.910023 0.554519 0.307244 0.694950 
0.601783 0.794946 0.924642 0.920402 0.773301 
0.388088 0.736226 0.809793 0.599550 0.550615 
0.115111 0.923070 0.146934 0.339014 0.852253 
0.057679 0.372217 0.408876 0.561319 0.587314 
0.573658 0.502504 0.171569 0.145287 0.050096 
0.422001 0.842211 0.960119 0.976520 0.149455 
0.655069 0.578303 0.944401 0.579711 0.498705 
0.717702 0.967799 0.234931 0.527496 0.567349 
0.785546 0.642606 0.490418 0.932480 0.981620 
0.342671 0.990159 0.353837 0.751547 0.551478 
0.941151 0.325205 0.053982 0.112720 0.470492 
0.104078 0.534720 0.312703 0.064196 0.511240 
0.462158 0.719265 0.089544 0.406559 0.298976 
0.588249 0.124261 0.266775 0.823180 0.651757 
0.834124 0.608726 0.294363 0.324543 0.541207 
0.275984 0.667214 0.531366 0.629821 0.418761 
0.082844 0.570971 0.743966 0.136827 0.683691 
0.214458 0.240904 0.218411 0.527160 0.305101 
0.729652 0.989318 0.024366 0.819195 0.395877 
0.323343 0.407444 0.520139 0.590118 0.230625 
0.171896 0.424242 0.839351 0.466259 0.748785 
0.380558 0.742243 0.415999 0.911924 0.372063 
0.834760 0.994768 0.943035 0.578726 0.131595 
0.626726 0.793184 0.372499 0.845137 0.320344 
0.677600 0.574789 0.309663 0.701966 0.393984 
0.705540 0.025309 0.801429 0.225679 0.615427 
0.032053 0.397574 0.039670 0.871404 0.863833 
0.788455 0.251962 0.606076 0.204454 0.163886 
0.978139 0.039214 0.158654 0.921174 0.617940 
0.290249 0.547900 0.411124 0.662749 0.393037 
0.731468 0.340349 0.967826 0.041131 0.042315 
0.361811 0.746671 0.067625 0.163239 0.972349 
0.683052 0.195293 0.369924 0.722722 0.066697 
0.233757 0.511177 0.318659 0.839833 0.715631 
0.482545 0.817972 0.754845 0.641199 0.739147 
0.372785 0.931449 0.287047 0.783909 0.594198 
0.680084 0.515377 0.934546 0.647910 0.556508 
0.976862 0.009721 0.303178 0.044486 0.172960 
0.275528 0.727538 0.368253 0.645451 0.450260 
0.434950 0.879208 0.961436 0.753609 0.719041 
0.677067 0.236154 0.537013 0.431911 0.877353 
0.276160 0.804696 0.808802 0.563207 0.588605 
0.403000 0.243290 0.103982 0.337546 0.891201 
0.660490 0.314408 0.900921 0.963668 0.358894 
0.073882 0.239195 0.086433 0.442134 0.884646 
0.536692 0.877084 0.763854 0.498129 0.630693 
0.482895 0.175196 0.866847 0.019909 0.607107 
0.744200 0.296069 0.411803 0.553002 0.859275 
0.000408 0.956002 0.102566 0.104390 0.293548 
0.993766 0.764879 0.607956 0.894688 0.728547 
0.966850 0.968569 0.967743 0.053283 0.410704 
0.852389 0.589975 0.287788 0.616244 0.088104 
0.918481 0.099139 0.263299 0.785328 0.119048 
0.870406 0.529528 0.415116 0.282209 0.082531 
0.274392 0.282617 0.038532 0.376957 0.387007 
0.332080 0.370724 0.151887 0.940036 0.265412 
0.880434 0.906886 0.233981 0.848177 0.960169 
0.644685 0.700566 0.550144 0.932473 0.316809 
0.638247 0.850954 0.415948 0.901546 0.636283 
0.534996 0.771953 0.165811 0.950113 0.054162 
0.248342 0.224504 0.336779 0.286874 0.601462 
0.723787 0.618954 0.972186 0.875674 0.558990 
0.237597 0.756108 0.465876 0.471578 0.604285 
0.426044 0.116263 0.304850 0.976188 0.048736 
0.621660 0.614435 0.899691 0.037608 0.515982 
0.535973 0.572605 0.287934 0.701784 0.522717 
0.342096 0.950126 0.747222 0.678875 0.237000 
0.348684 0.402662 0.855954 0.320869 0.278336 
0.414943 0.558467 0.034443 0.880819 0.030045 
0.638728 0.306864 0.146308 0.943578 0.283052 
0.195044 0.565238 0.897487 0.094735 0.602847 
0.413469 0.630709 0.175451 0.701403 0.332493 
0.698169 0.043499 0.282619 0.445391 0.722375 
0.519619 0.794074 0.125037 0.375573 0.114944 
0.403372 0.790516 0.673410 0.437816 0.671335 
0.703455 0.076544 0.978199 0.849763 0.020122 
0.261251 0.044807 0.585360 0.158738 0.139543 
0.188207 0.572207 0.770251 0.363658 0.273610 
0.102744 0.061827 0.317109 0.385363 0.507218 
0.039484 0.904982 0.301292 0.164520 0.280555 
0.416236 0.567892 0.071071 0.089646 0.005708 
0.742406 0.793101 0.082252 0.720605 0.642864 
0.102374 0.981856 0.687671 0.687735 0.140594 
0.827214 0.875942 0.712801 0.597465 0.239600 
0.986411 0.700210 0.301427 0.303520 0.085573 
0.808645 0.343003 0.990555 0.109937 0.507524 
0.271110 0.526172 0.075416 0.342181 0.615818 
0.081124 0.084588 0.408919 0.163376 0.805193 
0.051783 0.265750 0.787049 0.739454 0.953485 
0.927644 0.566668 0.829427 0.640445 0.164134 
0.069027 0.626855 0.864343 0.370454 0.930375 
0.949916 0.179098 0.273379 0.940472 0.289035 
0.780902 0.211582 0.815207 0.856319 0.553763 
0.431025 0.937443 0.638351 0.839944 0.100819 
0.443544 0.891727 0.366570 0.230593 0.631182 
0.320055 0.158237 0.197850 0.149481 0.798682 
0.361984 0.218508 0.425537 0.226327 0.588961 
0.355912 0.176243 0.768060 0.629291 0.116715 
0.057094 0.410193 0.328297 0.872302 0.266512 
0.882060 0.303327 0.203955 0.520411 0.143271 
0.304774 0.963955 0.034998 0.671344 0.194548 
0.666180 0.991398 0.352785 0.864030 0.140880 
0.151467 0.226014 0.359387 0.577004 0.452340 
0.948349 0.932916 0.628583 0.716408 0.562207 
0.745298 0.773503 0.972401 0.073595 0.645804 
0.238912 0.955655 0.949131 0.442867 0.476066 
0.092402 0.747641 0.440020 0.127400 0.418985 
0.634569 0.793580 0.410384 0.987354 0.657610 
0.551263 0.138821 0.883623 0.910651 0.715825 
0.335964 0.858999 0.648742 0.964547 0.575407 
0.210949 0.709846 0.348910 0.183349 0.783440 
0.994714 0.422262 0.739095 0.943845 0.865129 
0.215161 0.036248 0.612770 0.655181 0.163648 
0.031755 0.289750 0.957228 0.442139 0.277104 
0.614838 0.993402 0.415925 0.498461 0.904053 
