2000 5
5679,4595,2485,8250,6332
4159,4604,532,8146,7190
3948,3717,75,5350,7012
1581,4587,7884,7408,2697
1899,4663,3740,4369,6446
9111,4878,2754,7396,551
4473,5642,4881,2141,8696
9192,6177,1472,7808,3565
1765,6709,4217,4788,8926
4992,8106,8348,2932,1183
6054,2039,6549,7462,2033
4288,7261,6301,8263,541
1389,9142,40,4022,8358
6218,2217,5144,5611,2485
6283,1380,9825,3904,2125
6532,3636,7820,5639,6212
2076,9183,1816,4014,9228
5270,2983,2870,8036,2860
9707,274,9822,3001,1963
3987,5385,4574,6140,5570
9869,4213,3183,7524,407
7427,9500,2090,1566,4015
4178,348,4269,7684,6605
5198,4568,6126,191,7300
6495,6402,3957,6748,6998
4175,7402,4319,7311,3896
5839,6416,6149,2272,5550
2324,3055,5003,3370,8485
2630,8471,4803,5661,3953
4742,4014,7852,6768,1705
4903,4267,3756,6652,3887
4707,4231,4594,4320,8769
3964,7114,6095,5682,4418
6741,4625,2847,4525,5551
2594,6257,3459,5378,5743
4722,3145,2790,6059,6812
5522,1905,1284,8509,8897
2577,7783,5582,1783,7593
6570,5823,1629,4929,4215
6925,3539,1304,9242,1353
2928,3122,8478,473,7711
3398,8495,5365,1424,7180
7956,3221,6852,7984,2519
8458,6658,4604,3560,3058
4875,8082,2965,2113,7507
1558,5978,3704,6537,5098
5751,4612,5272,7237,4247
2189,9463,810,5312,3469
220,7112,7232,5532,3138
9403,152,8964,1593,6749
8610,1958,5088,8267,772
578,9379,7804,426,7780
5536,6887,1383,5912,6996
5673,5939,3905,5896,2227
4041,1852,4499,2668,8780
519,6565,2677,8264,6058
5166,1471,6511,1444,6799
85,4646,5976,8678,4963
409,627,9394,3755,9852
1539,5671,4575,7293,2320
7612,9333,1078,8578,1115
9339,3193,7140,2466,3888
5684,3230,5503,2737,6407
6831,871,7821,4821,4317
9902,8800,1260,5534,1398
2401,9381,1722,2602,7373
5984,2004,8755,4985,2357
3735,7406,2464,9320,3632
4972,7688,93,6401,5400
3611,7401,6798,2966,3492
4050,9100,1794,921,8773
7047,3940,4462,9191,211
4139,8449,4506,2841,4476
9157,1651,1766,4470,9135
269,6865,5815,2412,5537
5678,7074,1264,5145,8185
8333,2458,373,6650,4906
4920,6513,6080,531,8452
7094,2840,9397,2538,6022
1936,7414,1126,6462,1986
3041,5940,7877,1765,5203
9699,8305,3132,347,5840
7274,6598,3818,258,3070
6442,2007,8429,5760,2955
9342,3398,642,3520,7171
443,8984,4307,4195,9992
4356,3085,6968,3944,9363
5467,7295,7434,4408,3670
3110,1378,9365,2183,7926
4106,3549,2964,2235,9357
4105,5445,1207,2351,9287
3576,4792,9980,6124,80
1653,5854,5762,5236,5903
4891,6944,2546,8447,4162
851,5563,2959,9087,4631
1805,7410,3620,6159,7673
1862,6476,7040,7176,761
2959,6794,7975,1846,9881
3306,6890,870,6315,8019
2199,6594,9329,4994,845
3637,5885,4661,3054,6508
8639,4666,2738,5837,4413
8908,1428,4373,9889,852
7605,1378,4292,4726,3508
4553,5213,4182,9662,6839
6678,1998,1018,8001,3707
9407,3677,2909,8145,279
6057,6312,7145,2224,7580
6017,8010,2905,4154,5432
3928,6953,2288,4924,2948
2662,1020,8473,8940,5258
1541,3869,6482,3376,8835
5313,4507,8529,5602,3770
8043,479,2752,5446,6536
965,8410,3827,6343,4430
1991,5687,7318,8034,1618
4936,4307,7536,210,4426
6691,3537,3719,5925,8609
8637,5701,2786,3582,2070
7306,325,6943,4760,6703
2318,5864,7364,5928,563
9146,5203,2705,2321,7393
8082,6791,6105,4539,89
4512,4733,5004,2830,6835
4014,6542,5721,838,6560
8631,7453,113,5716,2430
5493,141,4095,6823,6732
1357,8300,6984,4518,3254
6635,5345,4368,6833,2717
5457,947,6111,5962,9603
7431,6486,3910,3188,320
440,5647,5241,7527,6760
1310,9403,487,6059,5811
4240,100,5991,9559,6775
5127,2243,3978,8371,6415
9892,3320,3605,6118,3844
8501,3058,5695,3474,7004
5147,6097,8643,3084,1639
900,7663,5495,939,8225
3560,6026,2089,7969,3284
1487,8636,6551,3140,4490
2328,4919,9607,5004,1325
496,5061,4786,8956,6449
6700,1596,7464,984,4009
5073,1506,8664,8561,3975
4369,6093,1631,4236,9119
209,8315,1766,4377,9034
5449,5131,4498,1728,7829
2024,5103,7343,6212,3007
2529,4040,8654,6322,4285
7238,5963,1410,8643,1470
329,5731,7531,8058,7353
5749,7561,1653,4493,1561
3645,1394,7243,4706,6016
933,5793,6265,4400,7136
5051,4498,5663,8380,6130
5543,9554,4961,414,6161
2592,9131,2735,3961,7275
5684,2040,6843,3841,6621
5936,2401,2982,3940,7359
465,1127,5623,9962,3958
9474,7096,1962,9755,1252
4933,3942,4294,9470,2292
6813,3247,7778,7176,2919
7894,5852,1269,6168,6182
6011,8133,199,4629,3273
1345,4933,6989,4063,4381
3117,3606,5009,7064,4505
6120,3146,4555,7673,8305
7722,7811,5416,5628,997
1489,758,4856,8463,8974
6220,8829,22,9591,4514
4015,6134,2784,2626,8406
2741,3257,3333,9614,7843
3781,2497,1931,8095,6204
5218,7662,5108,3690,5444
492,7793,3909,1400,9629
8760,4547,157,2877,4032
6174,7037,1991,4682,4080
3440,4231,9084,1475,7676
6404,4085,7892,4588,2866
4785,575,7145,3178,6348
6013,6708,4045,1560,8812
8386,3431,5751,2343,5486
4226,5395,6761,4921,3807
4503,8228,444,3302,6602
5584,4937,5378,7168,4833
7176,785,9729,5848,6572
8889,3996,7844,2925,1247
9781,4011,3339,7482,4196
8487,4453,2238,6661,1696
6310,134,9050,88,8067
5225,5122,8321,7228,292
8976,2519,8534,809,7072
6181,2512,6701,3769,3505
9483,3526,92,5622,4081
6130,1465,7688,3782,6367
3534,5705,3854,6919,2850
6390,6695,1367,3143,5738
9153,3866,2685,6030,6029
2082,9050,125,6453,7671
1788,2222,9911,2012,7063
6920,8198,1900,6407,2066
9180,4991,2756,7586,2505
6317,4805,7895,2338,1903
6409,3225,313,9322,1789
5819,7366,2695,3737,9029
2015,544,6378,8799,9005
4029,7297,2685,7448,4310
120,1507,5135,9999,6354
9964,2463,998,8064,5244
3338,6735,6836,2703,6343
7670,5692,3481,581,9140
3466,8145,7461,1390,8497
9108,894,4801,910,7857
5648,3546,6860,3639,5108
5707,276,8494,337,9903
5035,6103,5663,6521,1972
8339,173,5578,1350,8465
8128,4951,2108,9630,2858
4377,6579,3758,4074,6150
7830,6155,3504,1602,6077
8191,655,5347,9599,3152
5911,1259,1743,6177,9074
8167,2114,5151,4034,8025
7447,7749,4891,670,3193
8701,273,6453,8278,1230
757,4606,4504,8816,4943
6501,435,9689,4957,3542
3999,8875,1180,2664,7271
9303,4859,3046,6926,2170
1899,4678,8972,6515,4738
6791,7229,2289,7453,2639
8137,1756,5580,5644,8378
8611,8948,434,5888,1836
1214,7790,8152,5785,2065
7481,5361,832,5005,5749
4746,5028,6399,3139,6642
7811,3547,2456,4184,4441
9088,2514,8538,1566,2894
1607,4824,897,5587,7578
1306,3558,9084,3161,7555
5076,4651,3566,6812,5810
4895,7577,4608,4157,2498
7413,5474,6591,5463,3008
8984,2623,3557,4316,6786
5117,4762,2064,7564,6540
5627,4285,2729,5995,8811
8143,6546,3427,3712,2644
4680,4487,5161,1760,7815
5233,6010,7225,9943,1155
6717,5262,2226,5461,7542
3717,3509,2206,7914,7640
6781,3042,2300,5677,6097
9119,6677,1800,6859,2382
7640,3468,2238,5817,2632
6610,7128,112,6494,5258
893,3163,3112,8760,9569
8689,3842,6305,6288,1604
9361,5399,3166,5777,6616
9743,3421,4425,2323,4278
2501,2583,5628,5293,4061
3417,6655,4518,7220,7070
7435,2714,4407,5650,4552
1343,6420,2782,8071,6147
4087,9167,3186,1082,9014
2967,3532,2522,8489,1933
6575,6853,1561,8909,1665
3954,8354,4474,6044,6476
6892,5618,2361,4827,1518
462,8649,30,7542,9433
2785,2069,3938,9958,4293
1676,1521,8042,9741,5242
3102,1572,8402,6704,7302
2898,8032,1789,9750,4121
4583,9292,1743,2436,4586
8184,4781,634,5187,6038
411,8301,3059,6740,9366
4905,6670,975,8878,5950
1932,4100,9944,1547,6886
5939,6331,4992,3470,1611
570,8981,2737,5715,6502
4419,3584,7403,6280,4448
9382,2608,4530,5645,3948
1672,9485,1876,2234,8883
8292,5225,2052,7909,4141
2013,4138,5532,4434,5267
6112,2557,7376,341,8966
4063,9142,7356,4001,927
6283,919,2155,8965,2398
7127,8412,2289,6153,1851
1381,8499,3413,6569,984
587,7035,6655,2279,6554
2817,9658,4452,8977,6
3918,9320,4617,7782,829
4691,2927,3857,5174,9226
1149,9539,3070,8570,4408
3327,8946,8100,2407,3782
6681,2337,9171,1180,3368
8414,4699,7768,2527,2316
5456,3920,7282,9276,1205
4396,909,4219,6298,7665
3704,3540,7047,4629,4211
2839,7236,1335,7024,7453
4932,5615,4376,5369,5570
4018,3067,4745,3448,9114
4987,4491,5806,2351,6740
325,7676,577,1713,8136
1346,2344,3974,6063,8286
5943,3820,1936,6737,6647
7731,4528,3695,6722,2268
9408,6675,1517,3921,3228
6349,9850,3747,3294,6627
4243,7553,8424,3749,2492
5282,2472,9560,1587,9953
4185,7106,7278,5423,2174
6337,8640,2654,3858,6837
8868,6371,4022,5396,3169
4027,6603,9389,6235,3430
2824,3040,5194,4288,5790
5565,3089,6213,2321,7569
1784,7223,3754,4084,7056
3426,4109,5239,7378,6476
2113,5916,6179,2166,9876
2179,2705,3084,9096,4401
8594,6756,438,6817,2289
2991,7201,3962,2369,8403
6278,5203,3381,2187,3186
1183,6750,5715,6610,563
5645,4659,8307,1453,4996
6616,5838,8445,4500,1867
1669,4716,5833,8772,3421
7336,9008,674,8730,2429
6327,1534,3396,7623,8154
2516,6130,7064,8478,688
9428,5593,4370,2978,6635
5580,3906,4941,4317,5368
5933,4611,2963,4456,2704
2493,5656,2149,6011,7415
8723,491,6248,7296,1156
4576,5141,4415,5432,5646
7073,8074,3108,6044,867
8479,888,4925,7811,3745
2801,7432,4856,504,7015
6384,9770,2051,5192,4473
195,9048,6186,3905,5396
9040,2439,6352,4404,4525
5713,1322,4750,6450,3967
2824,8840,5335,3348,5660
2646,5279,7289,558,8209
4635,6653,1419,4616,3952
8398,6511,498,1679,3356
5289,396,8909,3299,6453
7908,1837,4143,1991,8653
5187,696,5812,8157,5615
6624,1896,6115,3885,7271
5924,6254,7018,2191,4728
7935,6589,3246,3550,5255
1983,5968,2812,5684,2457
3963,3504,4007,9872,4090
5014,3450,5966,2098,7189
1914,2924,6681,9041,4265
1522,1293,5655,9823,8550
7294,4125,5383,5728,1657
5815,6469,3206,1677,3058
6385,3388,9295,2996,2868
3365,7683,2019,7365,2928
1561,9647,8646,3639,3494
8705,5529,2093,4013,4185
714,3201,5383,5331,6053
2408,1671,6199,5530,6555
3644,7047,2768,3066,5442
8448,6207,496,7704,4899
9582,2027,6679,7862,1038
9648,3557,3607,5902,2458
59,4996,5691,4064,5740
6458,7226,4975,5019,3246
1472,5389,9840,3496,7852
1026,3990,5804,5986,6201
1867,5311,2653,6873,7863
7653,2800,2623,5615,7660
5460,3862,8750,6578,3513
3081,9484,9706,2133,5906
9805,1204,8214,2262,7593
7842,3139,6532,370,8034
5636,6049,6802,6495,2644
1686,8813,3066,6245,5321
4098,9386,4264,8113,2052
8247,1418,6160,7039,905
3065,4215,6322,8644,6850
811,9949,6291,3419,2464
2596,7714,9606,6027,3596
2252,5932,5308,5320,6815
4468,6435,7918,2295,8145
5062,6895,8408,9102,780
3580,6518,3474,3682,7016
4890,4358,1429,5817,8542
7496,5483,1220,2111,9216
5214,8948,3533,7184,4693
8872,4435,5269,2753,3437
2741,9983,6388,3556,4669
4880,8632,9405,5964,5
7270,2532,8589,746,5167
5615,8042,4861,4341,2655
385,8371,6946,2813,8051
4328,5302,3878,6168,3482
3048,2792,4458,4532,6852
1271,8513,1439,6940,2829
4343,6567,6641,852,8033
7171,8034,1203,1157,6985
5257,1433,5358,6013,3559
2241,4769,5777,4880,5139
5256,2382,4812,4267,7021
3164,6595,7530,3158,4820
7533,2131,6636,1898,2739
4249,7460,6864,1697,7545
9502,778,4259,3737,4460
4917,4998,4256,8602,3428
2538,7126,1839,2071,9058
9372,5398,8317,4651,2061
7982,8966,1048,5739,463
304,7013,2521,9781,5776
6103,4417,6556,3509,6158
1799,7965,9337,3203,3747
3627,7174,3512,291,8181
39,6927,1701,8505,5158
3381,4500,7743,6824,2394
6082,5569,864,8587,5196
90,7480,1881,6526,7022
2540,9488,3278,2697,6135
4326,7546,4189,1668,7473
7613,1965,9126,1576,9536
5341,4187,5533,6135,5210
5963,3798,2096,7450,5194
7812,1168,5832,6723,9550
3092,2686,6564,7061,3999
4479,1243,4048,8644,6634
5130,3673,5174,2091,6376
1085,7161,8259,3738,6777
9732,1935,7843,2957,2643
3944,2769,3526,6308,7150
7436,7732,612,2644,7529
3443,4378,8447,3508,3702
3799,4015,1205,9042,7965
2337,3011,7125,1974,6859
4823,4827,767,6179,6812
8315,1842,508,5496,9144
1728,9602,1863,7195,5630
3521,1641,5790,7797,3453
6497,7845,6504,5519,1709
8141,910,6446,4105,5067
6315,5949,2711,6824,5274
4659,6264,3312,3627,6990
8048,2416,8230,2958,832
6759,5564,6254,7808,878
8714,2849,5585,4327,4645
8851,4355,2311,3316,9823
8973,2997,3034,7991,2278
6332,3324,5532,1354,6635
9318,4619,4483,3240,3001
3333,5861,1399,7902,9268
6950,6905,876,6162,3618
2538,8589,1086,2663,8902
3218,2249,7202,8048,2959
7456,711,3090,5907,8392
7580,7689,684,5857,2974
2513,6129,4550,5741,1896
6869,3517,5628,3645,7808
7639,3302,6413,1909,2616
4383,1617,7414,4725,5323
1855,9623,3579,726,6370
9017,7169,7860,81,1378
5649,4313,8197,6912,3864
3407,4535,7639,3164,8567
2179,5181,9159,8233,1796
4904,4159,1188,7276,4976
17,7926,2641,9533,3855
8305,3496,2987,9334,294
3649,5610,2210,6110,4428
5362,3175,9228,9342,3764
6891,7329,916,5522,6649
2370,9205,3957,1800,7213
6101,3044,9641,2527,284
1517,2865,6718,1972,8668
7550,3867,5162,6895,5139
5006,5095,2928,7825,1496
7552,8800,1617,3647,5856
5201,4987,8090,2689,6886
7861,7928,4864,1975,3573
7829,4120,9794,1965,4010
8121,2397,7653,61,7003
5406,5409,8300,4833,2829
5278,5173,5929,4911,908
1144,9115,128,8209,5342
1849,4523,5686,6440,3606
2506,4510,7840,534,8081
358,8777,5934,3241,6552
3204,6938,2170,1604,8363
4824,6886,4089,4631,2186
6752,2322,8304,3510,3902
5281,6081,7229,9030,592
4530,6288,4077,9163,1072
6115,4843,7288,3006,6311
8729,2319,4809,3449,4774
5894,5369,7672,1186,2440
40,7235,2177,7171,7033
5512,7540,6380,2039,4426
2065,7327,4106,8545,1863
2927,3682,7633,3832,7507
8863,6578,9290,860,5088
3367,5788,318,7381,8129
2081,2397,6663,9634,3174
4838,231,4234,6381,6571
3147,6380,4374,4731,8893
4391,8133,2182,9636,2256
952,4619,2932,4391,9637
1478,9394,3397,3223,7007
6693,5999,4125,4443,3869
1240,3279,6803,2788,8124
25,7246,1665,5253,5896
9776,5042,3113,1827,5506
6292,6060,6194,6909,1750
5276,828,7595,2282,7112
10,7253,6751,7279,4575
4905,2221,3509,5870,9913
7551,5849,2696,360,7206
6027,2657,7924,6325,2184
5820,2970,5646,1071,7715
2420,5970,2785,4907,8964
4775,3961,5680,3539,8019
9056,6127,7549,176,1472
2464,9784,5824,3113,8501
6924,4714,1699,6119,6651
5542,6570,2900,6526,5462
8032,5863,3232,6199,3998
3431,4338,4941,9573,1715
2022,6000,3378,7512,3576
1329,9883,1261,2142,6008
1126,2080,7114,3372,5122
1537,5785,8991,5374,5286
7919,6631,1043,5647,5374
4352,8810,2171,7361,2913
1912,1585,7662,3804,8500
621,3381,7917,5481,7682
2653,8810,5328,7088,2497
3198,9512,4079,3773,8188
9958,2422,2556,6161,2271
3304,9547,986,5202,4111
6260,6112,39,8425,5820
7537,3086,8941,3959,4610
6026,7622,5897,7255,2414
7470,7065,3322,7719,2147
9170,825,5978,4840,1598
9500,3184,8135,2947,1618
1680,9076,7185,1700,6627
2991,6500,5661,2254,4522
3195,8292,5261,3791,5743
7888,5207,3842,4068,3403
4244,3373,5135,6404,8012
4538,7761,382,4014,8169
2074,5988,9038,763,8647
6778,151,9017,5778,2448
6145,4237,6382,9062,2710
6528,2146,7689,3059,7904
4377,5953,4143,3322,7517
4035,3549,6304,6049,3155
6436,3389,3453,7237,4509
1145,5622,6079,5955,7712
2443,5172,1217,7972,7648
6130,3495,6269,6034,398
8952,1787,3799,4661,4924
780,9075,3193,1388,9741
2647,9232,1567,3760,7707
9339,1814,1430,8705,6750
3041,7940,2155,4175,3513
9125,1692,3098,4624,9302
2150,7003,2506,3378,8140
6886,3387,6671,3099,6062
1851,7188,3467,8177,3104
3384,2859,9584,3222,4479
3753,5840,3444,6774,1744
2943,1635,9618,6963,2564
610,7854,165,7204,8785
9547,3172,4479,1958,5427
7446,9103,4294,4384,2589
1019,4409,8673,1802,9206
4362,4891,3496,7269,6099
4896,3643,9974,1000,9563
4521,5876,5176,8233,1407
2277,2004,3901,8489,6794
3548,4604,1933,8249,5282
5597,1362,9932,4933,4099
7772,7206,5121,5418,2033
6430,3681,6519,5614,2377
2532,3434,6469,7948,5010
2054,8924,3742,3617,5052
4776,5333,2021,8370,5433
1104,6744,8114,8011,3702
2734,1846,5882,5034,8475
499,5362,7606,4196,7798
6461,1999,8297,4948,4415
6983,5305,5402,206,6252
6103,8992,2441,2631,4503
1094,722,6141,9514,8396
4349,9317,1433,3282,8229
9493,96,5116,2250,9444
5738,6082,2087,3675,7606
8241,413,4074,6108,2780
3911,6420,2652,5925,5627
2964,8412,4089,9256,1092
4459,1961,4214,6238,4764
5551,3124,5185,610,7421
6006,4573,2283,2316,7757
5094,9446,615,1616,3008
4907,6541,4248,8865,3757
3566,6521,4909,3988,5141
796,7848,1718,7561,5758
8652,8170,1410,6739,4445
5532,5812,3275,6226,5074
937,7069,1817,8234,7561
3960,1399,9582,6452,1769
7503,4515,2869,6036,6710
3115,7014,1423,7121,6454
4170,6059,5576,3140,5200
5683,919,7230,6872,7827
4290,5758,1850,1779,7854
2170,7894,7141,6613,2325
7275,1298,6459,6893,1428
3365,4804,8552,4628,4941
4902,3505,7547,1106,6834
7342,9345,3374,3681,2223
4932,6842,6195,4451,1031
3265,8955,6209,4677,2363
7023,2506,5747,9730,563
3570,4357,3302,6890,6562
6883,3184,9539,5861,1464
4471,6690,6128,2565,6681
3036,5924,2394,239,8488
5861,5971,5284,1067,8497
4146,4512,4032,6553,5048
3565,9969,1620,4975,4384
8847,5178,960,2980,8820
2778,1097,7321,8020,2813
2784,8028,3964,7124,6149
5390,6347,5385,163,8659
2727,9778,5074,916,6405
6691,5361,7191,2248,595
1892,9435,3348,5878,4933
5558,5553,6952,5809,3165
562,4880,7955,3983,6568
3605,3541,1442,4341,7932
6812,1774,8206,1391,8573
5302,4868,1715,8182,8526
4117,7302,8208,476,6821
8018,2930,5851,7216,1649
4787,6365,4459,4062,2871
7538,5044,6233,6884,2025
1153,8206,3570,6740,7320
7879,4402,3653,2010,1883
2920,7567,6121,2250,8039
3851,7654,245,8583,330
6135,8692,6158,3325,1500
6329,2543,3094,4451,1855
8470,3152,217,9051,1884
5645,9630,913,4607,3098
3799,2501,6770,3388,4616
5004,3254,408,9717,3056
5290,4484,6336,8220,2450
2627,3417,5692,8240,4629
9756,558,7415,5672,1948
4306,9317,6787,4021,1909
3183,9870,4564,6013,4551
6102,3530,8491,8696,102
6073,5696,7653,1056,7444
5779,2834,5432,6461,3597
2244,4221,9690,4434,2541
5082,4642,6303,4072,837
4132,8803,1854,8364,886
1975,1567,7800,1033,9379
4585,2856,9275,3638,3476
8656,1244,6007,3302,5860
6134,4654,5452,5632,17
8180,4767,6981,217,4256
5390,6446,938,4727,3491
5841,6341,829,32,7449
5975,492,8791,1,8726
6428,4337,6615,3835,2116
8512,3013,7033,1598,3932
5224,4956,4362,1477,5518
2242,7939,849,7830,3862
6558,107,2541,6902,8699
7304,687,6976,7060,4126
3397,4909,7885,1391,2834
6869,3408,3233,6821,2205
9909,9074,2894,3836,970
4238,1156,8626,3335,6024
3525,3713,2678,5211,5658
6637,8675,5943,1517,2982
8926,6494,5439,3009,1442
5613,4154,4744,5875,2635
3764,6490,4546,2884,6554
6461,4720,677,9431,2284
4480,1706,9199,4147,3065
920,5044,6766,2366,9885
6358,1391,7512,6664,5650
2432,7686,631,7235,6122
8751,6665,3136,1559,373
1257,3763,7632,7903,4635
7526,7370,223,6731,626
3410,7116,6647,5159,5673
9504,2202,7095,1996,2039
2185,6986,4205,3520,6537
1218,9764,3596,9334,5336
3952,5231,7199,1469,9999
4705,5062,2340,4749,5468
833,6945,3988,6731,3690
400,6253,5750,7050,5719
9657,2339,4686,5090,3981
4388,2724,2779,7652,7355
3805,803,1358,9684,5627
1784,6636,3738,6040,5459
7894,4836,2800,2033,6075
2786,5901,1773,7329,6517
8823,3273,1219,6280,2424
8424,2444,1497,9820,1369
5350,2317,689,6778,7636
5754,7339,2832,1652,6425
4065,7138,3821,6085,742
2091,4396,9316,5403,3870
2279,9911,8378,2934,5782
3579,6947,6682,7835,894
5225,5604,3035,5776,5549
4827,3931,7450,6408,4831
5345,5390,6965,4140,583
4603,3518,5802,4654,7399
2147,3089,8188,9555,1139
9891,949,4252,3720,8276
3557,9228,3659,808,5361
5275,4526,6182,372,8890
3719,4269,4975,4977,8991
3330,1496,4945,3743,9699
2068,6151,1779,8071,6913
8193,5963,2337,4999,7912
1308,3252,7369,5181,3545
1132,1972,6900,5918,7890
4236,3243,6092,2577,7243
7730,5729,1362,5253,5302
3,8059,6344,834,7947
4978,2882,8387,2072,2581
5014,6632,6601,6078,3627
3180,7535,3244,3080,8420
6076,1073,1510,9723,3507
2380,5065,8364,1767,7380
9124,1143,4907,4413,3535
8116,7399,5189,2026,5849
4611,5403,6514,5557,4050
4446,7662,3687,9426,2364
8711,2779,3223,499,8028
4704,9519,7181,1476,4098
6956,4808,4816,7489,2474
8506,4384,3644,5593,7269
5647,3907,1204,4994,6369
1347,1552,8038,6540,6530
8779,5474,4791,1454,6313
7130,2855,4421,7526,2298
4107,6540,3033,4881,6873
7243,8408,629,6046,3839
513,8161,5840,2939,6456
2249,5293,6182,5744,4509
3838,4974,5690,7107,3468
8096,7430,5405,2617,1973
3689,9433,8110,5577,52
7944,4997,755,6779,7282
4745,245,9558,7024,4968
4916,7415,563,5277,8791
2247,8233,8049,1275,2273
3272,1067,8910,5650,2905
2287,6319,3391,4433,6394
4731,1752,8925,3310,5511
919,5285,5643,6029,7736
7225,2352,6830,8703,349
4387,7292,3426,6987,5789
3920,1584,5578,9449,4755
1879,4235,9090,138,9569
8105,1718,9857,2558,5839
7253,4369,529,5156,3674
2689,531,9268,5175,7017
8785,5240,1123,8006,4185
1854,6612,5480,5197,5942
1451,5426,2200,6431,9913
2740,7435,4180,5163,4710
4236,4907,9712,321,4603
8108,4993,8243,890,3960
7198,6932,5887,4521,3204
2697,8515,3640,9418,1155
8084,2403,3310,6458,686
1163,8364,3764,5228,6352
6740,7388,2904,5874,2845
7854,3047,3223,1956,7090
5418,7937,2697,5830,7446
2031,6857,6051,9906,692
8836,1979,292,9019,2408
2714,3059,4599,7441,7659
7820,2802,3887,3388,2096
2397,4812,6270,6758,4164
6514,4641,5754,7552,5923
3711,7089,7037,5685,2693
6087,9098,5771,3390,1972
3932,5225,9651,258,6508
4025,7669,4444,4028,8879
3856,7380,2894,6442,3685
6696,1921,8780,995,4121
4787,1649,6893,1969,8886
640,5058,9821,1190,5934
237,5503,7105,3527,5411
5297,8128,4957,7440,2279
4801,7623,3020,3950,9550
4732,4447,4878,4053,4570
1029,6588,934,9483,3016
909,7657,5020,8399,4639
5830,4224,529,6550,6101
6122,4826,6438,4618,7781
1990,9115,1923,9720,2538
3783,5485,6500,9733,3472
2424,3817,2489,4121,8363
1470,9079,1307,5944,5394
2925,7126,1245,7287,6680
345,8998,6425,739,8291
4458,9668,228,9398,957
280,5719,4731,6894,5010
4208,4910,3475,3908,7663
8217,4499,3632,1290,6384
2190,6457,3583,4776,5286
6587,5243,1153,8884,2859
371,2840,8371,7981,4085
9050,4534,7801,1079,4078
7423,2610,3145,8698,3732
2408,4136,7751,4830,6897
9378,3290,2086,2758,4701
1903,6183,3426,6445,8503
9439,6924,3753,3849,3211
3178,4551,6420,8650,3706
3701,1986,6247,8398,6400
7870,5023,2708,8321,551
6726,1000,9467,6012,2459
5283,5513,5760,4603,4212
8429,3522,654,4127,6163
6683,4820,5746,2794,7617
1193,5842,6295,9490,3994
930,6542,5432,7001,8172
4731,7882,7509,6048,745
1274,9869,4229,1000,9150
870,8365,3540,6704,3308
6600,1630,7052,7869,3738
8685,5333,3235,2324,7852
2390,1526,8829,5686,8167
7967,2981,6775,4617,2342
5206,4825,4608,3728,4400
8207,2247,5761,2001,3283
6971,5853,3427,5937,1898
3521,3244,9498,2554,9526
852,1515,7140,6562,9087
9739,5343,3195,3002,1877
9767,5990,3779,5523,1229
6115,8966,5209,628,4509
8913,1931,7101,174,4804
4621,2726,3707,8561,4417
5361,1262,5136,5520,6606
8845,6039,81,7974,1526
3155,5315,9747,979,7376
5595,5,5970,4633,9055
7563,5205,6957,3941,1592
3293,2511,5400,6567,1839
3292,2711,8107,5920,4963
3393,6501,5369,1061,7317
1687,4782,8365,4778,3731
7142,6954,2535,9952,2641
8381,9700,2388,7071,329
4647,9190,4095,5955,3379
3942,7066,9695,316,3157
6822,4407,5270,8340,3403
5918,40,7871,732,6266
427,6865,1112,9314,6513
6004,3839,3640,7932,3598
3708,8924,5159,3401,6341
9522,2220,8919,3831,2210
6718,7483,6008,7059,404
2256,7282,4926,1981,6393
7383,6685,2746,8296,3052
8762,3246,3231,9020,466
8125,912,8601,5764,1249
3529,4329,1269,6467,7044
5151,76,8902,846,9380
67,8873,4845,4906,9693
5973,5494,2944,3994,5124
9255,3590,4666,1287,6690
8152,7749,4231,6265,403
9226,2866,2835,8418,336
3688,7705,4707,6327,6605
6484,6018,4168,9471,1404
9801,19,9921,4567,4530
7531,3363,2346,6966,6296
1076,6236,4232,6689,7764
4310,8448,1408,3842,5896
5317,6101,9670,4437,2475
8110,4845,3260,5078,4248
7163,6497,894,7334,1458
7565,2556,3355,6922,5193
3924,5980,5614,5564,2544
7593,1120,4290,5996,7186
5557,9879,168,8885,1930
8633,3003,885,7162,4702
4950,6752,9592,400,3688
4049,2948,2157,5872,6968
5598,7809,1619,8735,2176
2896,4296,5111,7100,9092
542,9289,4581,462,5995
902,6908,3192,6357,9183
7187,50,8415,1012,6914
5264,3196,7603,6608,4315
4102,2802,4727,9486,4977
280,6908,9617,3299,7543
507,9012,5731,1026,7309
1965,8122,1241,5667,5182
1672,8989,4264,5770,6171
6932,6391,5000,3766,3152
7712,4935,1149,7654,2825
279,8130,6246,4144,9019
871,9499,794,2079,9565
7157,4633,4689,3986,1699
5670,9132,6649,4206,144
3850,3595,8304,7990,5449
3089,6180,1552,6445,4580
6250,9904,5121,2419,2511
5190,6743,2099,3749,4616
8994,3562,1817,4815,8178
5062,6442,8914,5378,222
2214,8766,735,6963,697
882,9156,2432,3477,6785
7220,3171,7185,5414,2879
3055,6124,6457,2976,7393
183,6050,4789,5538,6171
9189,8091,2486,1527,2828
4234,9340,3659,4248,2762
3534,8831,3767,6736,571
283,6135,7188,6053,7811
5649,2821,5315,5477,6454
9570,1991,7362,4347,3409
8003,3071,6540,1092,7347
5104,2700,3726,3666,7123
78,5485,3960,9563,7535
7680,4277,6765,4139,2362
5799,5170,4289,5422,3970
6328,4759,598,7556,6583
9121,7466,93,4159,5341
1670,1429,7570,2909,9627
2554,7092,1266,2922,8284
3481,2229,8763,7429,1991
4060,9562,7094,2268,3059
143,8092,2652,5331,9018
7558,6756,152,7307,4838
3828,4540,5077,1824,7025
2282,9076,4616,3041,3825
2024,5399,4397,4575,9486
9203,589,9942,2674,1348
4420,2807,5104,9358,6054
5029,7899,2716,6341,3747
9370,134,3941,4388,5278
5242,2832,7967,5358,6065
6404,2033,6257,5800,3586
5027,4928,8654,4877,3023
7537,4198,5926,6377,3779
8489,718,6242,874,4377
367,7994,9145,2889,6419
6804,1545,8827,4898,4034
1454,6384,5360,6528,6834
1894,7145,8738,5028,2649
7965,4802,4780,1444,4029
6308,7595,536,8002,3686
3566,6097,3760,6759,4829
5967,4973,5910,9676,832
1165,8503,3199,6724,6207
516,7676,3729,3721,8318
5945,5973,779,7284,3349
8079,5885,5047,548,4826
1628,7427,1675,6602,8365
6059,5242,4858,2354,2922
3872,3412,7950,3017,6052
2644,1037,3464,8871,6970
5023,99,9791,6090,6438
9709,1367,9757,4079,5174
8031,5376,5851,3585,4879
9895,4003,1597,8792,1404
4507,3753,3351,6395,5739
7743,2637,7607,6100,1864
8243,5754,1252,6785,6057
9787,8119,3300,1469,4034
7450,7233,3734,2358,7640
6490,5903,6879,3655,707
7823,2264,4566,6287,6718
2147,4482,8840,3562,7954
7551,2222,8211,3724,3371
5455,5468,2603,8605,1282
5080,4137,4748,3120,5446
5309,4346,6532,4541,5634
5876,573,3618,9577,4581
3157,3572,8635,7346,3520
8215,2506,8423,2065,3544
7946,833,5604,3276,6292
1824,8740,4397,2411,6345
8524,2102,2695,6465,4587
5681,1183,3514,8949,5546
2077,2828,7849,4644,5196
1469,6105,3297,8099,8544
553,8439,6550,2295,8872
8069,1689,4935,2000,7717
6451,3387,1637,9092,6268
1496,4881,8500,5886,2396
7488,5649,5633,4396,1708
4061,6745,7596,4860,1379
2567,7217,3518,2526,9194
1881,8346,5026,2505,9300
9765,1691,9330,3032,2049
5494,2647,6298,6293,4369
1799,966,8051,9269,5208
6162,2249,6037,1994,8954
2670,7319,5324,6639,4712
4965,4718,3391,3798,5124
7545,3441,6514,5677,1692
3403,6795,2680,4862,5320
8404,7015,1614,7757,1223
9157,1416,9964,1125,668
3700,9608,1616,4198,4804
6330,3993,7103,8550,2277
1384,8861,8199,4600,6723
3940,8465,3290,7304,3657
6202,5467,4921,5756,4925
1979,5408,3607,8053,8898
3007,2651,7199,4993,8797
7469,648,7948,2575,3954
1374,4008,8020,770,9180
5169,3000,9284,3032,3600
9350,2294,5301,6442,4718
6306,3125,8455,3042,6251
8202,3578,334,6995,8823
7698,6758,2050,4363,2301
8761,2715,4193,1207,4683
1835,2360,6825,4730,4337
4645,4693,9172,2457,2684
2782,7198,6628,5225,7300
7009,3521,7709,1928,3820
6497,2328,3007,9561,2672
4270,3075,1758,4250,7594
9551,1954,6828,1675,4163
7116,6028,6617,1102,8123
3330,5499,4083,5232,3677
1854,1167,5016,9377,6305
4028,8465,8801,906,2887
6600,6480,985,2815,6876
5004,6344,9825,2442,2214
8690,1765,9678,1969,2179
4163,9959,2916,2319,4449
63,7698,1527,7841,7411
4901,6737,523,4188,9603
3431,7188,6484,3539,7189
5988,6076,9342,618,1307
6256,9424,2512,8272,806
2883,8731,4993,5527,3685
1687,8627,2695,8017,3134
5019,3705,5673,4730,6292
1445,7871,5183,7597,1077
502,8079,3100,6528,6516
9039,3071,5365,5020,4006
2674,6337,2399,5708,9113
3249,5341,3506,5137,3818
6672,9038,5584,1786,5482
8426,4602,6669,1880,4972
5661,4012,4331,9177,3507
8757,2921,4081,8996,2357
8199,2631,1425,4852,5396
2468,5860,7052,3279,5436
4650,3281,4362,9623,5256
7185,2791,5088,3027,5929
8772,8276,4393,2735,2379
5017,1743,5795,8918,2549
6880,6679,1344,3824,7186
3749,2759,7756,2121,6941
3956,6663,9479,2573,3839
8723,2625,6948,1194,4582
9553,3257,8098,3871,971
5581,3893,7193,3643,3729
9190,5003,7425,5991,744
2911,7675,3743,6850,249
7092,6836,587,7359,1419
7945,6477,5984,3257,2871
1789,2992,1001,9376,8938
9666,4705,653,4452,8986
7098,6870,1713,5965,1623
2887,7920,1389,5385,6379
9286,974,5027,9206,1851
5907,8397,4530,3577,4075
8913,7196,3784,558,6744
5676,1597,1039,7647,8695
3355,6908,2448,7120,4037
6519,5656,9378,5677,2544
1653,7198,3550,2079,7286
2408,4231,6196,4596,5126
3670,820,3664,3084,9623
2798,246,3668,8650,8846
5834,1774,7208,4984,1884
3485,3880,3939,6529,6218
1480,9469,2685,2667,8064
3622,3204,1202,7804,8764
5959,1596,5087,9997,885
2236,7849,6644,1868,7700
4362,777,9122,8718,339
6759,6306,425,5608,5384
6337,5116,3842,1212,8970
4796,4326,5915,197,9087
5214,5636,6961,4202,699
7856,738,9138,1891,1922
6664,6831,997,2825,6640
4926,8439,2851,2273,8693
3898,6528,2710,2278,5366
6076,3889,4616,2348,9962
3420,2891,4915,9919,2389
7955,6902,3714,6930,1391
6344,1114,9908,1886,6375
9730,1612,4975,7699,1775
3054,7321,2371,3088,5198
3917,9861,4944,934,3682
8937,3870,5809,6141,2165
3010,6247,8076,3482,7891
8311,8369,593,3396,5071
4720,5303,6852,4402,3615
7547,2211,2651,4799,4010
1513,6627,8023,3230,5143
2365,5163,7858,3091,5422
6946,6466,4647,3874,2566
6767,5761,7302,3090,1095
6261,7664,4253,8505,1459
4018,6090,1836,7129,5185
4417,9507,356,8703,3908
5076,3928,8642,2607,6650
3902,6870,3116,2983,8637
899,4033,1831,6812,8711
2274,6013,6365,3577,6760
3029,4694,8080,7294,3965
2336,7410,4374,5231,3012
4934,971,3569,7652,7707
2443,763,7680,6539,6530
6465,2212,2829,6534,8355
8450,3547,9053,3081,1719
6978,4624,2792,3835,6998
8033,4886,143,6377,2055
6475,4464,5107,3439,2294
5803,6133,7068,3570,3873
2984,9697,2340,6775,2519
8199,6593,2740,6187,3807
4774,8281,2959,9269,605
5840,5706,9357,2452,3811
6046,1314,5709,8439,199
6743,3530,6276,4570,933
6878,4088,7039,1176,8660
9908,311,9162,8487,322
9721,5837,3438,7274,1337
4564,1015,3590,9008,8367
4961,1853,5089,6894,5839
5038,7463,6545,2354,4496
7628,3859,1448,7897,2519
2380,742,8353,6832,2879
5528,4982,2755,8450,3763
3858,8665,1778,6460,3421
3629,4570,7585,4333,2554
822,3586,8743,5393,2840
6399,3423,6084,7568,2321
3429,5160,4412,9202,383
4449,9280,2832,3088,4145
8850,1399,4210,5039,5536
6679,6076,2543,2696,3622
7157,3340,2111,6455,6989
7120,5828,1530,4678,5892
8016,793,1980,8252,6206
574,9776,1571,4414,6141
173,7602,7455,5894,2507
3163,4948,8241,5575,3791
1382,9780,2246,4705,1860
3591,4308,4641,6088,2877
6503,4812,1705,2439,8435
5819,9159,788,1871,5849
4883,554,2143,9040,8398
9353,223,7705,1378,4989
5711,5558,1360,8028,2392
5200,745,3855,2325,7862
694,4851,8734,7378,7676
9904,1834,3321,4854,2625
5584,5324,7968,488,1835
2124,5676,6137,5063,6624
7860,1579,3742,5004,8794
4897,4448,7633,197,9093
3447,8066,6129,2816,3720
1470,8450,3253,6564,8637
2510,4896,8705,6388,3837
1251,9381,2808,3716,6778
7924,88,9288,177,7003
6072,7067,5106,3636,2320
6229,5775,959,6235,4673
631,4860,8153,965,6210
4327,3897,5582,2245,9994
6157,5045,3456,6983,3115
392,4479,8577,8492,4984
6017,7595,3544,2132,6083
1846,4840,6954,991,8295
1564,6154,3641,6842,4253
7409,3745,3101,1854,7550
4281,7788,8206,2017,2581
7431,2743,9030,4931,1172
4683,1886,4240,9555,2758
3212,6324,2169,9016,2612
7343,4223,1361,2025,8256
6159,6537,3347,2058,3678
4978,1196,2892,7221,7191
5872,3558,3593,6845,7196
2409,4409,6607,3276,9799
7974,1108,6976,3822,4144
5340,7636,2805,4169,4408
3375,8442,5254,4161,2442
5505,7644,2070,5923,5195
6798,450,5550,5975,1968
1715,5076,5668,6935,5176
8449,1,9653,3461,3889
8333,2420,4508,5494,4422
7796,4474,2298,7442,4670
2575,7801,5858,5876,2183
57,6327,6021,1630,7604
2752,970,2529,9177,5317
2182,1755,3866,4341,9187
2805,5198,8468,4036,6303
8803,4904,7800,2629,1262
8946,7011,3392,7635,971
3532,6390,7838,1066,4909
3333,7124,7985,4923,5431
8374,2281,4144,3809,1700
6096,1812,7312,886,8370
3709,784,8711,5482,3993
4646,3134,9328,4628,2937
8987,2158,7074,2514,6244
9789,3449,3830,4222,4691
5305,5587,7341,1206,4714
3351,4132,4445,6129,6041
8569,496,7349,2957,4612
691,7799,4045,3925,6221
4600,8947,7147,2321,1655
7214,2675,7561,5273,6426
8572,2501,7367,2734,2799
1257,6822,6270,4282,6216
7676,4226,4137,4441,4533
6565,9601,1978,3013,4845
560,9063,4900,7905,2037
5951,1091,6318,5440,5297
2442,1983,9530,4343,7527
3216,5330,9812,7825,9
4224,5047,7925,5609,3098
6826,2805,3885,3544,6632
6441,5079,1460,7399,5387
5094,7149,948,4369,4762
1700,7979,7451,120,7159
2283,9032,334,9825,7027
8197,814,3461,4304,5616
1269,6562,7404,4970,3269
6698,3980,5142,4962,565
5005,1771,5713,912,8490
3392,6667,5396,6122,4093
7736,4785,470,5027,3441
4050,2860,3136,5997,8053
7227,8453,2190,5169,764
3237,8297,2473,7885,6874
4686,2865,9091,5437,3044
6258,334,9276,3393,4590
2818,7441,6793,4722,6672
8590,4026,9905,1662,3461
5809,1519,5932,4407,4287
9346,4940,6885,2651,5040
494,4634,5305,9586,8974
4016,6028,7457,4238,3289
5410,1030,3146,8127,5152
6515,5891,2724,7200,2287
1889,7766,6495,2988,8303
3090,3926,8823,2809,4915
7740,7011,1918,9516,2136
8182,7826,6224,3786,1165
6897,8379,4316,1233,7291
1671,9144,370,4753,7908
7140,5694,667,1215,8218
6749,6697,5081,6599,70
7529,2368,9332,3509,7932
5924,1864,4804,6131,7050
2611,7212,3475,4183,7247
6652,550,5323,4683,5265
9092,3652,6230,4099,2789
4752,9887,1176,4895,2601
6476,2400,3065,9842,1948
5449,4227,4437,7275,4390
7256,5955,8131,2690,2939
1631,7840,6462,3275,3982
4717,978,9852,4597,5550
5552,8327,7459,771,6755
2434,2318,9632,161,7601
6548,5666,3815,2975,7694
7542,560,6451,4219,4719
2286,834,3881,9819,7406
9915,7185,1343,5251,4627
9122,2507,8336,1882,2411
7123,1279,4516,6865,3153
8353,3301,5816,1419,7291
6195,6154,1468,4949,7303
4392,2101,9124,4065,2497
1727,9498,2491,1725,7089
6840,3316,2805,3305,6938
4181,5221,8446,4243,5397
5446,2049,3365,8626,6101
5977,5648,9524,2405,92
6523,463,7880,4848,7534
3576,5301,6967,2899,6678
6898,1961,6922,9684,2610
2759,8726,6730,4848,5547
7591,625,7636,4092,4056
1997,1509,8876,5759,4276
6695,3092,5745,5000,6108
5502,3731,4734,8725,522
7275,3103,7642,3546,2065
8271,3667,4156,5259,6827
7468,2206,6012,5400,6480
5273,8181,485,2370,8548
2828,8600,1410,3593,8375
6448,5737,3183,1121,7200
5748,6339,5003,930,7646
7087,4850,4483,5009,1685
474,5381,4234,7343,7047
83,8118,9024,4491,7646
8313,333,7479,934,4687
5142,5041,8715,6727,2026
3946,6622,680,5071,4969
5065,3513,3853,4208,6638
8634,2164,6516,8921,1
7190,3393,8465,565,4127
7847,2197,4626,6064,3132
9663,4122,8230,964,5425
8920,389,9295,1775,6774
2875,3243,2180,8184,7041
5920,4538,4761,7758,672
8278,8565,5931,3492,2705
4167,2492,7639,4693,7741
7285,112,9577,4734,3241
4331,3743,6642,9552,649
2876,7875,6452,6185,5498
6719,4447,1934,4858,2522
4850,7653,1291,8307,601
2271,2059,5852,5513,3990
2384,9815,1144,7544,3143
5144,9540,190,6825,6626
3844,3612,4686,4310,7134
9477,3951,6935,600,3098
5791,245,9001,4149,4110
4941,4810,8301,4530,4383
5798,7587,5492,4600,1917
5257,9065,3487,8561,956
3089,3026,9443,5443,6941
8664,5310,2790,4354,3386
6015,3231,7828,5118,3215
8004,9931,2836,5299,5180
6889,5346,4063,7329,1186
7100,3872,1868,3128,7858
3638,6775,4654,6061,4532
6919,7883,2645,2531,6738
5222,8499,1588,2042,7199
7659,2827,9726,4639,3139
3389,3139,2090,7555,7899
3444,9829,6418,1867,1061
7878,537,4701,4179,4511
3631,1739,9704,3011,7118
7625,2347,3546,6711,6998
6892,3268,5307,6872,3847
6618,2545,8053,4989,2182
1996,4206,6870,7160,7480
1997,523,4396,9070,7708
3758,2608,5334,4587,8924
4354,7304,2534,9459,3921
736,4290,9400,166,9254
1870,5735,6729,3796,9329
9320,4870,6121,4781,2589
3781,7246,4166,6447,2610
5563,7452,1396,1073,4779
7778,2720,9030,5571,815
774,8516,5295,4604,5778
5671,5909,911,943,9335
3907,9755,1063,7233,49
3872,7290,7469,1516,3181
7353,1948,987,3333,7234
2388,367,7111,4327,7184
3016,6945,2510,1509,8172
8673,8441,1421,3294,3037
4597,7387,2435,2627,6580
6423,4650,7953,1995,2593
303,7303,5001,8736,6252
9036,6644,5021,3722,1156
4770,738,5780,2328,3236
936,9360,3668,1617,8126
2873,7192,6076,1662,5338
7585,5409,957,2318,8634
9712,890,5539,7166,2132
2028,7807,3984,4086,8907
8045,1808,6930,4244,2402
4199,4064,4427,8258,6839
5322,6113,5487,4581,3898
5835,6218,9050,429,3414
4220,6748,8221,4464,5527
5218,2013,7970,5328,4748
5210,9617,4505,9774,1363
8022,4484,4462,1404,5843
3683,6733,9026,4376,1428
2820,7650,3979,9945,701
8943,3062,6406,5490,5091
5710,4549,5185,4632,4338
4531,169,7489,7501,8072
2818,9105,2731,689,9286
3632,5153,8218,4416,4523
5528,2649,9559,2993,4285
7779,3443,9663,1367,5608
5883,3617,1163,7953,7092
3482,3456,139,5317,9945
5346,6744,207,7609,5518
2029,9335,1174,4081,7007
3138,1753,5594,7809,5292
8259,4558,5236,5871,8713
9948,4536,623,8519,3321
816,3448,2014,8116,9680
6105,4477,693,6215,2683
3968,5533,7485,4665,2853
435,3718,5114,4817,7295
154,5498,1736,8900,5355
1955,4107,4765,8967,6406
8210,3160,8791,54,5084
7565,1801,9050,5311,880
5215,8783,2972,4931,3616
5417,8435,5604,2278,2750
4749,573,6339,1763,8807
3630,6718,5493,7548,927
3845,9537,7661,1779,3263
9297,1017,7947,4194,4727
6687,1601,9879,213,8548
4841,1337,6579,8807,2593
5381,4528,357,6131,7180
9507,7368,2849,5144,947
6389,4342,5840,4294,4473
8906,8355,5220,1694,2986
8218,6472,798,9799,1649
3078,5650,9444,4098,5081
1494,8118,9820,479,6360
4691,7542,5923,995,7742
5092,6570,1549,2515,5165
4126,8932,5396,4529,908
2230,7579,9703,1220,4610
5791,620,7697,2465,7544
3461,4974,44,8478,7260
3126,5407,8237,2256,5511
7638,3978,7581,5170,3415
3353,5256,7070,241,9641
6187,6504,4185,3424,7913
5769,974,7003,4864,3249
5233,442,8222,2646,8426
5057,3866,1917,6947,8961
7837,1106,6902,3235,5741
6453,2068,6021,9745,2793
9120,5928,5835,1450,5571
3855,9906,1570,4620,2202
831,7189,7069,8580,2554
7311,1510,8178,1041,9766
5745,3621,5413,5979,4831
7785,3154,1360,5589,7161
36,8204,5480,4737,6477
2286,7088,9343,5223,1010
4939,7044,8268,5643,3364
5094,1845,8402,1947,8760
5443,5053,2456,8027,8065
4772,4136,5394,6979,1639
6235,816,5677,7566,4027
8523,7654,60,2850,7146
5919,640,8585,3782,7612
4918,6821,920,6008,5363
8353,6098,4271,4390,7136
6078,1283,2728,5286,7939
5052,4679,6392,6439,972
7533,638,9807,2679,5424
1562,7908,3020,5141,3875
716,2968,9547,3895,8820
5372,2831,8898,14,5047
1591,7424,1118,7587,6720
5831,620,6125,7193,3042
4484,7275,1274,5413,6791
5002,7464,913,9189,3152
3810,2561,3645,8411,5339
5680,5230,6667,4542,3409
8771,1156,8985,8193,2360
8771,6133,673,4789,4832
5283,7184,7085,3942,1130
6499,6352,40,4854,6482
8067,5183,4284,4386,314
7018,3433,7950,3683,2392
3157,3707,8056,5464,4733
6354,6266,5867,383,9904
2024,5769,5724,6208,6582
5286,4434,3155,6180,4178
5710,7166,576,3194,6054
8363,2038,4629,4792,7564
308,8360,1834,4268,4848
3827,1040,4866,9818,4755
9096,2818,5889,3139,914
5367,9974,1903,407,5656
8160,4632,7541,4819,3225
6974,4992,1013,9021,5488
7080,6946,1691,5375,6083
8468,2922,9400,5876,52
3483,2332,8494,1033,7330
2155,5731,5151,106,7043
4204,2048,5860,7923,711
3387,3644,4957,6986,4890
6227,4697,9750,4384,4017
2558,8717,2131,9120,1381
7002,8134,926,3635,7717
152,7048,8473,1413,5063
8180,2845,4123,5800,898
8586,1222,8609,3553,3997
7565,4328,6305,3925,3672
5452,125,8293,6788,5590
4213,6172,5000,9155,2387
7664,5289,4804,8772,4461
6278,5537,4060,8129,1664
4907,5418,459,6979,7726
5808,7823,3456,3453,6090
6792,8690,2027,3362,762
7970,5951,402,9527,2742
5302,7945,4458,266,7131
7464,5077,4317,5235,1872
8219,4926,6691,2760,2247
4765,2260,5241,4255,8049
1100,4550,705,8897,6966
1562,6557,7070,5252,3692
7730,7309,723,5902,4129
6137,2969,9201,5053,327
5506,5989,2707,7156,2541
5748,4620,4491,6801,4684
3361,2750,4659,7875,3563
7129,6372,5429,5422,2823
3903,9145,4085,8773,1059
4792,192,7640,8359,3277
9863,6599,3834,3490,1130
3930,8058,2795,5612,3697
4560,3120,3377,7484,8702
7003,5457,4840,4656,5805
5039,4359,7044,3390,6908
5136,6563,3054,1030,7355
2479,5565,3787,4319,8795
3182,6996,1720,9337,3243
4393,8840,2709,5705,3192
6293,145,6866,5046,6707
3347,4087,3290,7583,6716
3364,4569,7599,660,6493
7687,7235,2522,617,6017
3476,2882,7227,3142,5245
2414,5594,6236,7570,1730
9379,7352,1803,3201,4935
1925,5899,6082,2787,4528
4764,8273,3933,2857,3329
6570,3605,7579,930,7717
5724,9688,946,1548,7124
6371,4633,8292,5148,1725
3922,4832,5403,4207,6738
2155,7532,1684,9571,2776
5285,5174,3934,3644,7209
3893,4667,2341,3794,8405
9348,124,4337,4974,4636
5224,209,1929,8159,7174
2332,9808,4754,3234,2527
6640,6114,1127,8126,3548
1373,5950,1276,9457,7370
3607,3466,9196,3038,7610
4797,5193,1814,7779,4458
826,4792,4134,7417,8041
543,7285,3601,7946,4730
4681,3903,6330,808,8518
6674,1931,7852,3791,8402
6655,4082,8058,5994,1292
7069,5823,1270,6944,4209
5747,6834,9949,335,2774
281,4727,6991,4518,9103
7190,5469,4502,6254,521
6736,2660,5696,147,9086
8602,7657,5064,3366,1814
2060,2716,8273,2702,9235
3003,7669,5418,1547,4776
2748,2388,7455,4567,6400
3420,3143,4427,7990,6967
1510,610,5642,8486,6709
6083,5569,8543,4325,4537
1669,7913,1216,9977,4380
7144,4966,5819,3060,3797
8152,1555,644,8946,2502
2236,5104,4761,8548,7295
7257,2757,6697,2785,5450
5551,6389,5876,7205,2133
2952,6520,5632,5220,2818
8809,6571,801,3826,4791
6352,3065,7835,6039,1451
3590,3466,3557,6527,6439
5411,4481,1535,6896,9402
4913,8265,4814,4925,3455
1414,9712,5158,5845,3601
4010,2855,9755,3480,6502
4235,5396,4428,5877,3770
3537,4620,3446,870,9199
4953,3897,5325,2255,7377
9879,1149,4462,2011,5440
7758,1428,9905,7363,277
7181,2391,8837,6535,2569
9111,2365,6543,1690,5082
4691,7220,8441,3896,1315
3714,4552,9238,3567,8535
3023,3082,2451,8966,8465
5700,1083,7503,5524,7411
1100,4172,8721,3722,8970
4053,3981,8621,1863,6085
2490,5895,5177,7714,4176
8723,3904,6996,6445,2398
9533,4851,5706,4953,5991
4702,5414,688,3930,7000
7349,5147,3101,1458,7698
6115,820,6480,2089,6189
3105,3344,9941,5627,4314
3435,5905,5387,4779,2452
4459,7831,6146,6446,2392
2412,8139,3094,3337,8725
8034,2660,5799,1381,8017
7944,3629,8158,5144,1249
2877,3241,6639,4713,7827
3931,7247,857,8071,5279
3693,8406,3763,1754,8261
4363,7701,3191,6156,3323
6779,2099,1333,6549,5765
4456,5532,7342,5523,4849
5173,7734,2955,9194,487
4225,6373,5863,4685,4523
3042,4265,4866,8249,5644
9160,5660,845,4800,5196
1902,5131,7089,1478,8622
770,8318,3769,6294,8419
1825,6492,5374,7203,1400
1390,1762,8073,8736,4839
3638,7371,7239,5370,3634
84,5427,3924,9239,6304
9092,4207,1964,1584,7473
1549,3210,5083,6842,6803
3300,5633,8791,2334,1350
5866,2780,5762,7054,1910
1913,8490,4767,4251,6943
5251,642,4621,4767,6852
6948,3313,6423,6653,1850
5876,2917,3811,6848,5851
6223,4005,9985,2322,3976
2839,4443,3625,3569,7836
4966,9278,5973,977,3225
5643,2505,3784,5928,7110
5488,1601,945,7194,6862
1972,6133,7402,5758,4220
4687,7311,4186,5199,7736
1741,9117,1668,8047,4517
3994,99,6011,5369,7248
6764,4389,7428,4044,1162
2880,2929,3657,4523,8991
4218,4196,2133,7441,5045
8098,3408,3683,4410,8074
5326,6849,9833,392,1758
3364,4757,9562,2314,7674
6681,4427,3534,7432,4470
7181,4424,1166,6222,2891
4948,7665,722,6311,4855
4074,5718,7643,9274,1068
1744,8913,6352,2149,7501
5848,6172,9207,98,4479
9976,5856,1377,4590,3778
6151,3031,6553,5853,1610
2655,6309,1021,9358,4265
8405,648,9857,2218,4852
8863,455,5601,3786,3182
1842,3618,4511,8027,5059
9019,8705,378,51,6239
5793,7897,5964,4177,795
8468,8811,578,1536,5709
3600,665,3989,7697,7431
7700,3767,2796,5231,5734
5030,4421,9071,4083,4765
8864,1641,3857,5744,7235
1225,5364,3028,3452,8433
2354,2597,7436,4253,8596
1144,7944,4696,1416,7097
6479,5945,2282,3308,7949
6739,6053,2215,7605,6310
5165,4778,4767,9303,3479
3827,5282,3487,6408,2920
1007,7439,3556,8632,3840
2604,6743,1433,5763,7929
7671,2000,6943,6764,596
988,8355,1589,5460,9393
89,1151,9893,6909,4324
7565,260,5548,3625,9157
3413,5792,814,5949,8025
9172,6055,3762,838,4158
6262,7232,472,9448,2316
5722,5821,1391,7927,3361
2918,9004,6605,3770,5083
6758,6042,7275,5655,1872
7853,3775,6752,981,9043
7606,6108,6185,3845,4874
4328,2561,4494,3242,8829
2242,7973,6609,5967,1422
8543,6183,8537,518,4234
9862,8001,3541,3640,638
6087,7598,839,7588,3422
7671,5011,2248,8887,3692
4095,2228,6007,9348,5149
1655,7399,6897,5972,3519
8053,5825,158,3585,8752
4128,3811,3177,6981,7567
6267,3046,7747,5608,1631
3294,5288,1240,6870,7154
9450,5637,3091,3638,3614
4580,8367,1185,3577,5955
9109,5484,5549,4613,39
4426,5039,7618,6685,1714
2695,2020,1809,5050,9946
5559,2669,2799,9226,3390
4525,6857,5682,9108,3124
7254,4306,6035,4378,4739
8819,2451,8637,4981,3252
7197,8364,1136,7320,126
2550,6598,2581,8528,3825
5290,2264,7193,2288,9559
5785,3369,4134,6437,6223
5071,6105,4815,966,8491
8254,922,2693,7949,3980
8816,8815,2265,5081,1402
2381,5063,7368,2730,4243
5598,3425,8471,788,5673
8864,4933,6951,4223,4695
3358,5842,8427,7452,1539
6678,5862,3433,5101,1758
9303,3173,7697,2172,2483
4337,430,7819,8552,5681
474,9115,2507,2066,9964
4828,7212,341,5517,5334
2334,5031,9405,6283,5982
6374,4820,1286,1363,3673
4124,5165,250,5077,9518
1562,6043,7920,6576,1895
7441,7399,3415,3341,8805
2105,9069,6465,465,9110
5495,5637,5061,4596,4145
5472,6238,3918,4499,8334
5572,4491,6723,3446,4640
6678,8930,2966,2155,1003
2966,4318,4979,8044,2762
408,8975,3441,7857,2158
3691,4687,7976,5480,1649
6787,867,2469,6729,4259
6438,4120,7430,3272,1662
3547,5690,6336,6842,4503
7392,8824,5865,1426,731
4531,4747,7929,4113,6864
8113,2708,6161,3634,3605
6151,2662,9415,5840,3751
4337,6762,5102,3759,5549
9424,2604,8317,1633,1086
5625,5050,3368,2734,8874
4587,5182,9419,2144,4970
3791,8713,304,7366,4138
2360,5452,4979,6204,7939
6690,6625,5619,4608,4225
4108,3229,8908,1776,9553
9183,6842,618,8878,3131
7875,1375,5073,8274,1485
4185,4882,7614,7109,334
4770,3025,3573,7765,7294
4709,1896,7872,5869,2817
1797,4883,8655,2506,6129
2001,7044,5255,7114,5402
9995,2428,6422,5217,2051
3715,1459,6424,8926,4614
7399,4660,2931,2672,7177
446,3515,8133,4237,4794
1166,4464,8335,1749,6163
8348,3918,8424,3801,328
4897,5549,8588,1344,2290
1760,6573,9894,5941,1680
1441,9444,6468,1711,4848
4201,7007,6535,2018,8940
1941,5276,6225,8985,374
1869,6878,3537,7358,4469
6335,1999,5482,1413,8215
3582,2134,8988,6569,1932
697,8243,5381,2622,8015
3382,5021,8120,2867,4193
8058,2941,5593,7720,2986
3211,2803,9530,7447,2920
7204,5575,6584,2046,1403
8931,1416,6479,3735,7649
4248,5393,5243,1864,9145
6844,5472,5384,2519,5234
5218,3594,9649,1928,7745
2852,9017,3361,6039,7368
6067,3356,7262,1910,4078
897,4948,8617,8400,2312
8301,7005,918,3439,6696
7480,4331,9586,3314,3068
8611,5730,4235,4379,3051
2207,8436,2519,1181,8223
2441,7724,4350,7580,3539
4373,2952,9647,390,6852
7374,5041,2774,4640,4041
508,7637,8328,4513,2848
1578,9166,798,4115,9744
7833,3320,2161,3113,7785
5712,1316,7640,5437,4747
7734,5114,493,6954,3493
5981,4494,860,758,9411
2856,5225,7211,5905,5066
3845,8343,2850,6529,9055
1334,8507,6211,3106,8745
8153,5462,5804,870,4233
4025,3183,6108,3234,7756
3182,1772,6565,8430,7653
4818,4317,4230,8348,1907
5567,334,4977,6941,5846
3563,7695,4242,7819,5245
9794,4528,3424,2289,3797
977,5175,8416,3506,3033
3513,9144,2539,5693,8610
9630,2836,2207,2983,6872
1716,2218,2702,9956,5183
3152,3394,2565,6676,7420
4635,9278,2916,5327,1761
6840,7335,3936,3843,3182
4016,4845,4155,7651,3253
5449,5104,4188,7917,3270
7581,8455,1535,703,4669
5540,544,4100,3461,7858
2897,5591,4833,8887,1969
1405,6440,5908,3335,5399
4823,7129,905,8303,4986
4028,9637,7045,2909,202
4594,9438,2879,7176,1164
5045,3777,5058,9286,6387
388,8742,2711,1021,9059
9546,5199,6348,3098,806
8702,166,5045,8256,850
4950,3843,4330,8731,3882
861,5182,5269,3878,8968
7617,3626,5411,3217,8640
656,7270,4150,5330,8931
2934,5816,1243,8059,8681
5080,8630,137,9547,3241
5863,7403,1381,9193,3168
3283,5273,6057,4335,6492
6740,4484,5510,5088,4032
8510,4541,367,3793,9818
6513,6722,4675,1730,7632
5769,1444,3267,3710,7350
9100,3545,1733,2483,4449
8224,4026,1076,7879,2159
4875,1605,5118,9273,7149
4518,4700,6070,3915,8246
4945,4951,9472,131,7009
6033,3036,8534,3759,3872
4566,7191,6650,2053,2719
3841,3887,3382,9018,4291
581,9764,6358,4748,3787
6425,1005,2803,6321,7128
8045,8623,5982,956,3222
5442,645,9833,411,6831
5768,6887,3387,8096,1126
5833,8202,930,8581,3754
2489,4072,7660,3398,6374
7608,1461,2785,6723,4947
6057,5059,9365,4945,1910
4338,6342,6719,4309,4106
5243,9681,3160,795,8026
552,2043,8407,726,9979
8955,985,8522,6064,1484
7539,5860,2727,8214,2132
5659,3663,5033,2092,2860
9275,2218,2241,1884,6509
9997,5253,6456,3683,4176
7186,5068,6764,3659,3309
8092,3073,6391,5537,5675
8101,2806,7541,4968,2582
3389,1896,4284,8702,8733
4238,3460,4203,9090,1860
4735,5607,3297,8456,2118
4971,1305,7848,8706,2682
4692,8259,1301,7459,5495
3357,5283,4919,2593,7824
2813,3550,6124,5227,5447
3046,2494,7534,8492,5996
8864,3933,4087,6853,2717
142,9297,2922,9381,641
1119,2943,5128,1181,9998
3879,8054,4544,4316,4229
773,8045,7137,6080,3376
5149,5809,1378,3883,6829
454,5451,4486,9974,3428
4035,8671,4715,1261,8750
6372,3121,4728,5979,3981
6258,8165,7797,2303,4262
7858,975,8828,5288,2739
3260,1335,7360,5315,4159
2612,9004,2137,3817,7172
3,6388,9699,2080,9647
6178,2465,6442,5100,7014
6023,6263,7651,4658,2554
7655,6126,1302,3161,6729
3703,5688,5601,6232,6463
8561,1819,7250,2350,3954
7414,880,5610,9521,2437
6023,5029,1140,5449,7083
5018,3026,3695,6527,1576
768,8176,1976,6685,9720
1835,3895,8194,1729,9328
7197,1074,2569,9570,6198
1650,6921,7919,716,5423
1040,6435,8436,312,7690
2502,6508,7884,643,7974
854,2862,4281,8647,9751
4367,3952,2469,6445,8614
1059,4930,8874,2107,8981
8062,4394,8174,3233,215
8173,1948,4906,6561,4743
3082,4081,6788,2428,5711
4148,5311,6258,1842,8993
3041,3848,7862,3326,7778
9181,6014,2810,3997,2404
1175,6545,4302,7290,6017
5829,2564,1280,9312,3944
9301,1950,5557,5506,6293
245,3296,3795,9107,9364
5602,9483,3800,1452,7347
7102,638,9666,3524,2210
86,9255,2715,5345,8818
9262,1301,7311,1365,5062
2320,8309,799,6224,6139
4056,8608,8455,3287,2477
6222,4022,2518,6613,4174
186,7772,384,4377,8786
2466,5100,7347,4507,3763
1865,4297,6553,8034,3298
5541,5927,7763,5730,1833
6587,2133,9570,1138,3278
5183,3912,4579,809,7048
6237,5550,2901,6742,4068
3409,3330,9370,1515,7520
3735,5938,5034,5907,5202
9156,1205,5203,1905,8327
2975,6017,2695,4916,9635
9104,2780,5975,4481,4521
3912,6896,6669,3153,4851
5985,5648,7342,3465,5297
3477,4194,6652,5243,5949
5230,6948,7138,5403,2641
31,6001,5975,8389,3389
4033,5618,9262,1110,2200
6819,3425,1644,3982,8797
4191,4208,9111,1378,6677
4700,2094,3799,7537,6022
7264,7018,185,4422,7349
164,8862,3626,5554,8524
7037,5050,4605,7566,4058
3065,6653,3146,6342,6450
8113,7135,632,3202,4048
2500,4143,7019,5730,5501
573,5446,6496,5040,4532
1198,7196,5848,963,7566
5502,4821,8230,7293,1380
7704,2784,3666,4764,4922
4028,8150,2281,2694,7327
4524,1634,5262,2851,7981
8092,2414,6074,7554,645
4147,5389,8627,2447,5871
2157,6672,7683,6674,3230
1583,3286,6841,2972,9422
678,5537,8982,2754,9156
9177,255,6656,5799,643
6883,7674,260,5772,8016
