2000 3
0.452528 0.869154 0.037148 
0.146011 0.927967 0.312408 
0.488023 0.588187 0.335118 
0.444966 0.401059 0.806281 
0.572087 0.362684 0.489479 
0.172517 0.732678 0.749519 
0.512184 0.248301 0.864581 
0.446471 0.560776 0.811292 
0.472017 0.213658 0.917240 
0.467711 0.687578 0.248864 
0.484995 0.625551 0.289698 
0.451689 0.331386 0.543405 
0.451108 0.840205 0.252218 
0.079192 0.780997 0.779219 
0.222268 0.683265 0.746928 
0.314430 0.689371 0.314652 
0.509330 0.152888 0.748527 
0.517399 0.408489 0.612120 
0.722954 0.299038 0.334076 
0.929519 0.139945 0.480393 
0.651624 0.455241 0.446120 
0.507638 0.446038 0.409934 
0.435544 0.855552 0.181650 
0.236744 0.658471 0.393229 
0.316170 0.960802 0.209281 
0.195452 0.685103 0.665783 
0.853508 0.561931 0.268394 
0.642841 0.553277 0.215114 
0.879665 0.586691 0.220556 
0.492721 0.449508 0.664333 
0.951860 0.422601 0.240365 
0.846777 0.411553 0.149975 
0.581324 0.182060 0.527238 
0.452888 0.394664 0.683016 
0.025043 0.587156 0.771528 
0.693470 0.417058 0.369043 
0.298499 0.843978 0.353014 
0.377596 0.390602 0.786478 
0.060020 0.776906 0.710938 
0.887018 0.198965 0.412524 
0.180310 0.497849 0.790889 
0.546881 0.392960 0.547615 
0.099954 0.591439 0.689369 
0.104705 0.523429 0.762720 
0.478880 0.364142 0.526389 
0.568410 0.473016 0.509332 
0.586283 0.528363 0.566403 
0.924024 0.214289 0.527536 
0.034935 0.652383 0.847453 
0.948855 0.416673 0.217811 
0.414069 0.762402 0.267410 
0.525665 0.639445 0.460772 
0.543205 0.283606 0.818360 
0.596918 0.918986 0.101314 
0.742803 0.476153 0.227268 
0.093908 0.896619 0.627751 
0.349387 0.739882 0.509122 
0.658230 0.917540 0.015456 
0.687883 0.573333 0.312574 
0.716583 0.207542 0.565393 
0.483466 0.691699 0.355000 
0.333596 0.208992 0.941541 
0.821548 0.027513 0.507414 
0.489687 0.205504 0.607836 
0.770086 0.512144 0.403321 
0.858743 0.606740 0.061821 
0.088389 0.290226 0.969312 
0.562449 0.652081 0.314940 
0.098814 0.912311 0.517848 
0.609191 0.736497 0.093990 
0.399186 0.370558 0.656258 
0.790752 0.500170 0.422038 
0.688900 0.836550 0.219524 
0.536364 0.895801 0.109807 
0.299403 0.456323 0.707696 
0.606429 0.440655 0.632547 
0.434577 0.481728 0.543956 
0.831221 0.522529 0.274762 
0.587606 0.666466 0.150991 
0.195799 0.939000 0.568680 
0.528342 0.619188 0.431089 
0.952330 0.420647 0.102830 
0.136129 0.569142 0.793569 
0.897317 0.066187 0.487085 
0.257174 0.784896 0.580559 
0.447900 0.545973 0.362188 
0.817413 0.388330 0.292205 
0.468906 0.590084 0.544371 
0.465411 0.656493 0.090236 
0.660446 0.281118 0.598547 
0.684665 0.266622 0.576533 
0.424117 0.590429 0.465557 
0.422867 0.348056 0.775279 
0.513925 0.539978 0.502487 
0.379049 0.351449 0.609172 
0.508875 0.853876 0.241254 
0.991225 0.551218 0.100994 
0.109950 0.825846 0.532623 
0.829824 0.321777 0.245953 
0.496456 0.378546 0.283751 
0.528895 0.251828 0.895180 
0.672723 0.608088 0.180317 
0.345917 0.784604 0.335859 
0.454988 0.209145 0.706349 
0.270720 0.292921 0.861688 
0.328334 0.351902 0.749451 
0.145792 0.758826 0.602655 
0.357941 0.620506 0.639047 
0.314652 0.818710 0.357429 
0.705012 0.121319 0.643941 
0.130580 0.716513 0.640137 
0.378968 0.511645 0.495006 
0.602786 0.423917 0.474949 
0.853150 0.470135 0.367112 
0.425788 0.812434 0.186703 
0.805963 0.121529 0.562680 
0.549895 0.177846 0.829839 
0.496745 0.221209 0.827109 
0.561285 0.005300 0.948912 
0.594293 0.713724 0.065530 
0.454244 0.223428 0.974587 
0.250516 0.747483 0.521029 
0.977139 0.371982 0.257135 
0.771246 0.772249 0.013688 
0.638068 0.733797 0.032289 
0.738653 0.478537 0.397776 
0.570889 0.340447 0.658728 
0.607016 0.391623 0.247295 
0.653379 0.551721 0.309391 
0.378290 0.436503 0.696826 
0.745044 0.208190 0.479202 
0.431509 0.435896 0.781012 
0.430888 0.427378 0.777170 
0.059869 0.386817 0.951605 
0.350806 0.357420 0.866935 
0.115679 0.793586 0.401041 
0.389751 0.598027 0.627577 
0.372299 0.646456 0.656846 
0.875892 0.269241 0.614889 
0.679790 0.251379 0.634874 
0.506290 0.361581 0.718814 
0.925228 0.488105 0.053230 
0.669948 0.198947 0.440606 
0.324687 0.634979 0.615116 
0.565055 0.601031 0.358802 
0.191098 0.561983 0.742405 
0.302702 0.257933 0.789532 
0.859678 0.377456 0.170417 
0.798132 0.705640 0.047890 
0.505103 0.030715 0.969062 
0.219780 0.201144 0.982859 
0.461477 0.141269 0.857599 
0.827846 0.702460 0.022455 
0.966120 0.627437 0.002223 
0.775027 0.180593 0.370355 
0.750789 0.504768 0.311705 
0.351612 0.166023 0.936128 
0.809376 0.368631 0.314638 
0.402299 0.643442 0.419312 
0.196519 0.619566 0.565585 
0.467653 0.161201 0.650799 
0.500385 0.559969 0.402006 
0.356342 0.425783 0.848889 
0.274103 0.947380 0.482215 
0.677291 0.283512 0.475667 
0.758822 0.489445 0.170453 
0.257197 0.970938 0.362428 
0.833825 0.412193 0.047475 
0.687775 0.788563 0.052157 
0.620198 0.508220 0.359469 
0.274063 0.575810 0.584149 
0.558711 0.436412 0.647838 
0.280837 0.720951 0.638830 
0.548176 0.661371 0.483710 
0.774026 0.111467 0.622448 
0.634066 0.815019 0.135171 
0.441225 0.611867 0.156331 
0.779089 0.319952 0.693571 
0.399010 0.765281 0.310766 
0.543877 0.154065 0.810435 
0.110888 0.601871 0.561808 
0.794504 0.043342 0.671487 
0.124019 0.485719 0.929871 
0.090791 0.818029 0.480652 
0.578263 0.766714 0.095823 
0.392516 0.794306 0.378748 
0.716806 0.156450 0.489431 
0.311365 0.757403 0.559170 
0.856296 0.127100 0.282533 
0.288056 0.782847 0.323743 
0.419539 0.315436 0.623253 
0.780833 0.454422 0.211520 
0.612285 0.105196 0.802741 
0.758693 0.211411 0.310566 
0.328418 0.354268 0.969748 
0.527555 0.492461 0.418621 
0.414756 0.433879 0.512929 
0.523068 0.689775 0.137045 
0.822432 0.586388 0.137591 
0.643869 0.544253 0.226630 
0.417530 0.431748 0.707068 
0.408529 0.146778 0.951105 
0.388919 0.581903 0.635612 
0.727929 0.749054 0.098819 
0.280499 0.855081 0.435331 
0.735642 0.211661 0.513159 
0.222149 0.772320 0.444881 
0.292050 0.991752 0.236218 
0.383907 0.248260 0.725240 
0.082546 0.367630 0.845909 
0.545547 0.061934 0.756843 
0.789881 0.158463 0.554361 
0.368666 0.576410 0.584995 
0.495580 0.573535 0.223134 
0.396601 0.488281 0.598097 
0.806030 0.166553 0.453734 
0.564117 0.853817 0.236225 
0.420028 0.781007 0.240761 
0.630503 0.178625 0.711710 
0.190388 0.694481 0.665209 
0.195786 0.899326 0.419868 
0.979269 0.201277 0.529207 
0.355405 0.343288 0.712117 
0.195482 0.870309 0.312371 
0.328148 0.868271 0.524612 
0.751631 0.666419 0.194560 
0.324133 0.706038 0.648543 
0.278541 0.585610 0.649138 
0.736463 0.036793 0.817149 
0.047713 0.688548 0.751014 
0.823125 0.446715 0.302136 
0.010300 0.386577 0.943660 
0.354432 0.895809 0.153710 
0.752932 0.306685 0.453812 
0.449027 0.962772 0.055602 
0.148604 0.842354 0.685783 
0.942864 0.312405 0.182240 
0.670294 0.105935 0.657106 
0.268157 0.489718 0.677229 
0.316023 0.458170 0.709422 
0.067770 0.864248 0.625778 
0.383177 0.809397 0.267858 
0.279727 0.032576 0.976214 
0.106846 0.588689 0.893431 
0.764077 0.661056 0.094891 
0.417582 0.800091 0.249210 
0.688530 0.673462 0.024136 
0.895505 0.607255 0.068595 
0.838644 0.346781 0.318680 
0.320331 0.261204 0.840155 
0.449040 0.619097 0.524597 
0.613471 0.751872 0.160876 
0.493638 0.412937 0.619166 
0.343156 0.462462 0.657781 
0.381232 0.400204 0.710188 
0.693407 0.119672 0.637179 
0.100400 0.881085 0.458953 
0.871047 0.578339 0.034119 
0.317070 0.967235 0.255719 
0.543159 0.668056 0.256568 
0.482961 0.701678 0.413499 
0.891093 0.459685 0.359298 
0.810098 0.448886 0.268710 
0.642066 0.111436 0.696018 
0.958595 0.579398 0.031524 
0.520650 0.450182 0.586642 
0.650715 0.055585 0.809793 
0.460129 0.563301 0.473293 
0.101057 0.670495 0.530601 
0.397537 0.629657 0.308702 
0.735513 0.187220 0.676012 
0.332757 0.812511 0.438655 
0.314927 0.689153 0.219201 
0.304166 0.439051 0.700309 
0.432115 0.548787 0.443317 
0.368047 0.152225 0.917729 
0.797201 0.112680 0.796180 
0.695960 0.428610 0.482304 
0.195302 0.309962 0.837193 
0.964085 0.486237 0.075732 
0.603193 0.310128 0.484902 
0.227572 0.488628 0.992590 
0.423405 0.422107 0.440143 
0.729302 0.483641 0.450429 
0.484639 0.442806 0.536074 
0.619309 0.250837 0.460944 
0.864734 0.255601 0.513436 
0.638634 0.424505 0.372157 
0.486760 0.255026 0.600682 
0.082623 0.763879 0.883857 
0.225723 0.582256 0.536564 
0.283459 0.347564 0.873773 
0.084720 0.589696 0.693141 
0.494463 0.563484 0.573382 
0.034856 0.664919 0.811228 
0.373736 0.343691 0.699300 
0.046621 0.739916 0.729513 
0.807101 0.059712 0.625695 
0.574162 0.738754 0.096830 
0.101871 0.392324 0.890727 
0.210852 0.593503 0.518683 
0.491382 0.686730 0.464980 
0.917175 0.194799 0.444471 
0.555585 0.497177 0.409390 
0.575973 0.343630 0.468345 
0.951869 0.234223 0.198337 
0.799935 0.057899 0.618102 
0.544054 0.482898 0.224962 
0.415981 0.588602 0.324584 
0.845371 0.096210 0.762498 
0.374526 0.184943 0.708830 
0.051148 0.839879 0.519046 
0.150015 0.470674 0.667626 
0.229895 0.348987 0.960362 
0.299680 0.890478 0.255139 
0.843396 0.626325 0.314264 
0.749306 0.718988 0.121154 
0.475128 0.541798 0.632607 
0.890745 0.782122 0.005557 
0.830243 0.107872 0.564494 
0.153009 0.482057 0.655764 
0.594763 0.436870 0.558649 
0.351555 0.599943 0.646339 
0.060716 0.334567 0.914159 
0.405633 0.472608 0.640288 
0.886773 0.141835 0.734424 
0.777873 0.799934 0.037609 
0.875734 0.025015 0.481657 
0.324135 0.831104 0.277019 
0.661121 0.442700 0.282302 
0.386641 0.863737 0.189029 
0.469200 0.478701 0.677469 
0.218628 0.491417 0.520627 
0.817503 0.644263 0.147739 
0.086634 0.585020 0.818046 
0.191633 0.379385 0.995507 
0.247650 0.821472 0.284020 
0.579383 0.285306 0.616723 
0.331399 0.745456 0.363734 
0.016288 0.759249 0.668514 
0.586575 0.677888 0.170960 
0.307603 0.391420 0.663823 
0.494846 0.090545 0.902519 
0.093448 0.569479 0.684938 
0.900078 0.503572 0.060491 
0.418251 0.288629 0.662063 
0.417916 0.449724 0.540387 
0.108397 0.794406 0.700950 
0.727036 0.310403 0.305763 
0.382534 0.540419 0.486044 
0.550456 0.263250 0.796031 
0.530305 0.484474 0.272829 
0.730715 0.445701 0.328359 
0.820238 0.178277 0.611763 
0.405609 0.615368 0.624304 
0.547955 0.254423 0.822363 
0.837664 0.213832 0.408618 
0.540277 0.565179 0.620390 
0.398570 0.844670 0.191296 
0.458175 0.237985 0.825740 
0.508211 0.402171 0.676376 
0.870405 0.085909 0.609766 
0.464481 0.465901 0.750167 
0.624175 0.127541 0.645757 
0.555180 0.130924 0.783418 
0.865867 0.196841 0.709673 
0.549947 0.410118 0.657465 
0.530320 0.235667 0.707755 
0.338264 0.486911 0.884788 
0.475606 0.697411 0.124380 
0.518070 0.532753 0.418840 
0.409660 0.595158 0.500032 
0.663626 0.573297 0.360464 
0.820174 0.505962 0.147401 
0.292302 0.808593 0.543929 
0.195765 0.457095 0.872817 
0.837492 0.471309 0.072618 
0.313768 0.581589 0.482645 
0.639009 0.963282 0.049281 
0.627593 0.721465 0.172570 
0.365361 0.223299 0.969903 
0.387382 0.755538 0.153268 
0.926996 0.569738 0.041160 
0.035807 0.978769 0.539841 
0.906673 0.723278 0.096700 
0.596540 0.280857 0.557441 
0.233391 0.934214 0.562266 
0.591613 0.795615 0.234083 
0.280148 0.712154 0.462659 
0.498314 0.582053 0.481370 
0.878538 0.241086 0.487538 
0.672438 0.493066 0.343876 
0.225389 0.803032 0.746223 
0.735546 0.650148 0.065877 
0.402208 0.742920 0.275842 
0.649309 0.543306 0.121198 
0.780192 0.418442 0.139236 
0.458048 0.352240 0.788666 
0.917672 0.183644 0.291874 
0.849119 0.638692 0.132981 
0.732655 0.140537 0.608078 
0.157138 0.880479 0.480540 
0.296833 0.688132 0.418308 
0.955804 0.074295 0.569832 
0.742884 0.340765 0.336338 
0.796966 0.346298 0.462273 
0.642688 0.282734 0.245529 
0.544671 0.479085 0.303363 
0.589019 0.568799 0.295107 
0.101520 0.736799 0.550443 
0.842846 0.665645 0.073330 
0.856545 0.292214 0.537183 
0.947148 0.393214 0.233768 
0.378859 0.955985 0.093901 
0.467411 0.516702 0.370882 
0.704415 0.551449 0.507586 
0.088618 0.760323 0.626258 
0.820878 0.123763 0.688773 
0.743438 0.679184 0.103528 
0.398289 0.135815 0.851735 
0.828870 0.227147 0.197480 
0.584597 0.163588 0.792826 
0.927299 0.357652 0.067886 
0.491224 0.597185 0.201765 
0.319903 0.723961 0.370828 
0.448580 0.331436 0.837926 
0.315122 0.973310 0.260861 
0.042353 0.936801 0.789852 
0.120173 0.919283 0.569444 
0.693332 0.525461 0.447066 
0.138690 0.727781 0.627564 
0.054237 0.744367 0.607122 
0.525464 0.636625 0.561826 
0.535691 0.276269 0.340770 
0.704557 0.616643 0.194652 
0.312434 0.082942 0.948972 
0.444994 0.796923 0.145495 
0.595268 0.754067 0.197554 
0.728807 0.557707 0.101384 
0.340853 0.445229 0.735868 
0.795826 0.107707 0.675868 
0.330492 0.456121 0.734321 
0.489491 0.924080 0.263387 
0.408775 0.579566 0.429864 
0.499315 0.702214 0.233052 
0.390438 0.372172 0.766832 
0.311115 0.609875 0.496916 
0.492982 0.345430 0.741945 
0.491482 0.890465 0.142947 
0.515899 0.445784 0.870465 
0.268009 0.589709 0.774924 
0.061429 0.832381 0.643434 
0.161649 0.467069 0.545292 
0.261047 0.965442 0.401256 
0.771336 0.535609 0.268624 
0.658395 0.491885 0.347003 
0.724490 0.006430 0.492037 
0.565280 0.570931 0.129016 
0.404725 0.663632 0.298069 
0.487004 0.129065 0.909753 
0.234456 0.656736 0.537037 
0.064428 0.705872 0.890381 
0.315468 0.576402 0.547472 
0.376424 0.975500 0.284606 
0.513351 0.358904 0.684177 
0.759808 0.625082 0.095926 
0.319946 0.401972 0.603384 
0.245470 0.995464 0.411572 
0.702971 0.749102 0.183745 
0.497778 0.402984 0.577923 
0.499383 0.908235 0.308595 
0.370632 0.556889 0.605728 
0.363061 0.694219 0.305564 
0.599176 0.357326 0.470412 
0.743112 0.376191 0.599361 
0.248963 0.864760 0.591691 
0.039227 0.771878 0.813410 
0.243800 0.771620 0.357836 
0.391142 0.981099 0.194931 
0.325295 0.859196 0.205854 
0.938535 0.119766 0.054811 
0.470864 0.306531 0.766903 
0.875066 0.067486 0.644320 
0.370449 0.954029 0.255134 
0.158091 0.476887 0.692304 
0.492535 0.315035 0.591519 
0.644704 0.612868 0.175159 
0.614905 0.680192 0.289941 
0.563358 0.851818 0.339668 
0.597681 0.402976 0.540097 
0.396494 0.053510 0.920715 
0.160229 0.682689 0.385439 
0.635987 0.288007 0.574439 
0.808532 0.312998 0.161163 
0.556946 0.119154 0.824654 
0.085221 0.914085 0.351483 
0.768880 0.270052 0.318254 
0.253326 0.632407 0.628059 
0.109487 0.650188 0.723930 
0.155527 0.620782 0.631846 
0.242987 0.641444 0.416406 
0.078855 0.553416 0.934449 
0.682353 0.678474 0.497641 
0.507000 0.591105 0.428647 
0.197354 0.660593 0.587894 
0.027341 0.469237 0.940680 
0.393743 0.340185 0.728146 
0.175341 0.544676 0.674404 
0.625485 0.388620 0.480143 
0.102898 0.468919 0.873106 
0.730903 0.308318 0.668496 
0.294400 0.235841 0.954312 
0.531182 0.062109 0.897428 
0.678989 0.518488 0.478693 
0.347210 0.524126 0.251212 
0.671408 0.796689 0.058639 
0.961370 0.511873 0.243805 
0.546755 0.456142 0.375275 
0.499936 0.726471 0.204451 
0.566765 0.384781 0.577769 
0.461818 0.439037 0.547361 
0.455045 0.037922 0.996554 
0.594227 0.962516 0.028477 
0.655005 0.675545 0.230432 
0.956609 0.293681 0.456861 
0.793708 0.303209 0.397640 
0.903077 0.442410 0.249354 
0.833546 0.454819 0.247087 
0.189607 0.508106 0.756312 
0.445809 0.740668 0.378119 
0.572302 0.594151 0.371837 
0.510097 0.856500 0.192750 
0.728911 0.233450 0.650153 
0.686017 0.203021 0.716676 
0.628261 0.061545 0.667669 
0.745920 0.226109 0.334473 
0.748145 0.210077 0.587390 
0.124073 0.698413 0.719364 
0.553039 0.580458 0.342318 
0.948808 0.009459 0.761602 
0.201377 0.566358 0.971854 
0.996901 0.529708 0.193199 
0.465756 0.451678 0.457970 
0.840174 0.045727 0.548621 
0.595319 0.629253 0.392732 
0.383034 0.642746 0.569407 
0.320435 0.199728 0.744936 
0.828357 0.441286 0.280316 
0.455259 0.433771 0.823522 
0.632723 0.170112 0.667293 
0.563059 0.833411 0.240791 
0.484224 0.768899 0.142386 
0.131981 0.757107 0.425084 
0.361262 0.638729 0.487473 
0.452886 0.602910 0.642540 
0.495931 0.450245 0.558629 
0.098077 0.729600 0.820043 
0.743645 0.414996 0.375011 
0.713124 0.431680 0.499906 
0.902522 0.367438 0.089417 
0.340112 0.241802 0.783781 
0.670659 0.570136 0.099747 
0.221835 0.908627 0.376061 
0.491673 0.924985 0.117691 
0.755330 0.321304 0.507323 
0.290743 0.469528 0.859763 
0.153000 0.316345 0.842640 
0.444540 0.962934 0.050494 
0.977711 0.388838 0.119391 
0.748056 0.228617 0.397781 
0.246958 0.965670 0.354943 
0.667236 0.274520 0.561976 
0.774709 0.622480 0.199257 
0.849718 0.096898 0.392834 
0.681667 0.054928 0.647099 
0.637444 0.247034 0.736911 
0.668457 0.563306 0.333450 
0.102818 0.755208 0.625080 
0.505143 0.446135 0.667734 
0.169265 0.963002 0.282589 
0.864247 0.168982 0.667602 
0.722681 0.425896 0.327262 
0.676485 0.447189 0.388619 
0.159836 0.916108 0.443088 
0.683158 0.213126 0.555495 
0.472029 0.508239 0.600589 
0.921545 0.012136 0.738547 
0.384274 0.471294 0.813732 
0.821332 0.372763 0.396730 
0.811417 0.203332 0.556699 
0.348072 0.275298 0.915420 
0.828357 0.735360 0.242390 
0.729478 0.503280 0.240010 
0.899369 0.270065 0.263762 
0.534048 0.752864 0.338212 
0.617738 0.733199 0.230039 
0.975737 0.454459 0.141906 
0.256284 0.793204 0.611194 
0.285858 0.846721 0.480045 
0.286549 0.817014 0.352259 
0.602614 0.015379 0.911334 
0.533069 0.476655 0.266911 
0.511056 0.250475 0.827959 
0.284538 0.281112 0.975208 
0.398073 0.535504 0.612523 
0.501100 0.379594 0.533719 
0.045894 0.805724 0.540953 
0.932674 0.385952 0.154800 
0.535051 0.388912 0.556555 
0.692461 0.374215 0.170151 
0.664244 0.150848 0.807317 
0.784983 0.557257 0.248579 
0.078758 0.648244 0.957263 
0.378972 0.414402 0.616313 
0.094495 0.817965 0.593736 
0.345712 0.939412 0.106337 
0.386806 0.338991 0.728450 
0.789534 0.083316 0.506630 
0.095500 0.730203 0.886516 
0.844151 0.569725 0.165963 
0.615447 0.047043 0.823816 
0.236291 0.531320 0.597417 
0.152192 0.909531 0.543210 
0.827596 0.619852 0.022284 
0.685188 0.746585 0.102736 
0.832533 0.565004 0.223563 
0.543456 0.804440 0.085807 
0.259260 0.768692 0.272201 
0.134969 0.460438 0.830416 
0.365378 0.632257 0.558611 
0.934402 0.091968 0.509205 
0.818857 0.377979 0.360112 
0.862137 0.236659 0.305474 
0.566160 0.455677 0.467192 
0.472322 0.657600 0.293961 
0.987363 0.219985 0.232909 
0.592589 0.547496 0.505363 
0.243456 0.768048 0.480159 
0.362386 0.919382 0.194722 
0.893841 0.160515 0.479948 
0.339438 0.469846 0.884231 
0.158957 0.840567 0.527392 
0.244522 0.807054 0.504772 
0.785767 0.245769 0.572844 
0.429250 0.674297 0.211631 
0.366098 0.697750 0.345513 
0.246514 0.673996 0.570209 
0.253797 0.954645 0.416187 
0.659152 0.626418 0.071763 
0.726017 0.330314 0.569478 
0.287519 0.860942 0.617239 
0.127588 0.597864 0.839149 
0.477344 0.231811 0.817030 
0.605237 0.848864 0.116626 
0.520028 0.556631 0.461432 
0.172643 0.861625 0.396703 
0.470615 0.848066 0.241927 
0.569550 0.113942 0.890228 
0.864724 0.624146 0.130782 
0.827849 0.396058 0.360310 
0.917885 0.547753 0.353821 
0.469507 0.353262 0.671672 
0.629677 0.104209 0.851420 
0.029300 0.699484 0.765541 
0.792721 0.202892 0.530161 
0.666315 0.416422 0.265431 
0.455684 0.477141 0.520796 
0.368885 0.324077 0.853227 
0.567622 0.647902 0.487231 
0.606343 0.673222 0.181186 
0.022671 0.862812 0.710502 
0.185874 0.842250 0.486336 
0.702894 0.422139 0.427157 
0.751423 0.389718 0.454949 
0.757387 0.361400 0.327518 
0.480101 0.157013 0.833895 
0.887102 0.142343 0.487730 
0.833040 0.258909 0.451806 
0.851515 0.281560 0.451854 
0.686224 0.855137 0.064883 
0.498193 0.701731 0.389118 
0.687234 0.627723 0.098852 
0.245366 0.554714 0.633665 
0.442519 0.060721 0.893532 
0.127747 0.859984 0.371943 
0.081919 0.356649 0.742466 
0.021945 0.618911 0.934860 
0.479719 0.205126 0.598861 
0.457473 0.143426 0.923105 
0.782008 0.318790 0.518746 
0.813033 0.573466 0.340975 
0.861014 0.359718 0.451394 
0.254635 0.865073 0.284973 
0.522697 0.270637 0.993740 
0.732080 0.173839 0.820368 
0.679612 0.471528 0.278864 
0.419945 0.636248 0.456724 
0.138255 0.575750 0.602663 
0.448940 0.693571 0.336986 
0.584447 0.373257 0.436409 
0.696441 0.613143 0.139997 
0.517182 0.033511 0.917603 
0.267472 0.960046 0.223794 
0.135996 0.947024 0.546030 
0.263425 0.369658 0.910402 
0.401272 0.256987 0.789099 
0.438440 0.033503 0.940049 
0.852028 0.252217 0.652478 
0.361237 0.090343 0.973736 
0.365411 0.113166 0.864936 
0.690279 0.397544 0.269244 
0.580685 0.844130 0.134547 
0.020230 0.228522 0.915972 
0.500367 0.117144 0.798160 
0.421945 0.545969 0.368552 
0.558639 0.555198 0.183221 
0.411722 0.189161 0.940538 
0.079657 0.346184 0.853749 
0.777590 0.237964 0.499821 
0.938502 0.124580 0.287810 
0.291123 0.644483 0.404017 
0.493675 0.475408 0.383425 
0.869884 0.435667 0.298986 
0.324727 0.325734 0.988392 
0.796406 0.521074 0.225338 
0.165922 0.703832 0.584253 
0.405804 0.323303 0.802414 
0.568983 0.594548 0.310949 
0.324763 0.665669 0.475936 
0.477122 0.802954 0.205970 
0.899340 0.143216 0.618363 
0.311185 0.256189 0.834446 
0.484673 0.279657 0.949754 
0.208800 0.156059 0.817401 
0.303390 0.821240 0.576507 
0.728387 0.237040 0.462740 
0.231132 0.592501 0.681491 
0.666490 0.370082 0.216242 
0.712817 0.003003 0.837609 
0.372188 0.917767 0.062569 
0.081938 0.903767 0.766536 
0.255251 0.279721 0.933885 
0.607914 0.981766 0.146687 
0.015560 0.353315 0.802405 
0.391756 0.491744 0.558000 
0.443050 0.964785 0.157857 
0.396291 0.542207 0.398773 
0.472850 0.357222 0.853775 
0.507150 0.436651 0.510609 
0.730197 0.847554 0.094852 
0.910722 0.379985 0.428879 
0.869739 0.289689 0.397284 
0.284127 0.303638 0.801198 
0.022308 0.859560 0.578419 
0.436827 0.782502 0.309592 
0.251238 0.783294 0.396411 
0.560873 0.855689 0.102384 
0.575461 0.658781 0.398365 
0.682259 0.230320 0.663103 
0.278884 0.098098 0.968538 
0.367166 0.503103 0.499429 
0.057648 0.873794 0.789880 
0.653376 0.469266 0.384927 
0.741668 0.524571 0.367638 
0.343855 0.572206 0.768537 
0.296789 0.751535 0.555009 
0.394978 0.328691 0.738899 
0.462006 0.150053 0.860529 
0.515550 0.418811 0.319086 
0.481215 0.089990 0.840635 
0.528352 0.991313 0.002950 
0.324289 0.318241 0.971086 
0.519424 0.763756 0.303868 
0.813688 0.387701 0.389140 
0.854467 0.484663 0.001790 
0.618504 0.388583 0.575835 
0.205007 0.302187 0.868108 
0.733565 0.345425 0.303383 
0.539201 0.121978 0.794631 
0.045405 0.866004 0.423706 
0.362003 0.602292 0.553180 
0.330919 0.322432 0.775279 
0.673308 0.029373 0.791319 
0.727036 0.055673 0.504740 
0.571416 0.228644 0.790153 
0.595403 0.335926 0.453437 
0.907307 0.316729 0.284969 
0.788745 0.311002 0.361497 
0.034037 0.893046 0.667943 
0.933490 0.238437 0.329354 
0.452103 0.732338 0.385689 
0.445611 0.808385 0.199204 
0.691009 0.660321 0.453699 
0.447187 0.893311 0.173609 
0.505509 0.234708 0.790712 
0.467045 0.379844 0.514152 
0.669764 0.765909 0.082517 
0.624032 0.545010 0.186607 
0.766941 0.208437 0.664783 
0.303341 0.399094 0.649304 
0.470823 0.587831 0.433935 
0.833812 0.452268 0.133596 
0.480545 0.826153 0.226430 
0.165846 0.811628 0.654043 
0.392630 0.801503 0.336884 
0.350185 0.339924 0.792063 
0.066900 0.746521 0.681632 
0.259405 0.678353 0.599370 
0.232188 0.896791 0.282019 
0.900520 0.508197 0.071445 
0.049573 0.412624 0.901751 
0.477266 0.472238 0.580112 
0.735688 0.081000 0.706068 
0.501262 0.273348 0.838822 
0.208585 0.433708 0.952170 
0.361266 0.302198 0.857208 
0.741117 0.167046 0.415979 
0.587869 0.032727 0.869287 
0.883362 0.138564 0.489624 
0.038875 0.587571 0.966808 
0.418949 0.373201 0.554211 
0.338505 0.591252 0.354045 
0.280950 0.534830 0.793336 
0.355938 0.758746 0.525037 
0.462977 0.861206 0.175835 
0.678066 0.155535 0.668806 
0.626154 0.447456 0.625157 
0.814419 0.066119 0.622717 
0.868321 0.337527 0.349098 
0.512226 0.437917 0.496424 
0.792504 0.643067 0.133773 
0.490845 0.620689 0.294419 
0.819840 0.316283 0.373580 
0.998196 0.192130 0.528665 
0.354933 0.243695 0.786670 
0.701910 0.174918 0.481531 
0.906192 0.299074 0.133837 
0.501554 0.369524 0.421352 
0.072404 0.781333 0.529559 
0.432164 0.524958 0.530122 
0.892006 0.164059 0.383784 
0.960263 0.591253 0.008539 
0.693059 0.713368 0.104586 
0.683037 0.765804 0.242251 
0.403595 0.989351 0.092153 
0.624743 0.115000 0.638312 
0.257936 0.938922 0.296707 
0.592347 0.436170 0.500663 
0.779968 0.311542 0.179323 
0.574499 0.681918 0.259195 
0.929325 0.610262 0.008477 
0.301143 0.248876 0.865035 
0.643883 0.298592 0.587681 
0.256530 0.780501 0.473623 
0.047371 0.819879 0.543833 
0.207614 0.556780 0.970992 
0.355910 0.679323 0.266214 
0.563929 0.783016 0.382876 
0.872524 0.058301 0.743057 
0.217791 0.216816 0.902276 
0.500408 0.393442 0.352570 
0.977679 0.148724 0.373616 
0.631270 0.562602 0.391612 
0.013238 0.366100 0.972060 
0.692867 0.608728 0.022017 
0.705557 0.178573 0.730915 
0.503359 0.227667 0.978776 
0.435194 0.722302 0.295146 
0.585330 0.121853 0.727924 
0.833364 0.317062 0.180830 
0.366083 0.119632 0.887165 
0.458647 0.392033 0.587197 
0.346485 0.358758 0.663266 
0.112412 0.216083 0.958907 
0.653846 0.742590 0.188042 
0.320075 0.395019 0.623314 
0.706774 0.077581 0.556015 
0.766334 0.596376 0.379965 
0.294200 0.558532 0.707943 
0.413568 0.693889 0.516984 
0.451404 0.702057 0.441982 
0.388461 0.252600 0.633486 
0.814004 0.220114 0.680779 
0.452626 0.680689 0.075574 
0.134039 0.963475 0.476868 
0.217942 0.494858 0.839781 
0.985550 0.437709 0.282021 
0.574062 0.466075 0.304257 
0.655849 0.202783 0.809660 
0.926998 0.582818 0.168980 
0.744968 0.521304 0.182169 
0.707371 0.566284 0.176469 
0.201480 0.464404 0.800791 
0.716438 0.519958 0.501114 
0.333295 0.707229 0.546322 
0.093383 0.544461 0.728829 
0.566109 0.071466 0.946342 
0.502075 0.611971 0.379578 
0.358082 0.761721 0.438156 
0.777715 0.260926 0.486188 
0.588169 0.465263 0.320864 
0.449360 0.128190 0.908407 
0.568872 0.478562 0.491141 
0.843328 0.526423 0.335484 
0.178669 0.774077 0.547412 
0.513768 0.469299 0.608068 
0.127912 0.852731 0.524457 
0.770743 0.797324 0.038592 
0.503013 0.917428 0.353614 
0.034627 0.664806 0.668908 
0.310626 0.742185 0.381578 
0.394659 0.242447 0.899047 
0.545683 0.741725 0.348661 
0.657736 0.058393 0.631720 
0.046096 0.625517 0.789475 
0.771983 0.564697 0.398443 
0.146949 0.913574 0.591656 
0.844617 0.444484 0.220178 
0.573708 0.770701 0.285420 
0.208740 0.385014 0.821561 
0.490241 0.104402 0.762254 
0.370709 0.291949 0.820719 
0.447984 0.040844 0.975297 
0.112003 0.920319 0.526126 
0.150868 0.871300 0.422060 
0.027000 0.973405 0.581013 
0.776232 0.515867 0.061552 
0.654430 0.063931 0.690067 
0.074290 0.921127 0.465377 
0.246343 0.701847 0.616140 
0.893198 0.237932 0.382878 
0.299679 0.566128 0.572663 
0.087908 0.762729 0.469622 
0.281787 0.115356 0.856666 
0.923027 0.211448 0.411207 
0.394898 0.807227 0.256079 
0.533117 0.687939 0.382907 
0.744509 0.372055 0.527730 
0.751512 0.177600 0.515983 
0.638865 0.151601 0.594748 
0.881788 0.146214 0.497730 
0.608641 0.139324 0.623391 
0.420313 0.883699 0.188613 
0.254257 0.347463 0.910916 
0.248732 0.883666 0.265660 
0.649932 0.392201 0.482278 
0.633376 0.700905 0.367582 
0.781377 0.287500 0.468371 
0.504513 0.843935 0.207969 
0.388668 0.597392 0.530240 
0.793744 0.156529 0.437209 
0.802601 0.122895 0.685090 
0.387647 0.897798 0.280522 
0.305175 0.712081 0.549953 
0.485213 0.318816 0.567518 
0.812443 0.128130 0.758517 
0.365122 0.646987 0.476777 
0.208344 0.687738 0.564651 
0.521310 0.398784 0.301758 
0.801078 0.454350 0.256132 
0.727845 0.289917 0.476833 
0.824288 0.659756 0.256685 
0.547581 0.604952 0.458737 
0.531254 0.911986 0.156826 
0.758084 0.685624 0.324593 
0.604033 0.765599 0.377476 
0.333156 0.506436 0.692798 
0.441675 0.607858 0.493823 
0.308915 0.452280 0.802593 
0.183023 0.935409 0.446515 
0.561089 0.404605 0.488718 
0.525048 0.376718 0.641156 
0.181116 0.787356 0.489890 
0.457684 0.823404 0.128338 
0.787294 0.343723 0.193421 
0.071263 0.511651 0.898237 
0.784761 0.737988 0.146677 
0.877622 0.188039 0.472555 
0.532929 0.835424 0.145647 
0.674275 0.503735 0.450805 
0.571675 0.426882 0.382067 
0.520916 0.447451 0.416541 
0.213777 0.372400 0.883316 
0.236354 0.340099 0.795808 
0.328890 0.929920 0.234322 
0.660026 0.065251 0.680638 
0.384964 0.684081 0.421817 
0.544381 0.785164 0.181243 
0.432024 0.556954 0.419252 
0.724800 0.751737 0.000397 
0.524026 0.386774 0.471878 
0.761004 0.133659 0.649523 
0.107143 0.751307 0.818865 
0.556481 0.743761 0.157524 
0.254606 0.879956 0.443190 
0.331510 0.681055 0.511946 
0.631719 0.630423 0.036951 
0.227869 0.281713 0.997858 
0.416068 0.167462 0.885131 
0.405938 0.810937 0.435551 
0.622485 0.391025 0.715802 
0.142679 0.761553 0.743472 
0.855302 0.526775 0.095529 
0.688710 0.193419 0.475872 
0.427481 0.592667 0.363405 
0.571449 0.377302 0.521019 
0.138083 0.444020 0.787214 
0.355488 0.987862 0.400321 
0.494312 0.167596 0.732293 
0.899933 0.318267 0.273003 
0.624766 0.173964 0.928787 
0.583359 0.661305 0.407328 
0.858115 0.110646 0.533876 
0.544533 0.620040 0.250467 
0.074229 0.913012 0.488740 
0.428376 0.803818 0.175718 
0.372165 0.696715 0.458653 
0.805113 0.090745 0.600535 
0.699941 0.317826 0.519140 
0.046034 0.444440 0.954108 
0.561737 0.217599 0.692330 
0.831138 0.422008 0.397266 
0.623887 0.732629 0.133953 
0.370936 0.766266 0.479457 
0.737711 0.520348 0.279110 
0.709362 0.183708 0.591881 
0.718258 0.156124 0.656193 
0.907077 0.473632 0.228826 
0.083664 0.850446 0.447942 
0.736752 0.148395 0.651712 
0.822150 0.193447 0.452724 
0.773804 0.260977 0.527815 
0.606160 0.399744 0.518209 
0.895679 0.497593 0.145918 
0.569977 0.395487 0.398502 
0.192946 0.403709 0.932522 
0.515762 0.375829 0.469975 
0.862325 0.084187 0.570101 
0.207983 0.810936 0.827461 
0.017844 0.719371 0.576376 
0.509514 0.597660 0.312721 
0.892939 0.321386 0.176080 
0.028929 0.861772 0.620094 
0.696203 0.062905 0.917997 
0.122257 0.566447 0.866106 
0.975923 0.185735 0.314431 
0.637837 0.285847 0.300845 
0.762164 0.530015 0.077394 
0.737528 0.375952 0.459467 
0.468544 0.234654 0.659808 
0.326978 0.726169 0.528352 
0.396775 0.626935 0.605825 
0.801746 0.346076 0.315668 
0.064782 0.805537 0.666168 
0.944504 0.295596 0.209230 
0.386728 0.020005 0.908459 
0.569014 0.823549 0.359315 
0.736951 0.505421 0.424511 
0.465332 0.175994 0.822418 
0.413467 0.825484 0.214672 
0.122593 0.603876 0.936585 
0.907613 0.551950 0.106677 
0.593007 0.583492 0.302277 
0.618729 0.627263 0.591815 
0.268174 0.856853 0.371398 
0.241688 0.761781 0.535613 
0.324960 0.902544 0.512066 
0.379799 0.926969 0.156467 
0.416499 0.618994 0.493629 
0.652962 0.038629 0.806886 
0.510141 0.733393 0.203565 
0.849113 0.270515 0.523403 
0.581418 0.006857 0.906951 
0.610930 0.403023 0.661584 
0.329313 0.728903 0.192289 
0.560895 0.063564 0.850301 
0.793607 0.457053 0.118942 
0.464174 0.576797 0.718181 
0.570788 0.628215 0.239526 
0.138533 0.749665 0.882573 
0.929887 0.159466 0.317690 
0.595922 0.454662 0.445399 
0.723853 0.458643 0.173501 
0.319666 0.264500 0.972667 
0.623526 0.636781 0.362274 
0.461796 0.063491 0.780666 
0.408235 0.614146 0.706072 
0.113301 0.831396 0.655305 
0.240926 0.418286 0.681381 
0.835356 0.353488 0.326968 
0.665968 0.541812 0.267238 
0.887129 0.359191 0.143210 
0.759407 0.489783 0.299023 
0.661279 0.563766 0.403294 
0.131089 0.780335 0.748999 
0.923908 0.166098 0.589468 
0.464794 0.826780 0.431429 
0.788921 0.801721 0.039315 
0.578683 0.220590 0.510095 
0.884585 0.413856 0.447797 
0.616661 0.645901 0.243793 
0.729295 0.275625 0.505254 
0.224350 0.446185 0.996914 
0.566175 0.956680 0.203561 
0.169591 0.953320 0.138079 
0.714793 0.591773 0.164096 
0.398947 0.720998 0.383997 
0.423386 0.615392 0.376563 
0.427070 0.835241 0.276326 
0.317110 0.955169 0.254509 
0.602951 0.538443 0.387831 
0.589523 0.322830 0.665673 
0.924804 0.445768 0.096670 
0.641464 0.584519 0.288875 
0.360117 0.754382 0.664592 
0.179845 0.487103 0.842238 
0.823849 0.217856 0.565489 
0.818447 0.384252 0.220759 
0.595957 0.458856 0.389329 
0.594781 0.421338 0.572244 
0.557514 0.281299 0.687724 
0.431595 0.564915 0.331203 
0.874793 0.495128 0.219210 
0.701270 0.322457 0.511350 
0.824281 0.180305 0.455399 
0.465027 0.751287 0.167585 
0.659115 0.066996 0.960261 
0.082875 0.512679 0.830666 
0.020480 0.487025 0.880344 
0.733376 0.331386 0.613460 
0.071469 0.815267 0.349941 
0.673067 0.922296 0.144862 
0.426114 0.745459 0.432397 
0.657788 0.604780 0.191373 
0.667268 0.167643 0.509166 
0.672690 0.719686 0.204794 
0.448972 0.816120 0.316708 
0.975627 0.310109 0.198697 
0.814192 0.240066 0.588500 
0.030011 0.649843 0.671842 
0.347096 0.955242 0.267816 
0.676082 0.565673 0.194804 
0.956023 0.299582 0.079738 
0.558891 0.626343 0.443868 
0.260129 0.661597 0.406112 
0.831036 0.032421 0.675285 
0.190895 0.363312 0.969087 
0.928358 0.583018 0.116723 
0.656744 0.758932 0.227186 
0.545032 0.611585 0.146924 
0.615929 0.815976 0.081648 
0.992467 0.302747 0.133021 
0.311127 0.326065 0.778905 
0.306415 0.180373 0.939936 
0.536134 0.238693 0.951113 
0.507211 0.894000 0.009868 
0.262162 0.467069 0.810228 
0.349359 0.944746 0.281085 
0.535803 0.344347 0.609841 
0.842372 0.570192 0.161980 
0.359702 0.468909 0.577696 
0.141644 0.653033 0.565456 
0.567400 0.635439 0.220523 
0.216694 0.450621 0.652930 
0.910650 0.571544 0.070475 
0.539059 0.427538 0.521076 
0.766648 0.102985 0.494388 
0.763244 0.105085 0.398490 
0.337943 0.390610 0.779491 
0.293683 0.440870 0.383492 
0.200171 0.572305 0.668917 
0.623833 0.617223 0.312365 
0.471011 0.622527 0.272331 
0.342805 0.269520 0.787006 
0.429289 0.431773 0.677544 
0.751267 0.081361 0.740192 
0.463129 0.776862 0.468186 
0.232087 0.790447 0.548281 
0.560583 0.852454 0.311606 
0.787932 0.024547 0.479660 
0.106365 0.592608 0.898705 
0.347493 0.049616 0.991342 
0.761119 0.117019 0.599269 
0.739968 0.033420 0.590092 
0.187888 0.383173 0.791787 
0.798474 0.567893 0.066308 
0.904113 0.412088 0.206418 
0.666698 0.378349 0.626999 
0.723729 0.042665 0.813092 
0.309884 0.620542 0.674475 
0.498322 0.548450 0.339749 
0.322237 0.622984 0.532895 
0.741859 0.337402 0.318536 
0.377488 0.677576 0.523344 
0.887038 0.341629 0.295657 
0.978982 0.057046 0.567039 
0.176143 0.709840 0.663266 
0.662477 0.534410 0.306541 
0.148646 0.611542 0.739720 
0.674715 0.620269 0.158283 
0.242962 0.438402 0.808155 
0.238199 0.589581 0.751433 
0.514417 0.276172 0.783517 
0.424685 0.802081 0.209723 
0.553089 0.468112 0.473321 
0.436533 0.751810 0.455093 
0.769093 0.615334 0.220178 
0.342913 0.805426 0.164604 
0.518525 0.304732 0.789077 
0.807572 0.279039 0.429365 
0.767176 0.309295 0.606065 
0.612435 0.402314 0.690642 
0.777284 0.697574 0.032531 
0.118719 0.821749 0.391635 
0.434990 0.270147 0.787866 
0.619007 0.838303 0.114600 
0.969558 0.410675 0.169251 
0.905293 0.152578 0.727017 
0.023533 0.723437 0.573759 
0.091778 0.918193 0.598356 
0.305504 0.267994 0.664769 
0.442794 0.915686 0.239859 
0.593386 0.714370 0.112161 
0.752704 0.389782 0.289353 
0.334936 0.812193 0.221069 
0.667694 0.459303 0.320776 
0.075821 0.575685 0.650210 
0.803548 0.055439 0.653315 
0.494201 0.825790 0.375104 
0.419089 0.149389 0.975753 
0.503151 0.634542 0.375607 
0.001904 0.568980 0.637270 
0.690982 0.329174 0.367909 
0.559668 0.000083 0.873579 
0.427783 0.442810 0.848154 
0.990559 0.478603 0.058739 
0.074058 0.319759 0.928220 
0.370660 0.365285 0.724459 
0.780145 0.436320 0.414946 
0.041281 0.903214 0.407768 
0.311837 0.293387 0.727542 
0.532301 0.255452 0.800232 
0.842183 0.024037 0.734359 
0.483355 0.028505 0.741465 
0.853457 0.515809 0.255093 
0.683771 0.091967 0.809199 
0.474399 0.403492 0.749192 
0.125203 0.325180 0.806067 
0.441168 0.107538 0.961203 
0.308852 0.557975 0.546302 
0.704086 0.428887 0.468978 
0.878802 0.584957 0.131897 
0.107749 0.854269 0.545327 
0.695018 0.532645 0.310199 
0.510285 0.763845 0.354659 
0.205649 0.412058 0.673082 
0.747780 0.358264 0.378958 
0.515368 0.538539 0.626525 
0.453217 0.743472 0.330960 
0.546131 0.680553 0.410638 
0.807648 0.066526 0.667466 
0.592593 0.813004 0.088488 
0.484486 0.224943 0.787365 
0.345482 0.341415 0.693821 
0.324139 0.985998 0.205162 
0.695205 0.332396 0.449124 
0.595867 0.650700 0.119020 
0.058340 0.667689 0.639720 
0.064494 0.265821 0.789683 
0.491579 0.643927 0.396973 
0.476212 0.756021 0.274922 
0.276867 0.715301 0.613421 
0.496363 0.546814 0.548574 
0.402887 0.771601 0.320369 
0.831859 0.278410 0.413970 
0.868301 0.488318 0.216702 
0.442497 0.964245 0.018310 
0.390053 0.725567 0.304651 
0.388045 0.645988 0.312513 
0.929296 0.006091 0.544516 
0.251626 0.346494 0.990604 
0.377964 0.658615 0.647786 
0.487623 0.716525 0.093273 
0.722439 0.810574 0.175627 
0.625426 0.244666 0.828937 
0.482132 0.860003 0.141388 
0.346323 0.702356 0.567873 
0.593167 0.654343 0.229315 
0.586333 0.433985 0.469490 
0.778272 0.694106 0.117822 
0.059790 0.816817 0.586823 
0.742678 0.756680 0.039553 
0.435451 0.675355 0.264075 
0.692870 0.227258 0.643477 
0.884898 0.027722 0.499945 
0.322491 0.336287 0.612638 
0.625953 0.236712 0.732328 
0.766233 0.565677 0.310495 
0.461731 0.527378 0.778793 
0.363557 0.738847 0.174087 
0.750210 0.079762 0.632030 
0.085666 0.918123 0.555927 
0.245535 0.601220 0.576881 
0.774777 0.279569 0.465903 
0.650279 0.754665 0.296122 
0.503413 0.400780 0.628142 
0.451376 0.127078 0.770895 
0.534061 0.419000 0.599435 
0.474385 0.475755 0.485624 
0.384612 0.633519 0.698363 
0.720384 0.829037 0.152135 
0.960173 0.381393 0.392439 
0.479570 0.443420 0.728022 
0.984798 0.338337 0.184590 
0.281534 0.288758 0.974594 
0.161895 0.911701 0.541780 
0.571091 0.667453 0.103918 
0.227358 0.673283 0.594320 
0.246921 0.080789 0.910128 
0.183311 0.524829 0.679993 
0.624406 0.835610 0.103107 
0.711881 0.274335 0.789412 
0.710613 0.276337 0.418508 
0.226169 0.992111 0.251469 
0.413092 0.839166 0.165274 
0.865450 0.527846 0.238016 
0.916937 0.398595 0.127699 
0.606066 0.457735 0.475433 
0.384993 0.917252 0.154569 
0.449812 0.202971 0.962547 
0.627053 0.079723 0.951594 
0.586929 0.845093 0.283077 
0.171865 0.947088 0.454251 
0.425210 0.749031 0.429566 
0.075646 0.946562 0.462250 
0.538113 0.599897 0.266996 
0.652630 0.095754 0.695355 
0.509705 0.680383 0.032028 
0.231095 0.408533 0.741081 
0.433552 0.137584 0.991968 
0.305247 0.963049 0.288210 
0.254209 0.771837 0.309962 
0.758616 0.156554 0.568116 
0.302966 0.827782 0.634650 
0.660127 0.584530 0.061567 
0.835815 0.250334 0.431869 
0.638639 0.484091 0.447409 
0.685845 0.549858 0.351918 
0.612409 0.508500 0.579480 
0.478188 0.640155 0.331952 
0.579993 0.156976 0.520370 
0.843163 0.385925 0.303480 
0.215564 0.370769 0.920569 
0.966847 0.267297 0.395773 
0.628552 0.788886 0.272997 
0.513619 0.591214 0.531450 
0.172085 0.629406 0.734807 
0.478606 0.656072 0.472466 
0.296504 0.201934 0.745275 
0.977626 0.079876 0.521287 
0.648492 0.341723 0.600899 
0.579491 0.224629 0.712295 
0.748324 0.829380 0.142381 
0.029561 0.585225 0.867032 
0.200596 0.917146 0.296827 
0.405722 0.565384 0.544125 
0.915202 0.131884 0.211910 
0.943036 0.405653 0.088972 
0.404270 0.710998 0.469955 
0.284014 0.883434 0.237620 
0.592457 0.649419 0.305988 
0.779041 0.692630 0.232949 
0.493987 0.662869 0.459807 
0.262251 0.750210 0.349922 
0.796066 0.616479 0.115776 
0.463385 0.204826 0.751680 
0.489356 0.519818 0.345826 
0.513715 0.577181 0.536608 
0.999273 0.126817 0.443592 
0.564283 0.611268 0.455237 
0.115996 0.534623 0.637145 
0.355324 0.163998 0.647477 
0.565369 0.358041 0.581229 
0.776498 0.046681 0.779416 
0.674916 0.318770 0.571641 
0.305220 0.491156 0.448893 
0.332251 0.658086 0.338822 
0.783941 0.812728 0.142604 
0.330445 0.198832 0.892432 
0.183228 0.660473 0.621578 
0.657238 0.728580 0.047208 
0.839993 0.148465 0.473339 
0.066479 0.882748 0.627544 
0.288707 0.729632 0.565437 
0.211558 0.851114 0.530895 
0.444341 0.687410 0.267174 
0.527279 0.655331 0.188471 
0.740749 0.204671 0.564081 
0.073026 0.945623 0.510658 
0.039481 0.479537 0.861043 
0.236867 0.447177 0.859742 
0.769156 0.062260 0.435529 
0.205779 0.627680 0.644326 
0.460257 0.133782 0.758446 
0.322883 0.433317 0.453099 
0.342827 0.336006 0.995283 
0.797863 0.086552 0.590168 
0.103284 0.594526 0.764547 
0.815203 0.222302 0.457081 
0.498010 0.595484 0.340259 
0.018928 0.675010 0.703161 
0.152757 0.557471 0.633441 
0.379080 0.655987 0.626661 
0.300901 0.951086 0.272293 
0.461639 0.462487 0.868820 
0.302041 0.304576 0.814718 
0.245234 0.800991 0.173410 
0.556482 0.288964 0.515996 
0.876745 0.472481 0.050073 
0.160625 0.855409 0.293530 
0.318598 0.866366 0.170817 
0.659273 0.360083 0.411493 
0.973549 0.199246 0.548151 
0.670492 0.504275 0.446421 
0.056341 0.962312 0.628654 
0.554413 0.399148 0.511940 
0.319181 0.290597 0.885938 
0.189559 0.799670 0.676304 
0.316048 0.424608 0.791900 
0.398755 0.757910 0.549568 
0.289355 0.886303 0.472341 
0.821856 0.529585 0.151909 
0.981367 0.041494 0.402968 
0.594539 0.727532 0.287606 
0.503058 0.006590 0.972661 
0.358860 0.518769 0.498247 
0.375912 0.207705 0.914609 
0.725000 0.161536 0.467359 
0.045707 0.403553 0.885971 
0.391123 0.211667 0.911287 
0.934284 0.336380 0.223194 
0.663949 0.321561 0.597040 
0.488318 0.600283 0.496597 
0.456191 0.625964 0.373527 
0.486760 0.190578 0.739188 
0.602851 0.496711 0.167496 
0.393014 0.695281 0.453868 
0.272377 0.280198 0.873853 
0.029083 0.829954 0.619891 
0.410670 0.584701 0.461235 
0.506614 0.697042 0.430176 
0.555540 0.383334 0.515401 
0.279414 0.801274 0.477093 
0.625662 0.346961 0.416978 
0.354590 0.955254 0.266229 
0.112886 0.763265 0.466999 
0.249450 0.602712 0.821359 
0.294547 0.775294 0.579399 
0.367659 0.876561 0.303403 
0.973585 0.172153 0.203427 
0.630840 0.651625 0.303144 
0.184091 0.696262 0.456991 
0.197346 0.285207 0.867768 
0.462525 0.842643 0.431575 
0.894675 0.158409 0.330361 
0.697835 0.350920 0.662567 
0.948630 0.614743 0.188322 
0.515105 0.902627 0.263589 
0.816235 0.629419 0.073727 
0.948928 0.241946 0.319563 
0.445627 0.795733 0.101161 
0.889210 0.325162 0.361130 
0.306702 0.257302 0.972921 
0.508895 0.678720 0.489717 
0.557430 0.298509 0.745718 
0.786734 0.666500 0.071607 
0.573991 0.332364 0.502320 
0.519174 0.525533 0.528118 
0.942672 0.487212 0.295960 
0.558504 0.168212 0.724965 
0.512563 0.369194 0.595666 
0.353517 0.472672 0.590242 
0.722786 0.050318 0.769224 
0.604731 0.157065 0.857054 
0.221554 0.900096 0.116654 
0.716390 0.432600 0.232428 
0.231322 0.756932 0.567170 
0.714316 0.111812 0.757352 
0.851372 0.264991 0.148030 
0.499506 0.477186 0.509828 
0.241980 0.606940 0.729807 
0.552933 0.628615 0.398082 
0.172971 0.681065 0.778635 
0.704383 0.799453 0.101307 
0.517889 0.741131 0.542811 
0.680967 0.136886 0.711473 
0.518304 0.548787 0.380609 
0.386767 0.550526 0.597148 
0.727020 0.096055 0.884813 
0.438292 0.505793 0.439852 
0.536275 0.430068 0.463628 
0.250276 0.501778 0.774605 
0.264218 0.263478 0.870833 
0.017175 0.493899 0.905832 
0.176601 0.610752 0.632232 
0.435801 0.605979 0.380726 
0.652539 0.107460 0.506447 
0.179017 0.722087 0.818257 
0.279445 0.142370 0.980484 
0.637554 0.506648 0.371596 
0.518019 0.605559 0.701649 
0.408284 0.670899 0.244419 
0.690265 0.564544 0.333374 
0.516236 0.677424 0.173211 
0.750881 0.357677 0.535561 
0.755344 0.649595 0.189535 
0.448592 0.948251 0.145205 
0.849526 0.432729 0.261477 
0.554068 0.304136 0.838915 
0.054993 0.498498 0.868088 
0.763619 0.433593 0.393304 
0.612914 0.242102 0.756386 
0.871282 0.255189 0.271103 
0.779158 0.153911 0.793007 
0.435695 0.129198 0.815580 
0.497035 0.684759 0.341742 
0.674040 0.255359 0.545280 
0.996744 0.282144 0.256092 
0.622125 0.657290 0.157882 
0.624978 0.305434 0.792247 
0.643323 0.493355 0.439325 
0.463127 0.118683 0.914513 
0.709779 0.062342 0.590216 
0.691619 0.178876 0.549033 
0.143339 0.850382 0.546083 
0.358895 0.922302 0.146900 
0.755382 0.326950 0.220662 
0.794482 0.351221 0.229156 
0.577891 0.360912 0.665148 
0.445601 0.894853 0.297538 
0.841000 0.461523 0.246875 
0.457034 0.878811 0.466148 
0.034318 0.959343 0.499436 
0.929159 0.124505 0.532839 
0.165974 0.977323 0.452774 
0.189078 0.625248 0.682220 
0.957566 0.357538 0.343225 
0.659293 0.599086 0.412119 
0.801429 0.657950 0.275776 
0.438321 0.565345 0.550406 
0.227929 0.401337 0.849485 
0.321860 0.864044 0.279341 
0.811497 0.205033 0.290280 
0.519504 0.252122 0.650093 
0.132011 0.436292 0.789622 
0.278155 0.429023 0.645567 
0.722965 0.306621 0.799913 
0.210287 0.873116 0.488166 
0.423426 0.651002 0.395527 
0.325741 0.899823 0.182650 
0.156455 0.344609 0.982798 
0.059308 0.931605 0.459313 
0.759247 0.232435 0.274958 
0.446997 0.063676 0.885104 
0.812305 0.332211 0.513295 
0.592882 0.743406 0.091529 
0.755930 0.157242 0.429056 
0.902180 0.139585 0.429119 
0.174608 0.377004 0.611435 
0.433179 0.437957 0.581817 
0.351950 0.661589 0.624267 
0.222609 0.373714 0.898165 
0.422949 0.420139 0.724109 
0.660207 0.590897 0.474523 
0.658475 0.679806 0.127681 
0.335405 0.618095 0.631304 
0.439038 0.540519 0.637155 
0.682286 0.992725 0.012743 
0.512093 0.272588 0.645296 
0.453786 0.358241 0.513782 
0.380907 0.757459 0.224306 
0.420817 0.520317 0.534491 
0.172223 0.491934 0.786883 
0.091944 0.644955 0.641501 
0.601878 0.810587 0.121869 
0.750622 0.103179 0.564718 
0.382656 0.356452 0.678484 
0.553497 0.410098 0.762116 
0.597361 0.512256 0.203328 
0.490549 0.637351 0.180801 
0.826164 0.277241 0.524418 
0.695229 0.380840 0.186462 
0.549142 0.657741 0.638686 
0.443091 0.542838 0.367568 
0.543374 0.328766 0.630407 
0.351306 0.356051 0.718927 
0.046759 0.777352 0.407608 
0.587787 0.372914 0.622918 
0.643646 0.331227 0.489591 
0.669142 0.527977 0.388641 
0.347176 0.223867 0.876844 
0.755019 0.549584 0.123525 
0.614656 0.093767 0.706849 
0.823706 0.643139 0.092357 
0.336972 0.331309 0.869248 
0.065836 0.456166 0.988463 
0.546405 0.158735 0.515557 
0.596773 0.871124 0.087956 
0.038262 0.637132 0.849112 
0.460488 0.606266 0.367361 
0.350207 0.292643 0.896057 
0.624714 0.688597 0.041020 
0.581398 0.105744 0.741653 
0.823978 0.269918 0.449267 
0.454316 0.559224 0.311847 
0.695080 0.212295 0.758341 
0.205620 0.922477 0.404756 
0.699099 0.117472 0.481092 
0.161394 0.309899 0.789257 
0.306666 0.879875 0.101710 
0.596136 0.585898 0.418900 
0.537853 0.631034 0.361457 
0.616147 0.192975 0.573001 
0.263884 0.886484 0.465106 
0.560695 0.155642 0.745979 
0.715839 0.230508 0.546413 
0.028519 0.660941 0.728645 
0.332099 0.283985 0.899414 
0.708184 0.012362 0.289569 
0.678892 0.575096 0.401632 
0.163346 0.541645 0.518448 
0.558161 0.791138 0.193566 
0.455356 0.803849 0.279227 
0.357646 0.919739 0.302518 
0.508146 0.281490 0.748385 
0.543989 0.241256 0.505943 
0.539669 0.019560 0.819534 
0.409101 0.966386 0.130595 
0.747731 0.699583 0.295828 
0.599759 0.316280 0.592759 
0.328590 0.838802 0.308075 
0.569590 0.922146 0.167385 
0.570595 0.445298 0.626192 
0.556490 0.717542 0.183201 
0.386033 0.511079 0.554363 
0.361293 0.440924 0.715483 
0.895477 0.291285 0.291668 
0.768153 0.014698 0.803118 
0.791598 0.568361 0.243546 
0.661096 0.568445 0.276714 
0.896439 0.698929 0.032295 
0.026715 0.594802 0.837446 
0.893663 0.077361 0.499149 
0.560047 0.258157 0.486684 
0.720821 0.520746 0.507354 
0.866325 0.641120 0.083186 
0.423423 0.848700 0.162328 
0.496910 0.109962 0.927266 
0.002679 0.656433 0.467883 
0.673720 0.395760 0.382955 
0.340466 0.895999 0.125748 
0.277634 0.859576 0.421786 
0.791332 0.852280 0.130507 
0.331043 0.324176 0.975060 
0.709604 0.022871 0.556709 
0.388525 0.428624 0.727862 
0.350559 0.294280 0.641961 
0.032015 0.585405 0.831170 
0.995117 0.058981 0.491421 
0.293302 0.800993 0.359967 
0.457189 0.183433 0.943793 
0.833663 0.191649 0.373278 
0.573642 0.239673 0.793514 
0.856776 0.134571 0.644987 
0.023891 0.647116 0.712556 
0.117528 0.785787 0.850320 
0.083352 0.413553 0.929127 
0.094557 0.859749 0.399644 
0.798252 0.388461 0.120000 
0.409119 0.733556 0.369862 
0.300226 0.068006 0.989673 
0.466783 0.635054 0.449023 
0.901789 0.651777 0.112754 
0.531502 0.149467 0.912230 
0.176912 0.412011 0.813603 
0.333759 0.564379 0.345789 
0.344127 0.479278 0.437796 
0.135466 0.587794 0.661556 
0.576284 0.437219 0.399274 
0.664391 0.844464 0.016962 
0.114319 0.402438 0.809725 
0.469720 0.722668 0.499859 
0.670444 0.516559 0.440466 
0.085447 0.789872 0.457751 
0.112038 0.488274 0.950300 
0.465974 0.435939 0.709090 
0.163915 0.271865 0.845665 
0.366966 0.226272 0.708470 
0.395817 0.823339 0.464552 
0.932820 0.477724 0.026102 
0.706313 0.376890 0.723927 
0.864820 0.447495 0.311377 
0.671305 0.218889 0.725280 
0.550378 0.545011 0.504929 
0.389165 0.514574 0.707733 
0.730388 0.352984 0.252125 
0.555299 0.705103 0.236051 
0.486830 0.465179 0.493448 
0.089012 0.779001 0.595922 
0.721688 0.534680 0.185016 
0.742546 0.579774 0.391957 
0.076661 0.864928 0.479072 
0.527642 0.102735 0.906346 
0.792428 0.520521 0.306889 
0.114339 0.584815 0.977091 
0.553566 0.940813 0.061092 
0.713405 0.425842 0.140349 
0.695022 0.322187 0.573759 
0.095936 0.954614 0.400265 
0.321279 0.576739 0.476105 
0.881477 0.506565 0.070961 
0.468090 0.143153 0.741018 
0.637999 0.789997 0.317450 
0.553978 0.681890 0.343722 
0.200294 0.296163 0.783752 
0.705378 0.544235 0.328148 
0.065639 0.708476 0.703319 
0.519162 0.449877 0.714069 
0.894132 0.297135 0.473209 
0.946773 0.034578 0.604861 
0.730924 0.401208 0.491135 
0.405632 0.541470 0.545016 
0.439227 0.876998 0.269694 
0.305558 0.573378 0.736736 
0.604098 0.325877 0.398031 
0.553153 0.002860 0.845580 
0.039864 0.576206 0.902000 
0.487549 0.579785 0.436606 
0.368601 0.201346 0.964719 
0.182716 0.705962 0.804042 
0.501466 0.520125 0.272656 
0.556244 0.690674 0.483324 
0.456737 0.428416 0.704304 
0.067343 0.659178 0.755943 
0.796183 0.234352 0.491408 
0.306278 0.545562 0.470211 
0.630812 0.394973 0.603266 
0.884166 0.198568 0.386919 
0.227479 0.157782 0.971151 
0.288662 0.247730 0.896011 
0.905536 0.297381 0.196995 
0.247232 0.843299 0.554837 
0.377225 0.460228 0.491450 
0.463679 0.505767 0.406815 
0.887185 0.285653 0.234687 
0.143036 0.788237 0.527043 
0.486468 0.922180 0.074895 
0.255868 0.400444 0.651138 
0.827721 0.092223 0.673824 
0.486593 0.891265 0.257145 
0.416917 0.212924 0.752003 
0.812871 0.723651 0.043935 
0.213633 0.754117 0.548596 
0.881253 0.543006 0.196482 
0.747075 0.018953 0.681532 
0.741083 0.333968 0.488975 
0.801182 0.540851 0.106588 
0.183673 0.605394 0.667508 
0.455699 0.789122 0.140682 
0.454864 0.740066 0.263412 
0.786128 0.419159 0.317857 
0.551622 0.472285 0.350415 
0.184851 0.415550 0.842127 
0.940635 0.062410 0.575818 
0.224484 0.572984 0.812045 
0.956789 0.174772 0.474707 
0.831024 0.399168 0.192528 
0.683966 0.674410 0.199257 
0.369405 0.769615 0.268737 
0.407788 0.535906 0.578193 
0.532112 0.807033 0.051734 
0.792116 0.502716 0.215375 
0.715809 0.112406 0.932845 
0.465768 0.780531 0.366866 
0.033039 0.465955 0.787057 
0.873391 0.432365 0.235291 
0.297180 0.571711 0.565791 
0.297139 0.824552 0.410645 
0.667230 0.234701 0.647155 
0.511019 0.166740 0.781855 
0.885766 0.300928 0.207670 
0.123132 0.655578 0.777402 
0.792393 0.120328 0.722352 
0.780116 0.048417 0.606277 
0.543552 0.246786 0.908684 
0.137861 0.687563 0.715095 
0.441887 0.395849 0.614299 
0.576070 0.485621 0.455240 
0.088498 0.596313 0.881690 
0.634734 0.080809 0.606682 
0.126121 0.660829 0.646323 
0.347849 0.405245 0.691648 
0.320358 0.729916 0.542336 
0.114824 0.798903 0.565159 
0.796269 0.257527 0.373203 
0.674209 0.354292 0.393939 
0.373969 0.648503 0.217393 
0.356113 0.541507 0.583243 
0.434776 0.343349 0.951012 
0.695124 0.471807 0.335375 
0.846451 0.660629 0.102870 
0.338810 0.413184 0.747698 
0.744421 0.409748 0.106574 
0.350650 0.497428 0.664205 
0.406578 0.687263 0.483321 
0.084044 0.463255 0.997741 
0.479277 0.089310 0.826586 
0.215188 0.927474 0.548530 
0.846501 0.061526 0.548884 
0.899169 0.524850 0.229259 
0.596421 0.293024 0.655989 
0.577596 0.873511 0.122645 
0.827576 0.239817 0.439411 
0.264996 0.656600 0.577546 
0.308721 0.668926 0.450213 
0.348469 0.091417 0.935379 
0.594584 0.265709 0.475180 
0.820694 0.380518 0.236697 
0.635327 0.161728 0.830915 
0.633500 0.005136 0.936981 
0.349534 0.534059 0.504256 
0.007172 0.756433 0.893472 
0.315398 0.653430 0.660541 
0.858857 0.028192 0.612214 
0.261326 0.818807 0.521320 
0.112621 0.468739 0.814968 
0.437353 0.161126 0.913076 
0.326472 0.500235 0.765476 
0.655386 0.378864 0.108210 
0.645652 0.246079 0.562245 
0.195244 0.619706 0.685224 
0.354786 0.392273 0.673784 
0.170524 0.566760 0.805481 
0.395235 0.959981 0.024789 
0.357755 0.491029 0.679523 
0.067195 0.823378 0.683934 
0.738563 0.492525 0.290412 
0.840331 0.109502 0.478339 
0.542699 0.240142 0.417178 
0.209925 0.649695 0.548601 
0.398617 0.678234 0.380524 
0.574626 0.082916 0.523148 
0.701014 0.209174 0.568122 
0.341868 0.854878 0.151802 
0.284409 0.806236 0.507017 
0.506587 0.686414 0.177639 
0.419105 0.057896 0.886099 
0.845434 0.034199 0.681168 
0.301637 0.396532 0.831518 
0.862087 0.242259 0.359365 
0.493251 0.546899 0.276060 
0.630995 0.861040 0.072458 
0.455907 0.280895 0.780316 
0.407562 0.434296 0.682490 
0.556310 0.906717 0.208508 
0.807234 0.788957 0.263089 
0.252099 0.738485 0.719364 
0.420949 0.337835 0.649746 
0.500190 0.798517 0.112359 
0.280832 0.998914 0.272858 
0.141120 0.913702 0.450639 
0.378960 0.679071 0.431025 
0.446702 0.353481 0.936769 
0.540902 0.779692 0.243903 
0.439678 0.286341 0.831474 
0.203463 0.833960 0.370983 
0.698813 0.417982 0.500185 
0.610030 0.046683 0.922025 
0.309029 0.145475 0.886381 
0.712722 0.553192 0.470539 
0.894421 0.632032 0.180874 
0.713319 0.300539 0.600118 
0.091680 0.511334 0.957988 
0.183359 0.953686 0.280046 
0.477897 0.390453 0.789287 
0.855770 0.145623 0.460586 
0.464190 0.606316 0.650409 
0.377532 0.291903 0.901861 
0.417158 0.428502 0.631104 
0.961592 0.334965 0.205399 
0.342640 0.903964 0.223496 
0.691998 0.251962 0.599533 
0.119619 0.552289 0.820669 
0.672709 0.629325 0.157298 
0.748581 0.044853 0.626691 
0.755147 0.846679 0.035202 
0.714619 0.044141 0.530914 
0.731189 0.440568 0.555014 
0.643431 0.476834 0.591594 
0.635845 0.548484 0.169541 
0.066772 0.582184 0.883010 
0.363278 0.728004 0.300691 
0.292926 0.571730 0.761905 
0.587596 0.126899 0.904215 
0.575150 0.142624 0.870532 
0.196508 0.534359 0.803968 
0.591313 0.297976 0.618833 
0.410158 0.721707 0.521278 
0.669081 0.613241 0.158103 
0.448881 0.844191 0.252883 
0.728923 0.000322 0.686742 
0.791663 0.764862 0.217196 
0.433156 0.658508 0.254376 
0.119797 0.664379 0.491868 
0.288771 0.833450 0.307644 
0.939393 0.371360 0.108722 
0.479511 0.768392 0.132978 
0.623324 0.205054 0.701404 
0.851296 0.538196 0.186183 
0.203676 0.291898 0.911071 
0.007919 0.460914 0.904321 
0.492870 0.859070 0.295385 
0.256529 0.440362 0.826038 
0.714556 0.822931 0.054410 
0.501488 0.568680 0.301426 
0.366512 0.877064 0.017282 
0.279612 0.746509 0.393790 
0.530911 0.262387 0.667738 
0.425150 0.656525 0.496636 
0.914802 0.385078 0.018217 
0.737046 0.073958 0.662770 
0.422425 0.615702 0.419668 
0.587509 0.945504 0.220694 
0.715668 0.474749 0.458684 
0.409119 0.447521 0.757663 
0.269665 0.680840 0.404825 
0.570547 0.491227 0.279351 
0.595380 0.501124 0.339563 
0.253116 0.798770 0.510347 
0.442114 0.627532 0.298917 
0.449794 0.805451 0.253184 
0.880881 0.474493 0.164881 
0.286493 0.919210 0.220120 
0.761054 0.099908 0.636357 
0.678819 0.402682 0.348407 
0.779724 0.503370 0.463839 
0.685032 0.518363 0.580166 
0.667759 0.740119 0.064099 
0.901692 0.648121 0.082126 
0.255061 0.359539 0.684293 
0.113186 0.747810 0.624919 
0.148685 0.356141 0.868174 
0.706961 0.583958 0.084458 
0.869540 0.430447 0.101385 
0.340750 0.291354 0.884764 
0.594791 0.276774 0.369641 
0.597278 0.779913 0.020051 
0.531989 0.932765 0.151300 
0.495839 0.245991 0.999440 
0.745226 0.002615 0.547361 
0.538777 0.649769 0.178048 
0.156158 0.761302 0.446003 
0.294704 0.810313 0.331134 
0.350219 0.787716 0.497505 
0.173254 0.552891 0.909819 
0.321265 0.109947 0.953022 
0.752422 0.384113 0.284525 
0.431557 0.741095 0.256526 
0.431435 0.844946 0.172736 
0.678799 0.438684 0.239514 
0.649932 0.145224 0.846316 
0.750201 0.038091 0.914894 
0.596945 0.545122 0.290672 
0.496448 0.980449 0.166131 
0.086854 0.661377 0.877980 
0.314180 0.262394 0.747531 
0.508487 0.740264 0.299573 
0.620066 0.554751 0.337828 
0.547008 0.490946 0.313349 
0.479658 0.647316 0.461847 
0.509598 0.632638 0.437139 
0.533563 0.263715 0.740426 
0.514673 0.982683 0.152360 
0.338943 0.381064 0.659624 
0.342286 0.549583 0.669605 
0.765852 0.153163 0.621460 
0.482368 0.787135 0.354804 
0.470542 0.631912 0.201451 
0.907479 0.339654 0.038017 
0.963361 0.179235 0.373165 
0.532294 0.565558 0.324020 
0.403872 0.679590 0.459880 
0.109203 0.375440 0.846429 
0.970871 0.607021 0.036555 
0.699767 0.587547 0.181517 
0.786293 0.574506 0.292562 
0.500985 0.274356 0.590177 
0.796923 0.363271 0.142925 
0.441121 0.113925 0.939697 
0.710454 0.164530 0.506514 
