2000 3
0.692029 0.430839 0.514774 
0.710915 0.658629 0.628767 
0.393560 0.509928 0.539707 
0.508616 0.561235 0.464724 
0.509298 0.600095 0.557526 
0.539958 0.671387 0.725336 
0.261983 0.235988 0.109733 
0.288331 0.432482 0.338426 
0.481688 0.471809 0.636547 
0.695098 0.430715 0.233970 
0.632921 0.604067 0.383541 
0.778468 0.683633 0.544927 
0.689741 0.326072 0.604374 
0.663110 0.516861 0.670424 
0.177378 0.252300 0.196884 
0.703297 0.699205 0.695537 
0.682668 0.476725 0.425982 
0.832267 0.854724 0.826320 
0.499855 0.398203 0.247458 
0.574738 0.384334 0.650950 
0.395939 0.561909 0.765292 
0.344606 0.416968 0.309209 
0.516667 0.709149 0.490774 
0.550723 0.550549 0.452567 
0.402407 0.476556 0.566123 
0.673112 0.548031 0.641279 
0.607601 0.597904 0.351730 
0.340159 0.508215 0.189386 
0.570506 0.625088 0.749557 
0.680466 0.528803 0.651255 
0.444946 0.193138 0.510828 
0.811247 0.900414 0.779984 
0.430495 0.269504 0.287758 
0.293991 0.659388 0.498039 
0.755529 0.704136 0.683349 
0.423667 0.529742 0.605572 
0.544570 0.380186 0.566976 
0.499181 0.675455 0.418571 
0.726072 0.723932 0.771520 
0.803802 0.754849 0.700561 
0.707543 0.735716 0.754776 
0.877158 0.853354 0.830045 
0.577817 0.271003 0.370209 
0.627925 0.555763 0.534159 
0.106572 0.110942 0.126620 
0.413300 0.216190 0.195852 
0.456201 0.484651 0.340972 
0.638670 0.481391 0.380127 
0.502044 0.427711 0.570490 
0.454945 0.489261 0.277949 
0.700096 0.604276 0.576413 
0.275460 0.091282 0.241466 
0.335303 0.763605 0.518234 
0.529167 0.446008 0.703421 
0.509185 0.408623 0.231383 
0.710911 0.530956 0.277492 
0.782273 0.791518 0.863689 
0.470747 0.282468 0.461298 
0.640124 0.361311 0.529590 
0.817291 0.805995 0.812241 
0.387036 0.103333 0.437885 
0.686801 0.703783 0.544849 
0.617397 0.490402 0.473567 
0.266806 0.341899 0.144818 
0.549321 0.494348 0.474821 
0.577475 0.768761 0.620281 
0.642307 0.607274 0.577644 
0.438323 0.557662 0.443856 
0.924420 0.863775 0.844304 
0.688875 0.623392 0.561223 
0.534598 0.822272 0.670296 
0.885861 0.521015 0.552674 
0.396729 0.365417 0.388592 
0.201382 0.112043 0.203013 
0.665656 0.368270 0.457222 
0.288070 0.432749 0.739888 
0.666145 0.841686 0.669450 
0.480118 0.290558 0.396565 
0.774887 0.798186 0.773505 
0.663920 0.664144 0.534826 
0.591813 0.743770 0.550692 
0.339721 0.179417 0.228620 
0.614089 0.716266 0.614076 
0.558049 0.436785 0.367555 
0.264337 0.666007 0.606053 
0.368904 0.598286 0.283568 
0.545784 0.509808 0.538681 
0.433133 0.267654 0.494359 
0.852325 0.855135 0.796985 
0.459745 0.536901 0.486786 
0.366493 0.675822 0.522503 
0.842319 0.833450 0.800192 
0.413936 0.279942 0.624127 
0.405580 0.354521 0.310730 
0.281396 0.162032 0.326276 
0.273966 0.305453 0.216931 
0.647926 0.844617 0.340600 
0.226403 0.371796 0.445936 
0.281394 0.275390 0.265184 
0.385747 0.337408 0.400719 
0.335251 0.572032 0.351480 
0.366129 0.406549 0.516628 
0.186489 0.341735 0.759182 
0.228685 0.432526 0.378387 
0.481600 0.748594 0.430537 
0.579351 0.665798 0.490330 
0.142661 0.156782 0.137429 
0.452611 0.469845 0.554825 
0.699312 0.697730 0.753417 
0.651633 0.479856 0.487300 
0.718479 0.734878 0.742215 
0.487061 0.690823 0.588430 
0.290418 0.291031 0.317777 
0.595379 0.654640 0.633983 
0.708621 0.744174 0.812715 
0.748526 0.709075 0.806697 
0.474649 0.550850 0.614886 
0.472415 0.420970 0.568500 
0.365446 0.514780 0.395100 
0.300663 0.160651 0.108507 
0.633425 0.574832 0.443065 
0.669340 0.565760 0.500070 
0.536753 0.515924 0.630816 
0.430966 0.447419 0.304687 
0.522524 0.239407 0.589362 
0.603259 0.484925 0.565493 
0.490698 0.687982 0.398977 
0.273323 0.375033 0.575419 
0.262516 0.316522 0.191673 
0.383345 0.164552 0.224560 
0.195193 0.359988 0.397127 
0.667464 0.411685 0.515050 
0.672854 0.567919 0.693494 
0.275620 0.261837 0.371261 
0.246244 0.360144 0.163127 
0.632185 0.406337 0.519952 
0.249953 0.395341 0.356959 
0.242315 0.456767 0.379923 
0.913499 0.940294 0.885226 
0.566887 0.478416 0.308188 
0.770209 0.659385 0.587874 
0.340668 0.429026 0.621423 
0.526697 0.687412 0.773084 
0.475661 0.434243 0.462912 
0.472479 0.657981 0.253773 
0.371175 0.363919 0.418699 
0.567519 0.428880 0.550625 
0.795343 0.817073 0.765909 
0.253424 0.427410 0.324777 
0.698078 0.809656 0.728376 
0.279996 0.515681 0.323569 
0.497389 0.433464 0.661028 
0.326528 0.441990 0.562686 
0.407371 0.256035 0.349745 
0.347437 0.548307 0.346348 
0.479107 0.190748 0.297529 
0.550694 0.633140 0.477226 
0.495725 0.801750 0.242919 
0.301141 0.289331 0.399509 
0.542543 0.650438 0.630594 
0.499044 0.634646 0.427385 
0.769413 0.810961 0.716747 
0.529984 0.702161 0.519107 
0.730364 0.528756 0.429499 
0.570170 0.518077 0.280770 
0.699757 0.475793 0.779330 
0.396989 0.514704 0.604761 
0.371269 0.611287 0.661369 
0.375534 0.389302 0.390920 
0.735746 0.611610 0.737184 
0.475551 0.656594 0.483688 
0.317534 0.339371 0.258901 
0.567157 0.698440 0.544253 
0.495408 0.779723 0.791969 
0.593618 0.369165 0.599640 
0.487598 0.266721 0.712467 
0.592719 0.685040 0.675640 
0.543013 0.614649 0.372130 
0.673435 0.796048 0.762589 
0.690953 0.380223 0.534402 
0.732117 0.587560 0.383146 
0.461045 0.495984 0.385736 
0.351621 0.508485 0.505172 
0.723411 0.871108 0.841699 
0.716505 0.735089 0.771862 
0.363026 0.462893 0.645593 
0.119515 0.128379 0.103315 
0.621017 0.542931 0.553303 
0.538932 0.223542 0.355263 
0.598934 0.469013 0.705353 
0.192793 0.198648 0.175615 
0.562963 0.572993 0.551279 
0.202875 0.287367 0.222437 
0.777763 0.561767 0.685928 
0.249735 0.209290 0.246896 
0.607106 0.403521 0.454407 
0.713918 0.486447 0.678862 
0.698615 0.478752 0.645845 
0.589097 0.647152 0.614683 
0.852417 0.699326 0.742507 
0.603695 0.239140 0.431117 
0.423255 0.480863 0.630070 
0.084873 0.281016 0.227283 
0.816884 0.829799 0.835086 
0.361304 0.340415 0.285159 
0.562435 0.747387 0.535063 
0.234203 0.295815 0.229624 
0.756663 0.494027 0.658690 
0.230455 0.169359 0.137216 
0.430053 0.313076 0.165262 
0.726583 0.310181 0.499896 
0.350645 0.697771 0.481242 
0.205536 0.515879 0.438925 
0.274325 0.214560 0.180944 
0.666741 0.624446 0.662412 
0.601249 0.689334 0.767404 
0.699705 0.555466 0.557021 
0.371027 0.416844 0.548526 
0.296179 0.291640 0.244522 
0.518746 0.586616 0.769507 
0.623764 0.727549 0.739585 
0.247369 0.336136 0.188259 
0.553879 0.666609 0.661913 
0.393421 0.431374 0.390192 
0.673473 0.689592 0.611206 
0.563853 0.288093 0.485651 
0.305365 0.444089 0.360814 
0.280837 0.406919 0.440555 
0.060699 0.103225 0.054799 
0.361251 0.433750 0.462874 
0.660380 0.357770 0.459548 
0.740324 0.602364 0.689959 
0.494867 0.638843 0.682660 
0.175668 0.256642 0.238918 
0.659336 0.597179 0.651306 
0.618119 0.599168 0.443448 
0.552036 0.590176 0.838075 
0.442823 0.487045 0.447201 
0.361332 0.295691 0.545816 
0.397765 0.419990 0.806162 
0.360436 0.353703 0.338100 
0.817221 0.255356 0.408777 
0.239095 0.471280 0.478726 
0.447542 0.475021 0.420060 
0.510458 0.712342 0.564684 
0.374952 0.360225 0.177962 
0.564566 0.524923 0.656781 
0.567899 0.512148 0.223324 
0.145494 0.115963 0.148391 
0.337901 0.355282 0.334501 
0.355301 0.652894 0.546095 
0.788048 0.629727 0.546697 
0.562519 0.392924 0.340514 
0.855581 0.785222 0.771625 
0.159268 0.156990 0.141487 
0.614828 0.467626 0.538423 
0.547555 0.723415 0.716848 
0.537972 0.301318 0.448652 
0.769633 0.540052 0.270858 
0.422827 0.317150 0.377059 
0.656273 0.460314 0.642677 
0.595236 0.668529 0.694419 
0.227182 0.094666 0.185766 
0.317760 0.322842 0.297790 
0.305820 0.484244 0.607307 
0.390520 0.536884 0.459937 
0.795411 0.624849 0.725798 
0.688868 0.744609 0.738849 
0.260208 0.421354 0.235211 
0.793895 0.860886 0.784043 
0.573580 0.317870 0.474478 
0.107352 0.270759 0.136911 
0.494203 0.379678 0.724271 
0.509257 0.529073 0.562922 
0.667316 0.207187 0.539508 
0.345301 0.375653 0.321496 
0.447326 0.597499 0.190393 
0.441483 0.253402 0.478388 
0.597969 0.691586 0.695765 
0.880066 0.850902 0.878312 
0.807455 0.677924 0.791414 
0.623973 0.762522 0.557486 
0.640246 0.588480 0.593521 
0.441164 0.367617 0.321290 
0.536135 0.444504 0.442993 
0.599542 0.709642 0.810213 
0.364532 0.496530 0.406993 
0.590073 0.739626 0.493297 
0.578453 0.655512 0.614409 
0.463299 0.601639 0.657989 
0.669762 0.677921 0.586880 
0.557107 0.596359 0.587310 
0.704737 0.643378 0.721106 
0.595502 0.370912 0.551636 
0.376876 0.297084 0.539026 
0.711265 0.711259 0.749960 
0.724897 0.792768 0.841707 
0.375966 0.472558 0.441880 
0.659263 0.770176 0.711867 
0.393274 0.257704 0.441409 
0.277000 0.354536 0.543974 
0.600798 0.658363 0.645759 
0.509536 0.626748 0.520242 
0.311312 0.270347 0.202588 
0.093912 0.086320 0.090519 
0.603726 0.584751 0.584337 
0.522942 0.766363 0.734664 
0.794788 0.753394 0.712731 
0.322064 0.413056 0.195542 
0.428667 0.781913 0.465528 
0.689216 0.810120 0.635903 
0.432239 0.325081 0.641220 
0.317256 0.359043 0.265266 
0.592813 0.585871 0.638425 
0.689496 0.703564 0.387810 
0.578296 0.731847 0.775229 
0.703812 0.708804 0.738249 
0.450834 0.383743 0.573704 
0.149488 0.367534 0.358541 
0.442792 0.294632 0.742555 
0.440047 0.225579 0.251514 
0.641019 0.488502 0.662612 
0.780284 0.814863 0.729139 
0.136589 0.140298 0.093495 
0.261795 0.166164 0.228121 
0.104520 0.245425 0.279241 
0.738356 0.525494 0.723496 
0.234747 0.384052 0.394660 
0.272264 0.318647 0.262583 
0.303600 0.312748 0.305481 
0.349257 0.322306 0.426798 
0.261628 0.216077 0.133242 
0.307191 0.256972 0.591449 
0.471647 0.428380 0.663696 
0.254947 0.175827 0.124727 
0.656345 0.519593 0.569866 
0.840067 0.696062 0.728972 
0.382310 0.160785 0.467490 
0.388227 0.256015 0.135577 
0.758934 0.756533 0.819693 
0.696357 0.632704 0.614851 
0.154742 0.324073 0.344469 
0.391837 0.601020 0.628386 
0.654361 0.395756 0.461775 
0.462716 0.449943 0.602499 
0.485213 0.576417 0.398223 
0.516997 0.539018 0.538428 
0.533081 0.736283 0.538908 
0.480468 0.383089 0.603104 
0.375100 0.653935 0.451497 
0.270291 0.482408 0.707801 
0.622863 0.390348 0.683824 
0.523375 0.507612 0.447739 
0.470877 0.375420 0.216147 
0.601549 0.413547 0.457301 
0.264170 0.540346 0.477719 
0.512574 0.520846 0.810452 
0.429960 0.459626 0.329846 
0.838163 0.549458 0.700858 
0.575081 0.400234 0.518937 
0.294461 0.297622 0.347359 
0.186484 0.172328 0.200869 
0.229861 0.669690 0.452751 
0.793964 0.738188 0.683763 
0.770642 0.646499 0.668035 
0.357788 0.542129 0.200852 
0.542983 0.393784 0.342780 
0.415479 0.275579 0.544209 
0.271463 0.149255 0.316512 
0.604499 0.591782 0.548727 
0.590698 0.556388 0.364233 
0.293255 0.568508 0.714158 
0.648224 0.787355 0.617335 
0.755943 0.824779 0.697381 
0.595446 0.358253 0.636256 
0.075737 0.109268 0.129172 
0.120063 0.249084 0.280409 
0.416444 0.367763 0.481715 
0.761139 0.815284 0.714022 
0.216841 0.372201 0.406064 
0.644404 0.738034 0.728813 
0.260050 0.354775 0.215662 
0.972737 0.930188 0.913021 
0.422797 0.552811 0.416327 
0.549916 0.590869 0.781253 
0.216935 0.289840 0.334295 
0.471541 0.452069 0.510715 
0.699624 0.743465 0.578372 
0.625959 0.646067 0.560395 
0.607087 0.593772 0.691299 
0.424272 0.395083 0.304276 
0.569291 0.504812 0.544868 
0.438729 0.471381 0.403495 
0.345047 0.216965 0.285090 
0.331325 0.383864 0.409814 
0.591795 0.701840 0.607833 
0.703140 0.698435 0.709733 
0.504704 0.528189 0.637871 
0.318857 0.335173 0.212424 
0.403792 0.470978 0.855081 
0.216517 0.280997 0.213366 
0.344266 0.471808 0.188563 
0.451175 0.307242 0.327580 
0.200466 0.280891 0.311986 
0.782548 0.814789 0.748285 
0.479846 0.484932 0.447647 
0.769054 0.628933 0.696663 
0.401003 0.312405 0.364786 
0.344050 0.489903 0.238694 
0.805000 0.772552 0.676874 
0.648870 0.563746 0.820706 
0.226454 0.204411 0.255453 
0.234093 0.478726 0.187222 
0.695859 0.628863 0.626613 
0.558852 0.542005 0.550367 
0.319168 0.308535 0.209076 
0.273896 0.564000 0.482916 
0.489365 0.345959 0.410765 
0.799633 0.799028 0.819045 
0.529208 0.624645 0.756717 
0.342460 0.519898 0.286669 
0.806179 0.711573 0.768023 
0.354825 0.358931 0.289194 
0.433914 0.677594 0.526926 
0.679448 0.541344 0.398412 
0.659467 0.695960 0.421474 
0.447746 0.409012 0.577148 
0.506773 0.364943 0.393113 
0.635643 0.615447 0.453809 
0.522559 0.332001 0.578785 
0.524307 0.736541 0.493895 
0.376198 0.625709 0.565340 
0.784391 0.812523 0.852587 
0.449739 0.481639 0.403679 
0.135059 0.199652 0.137360 
0.592213 0.417627 0.416093 
0.784551 0.869287 0.718530 
0.296965 0.346588 0.389751 
0.520158 0.365888 0.464890 
0.331943 0.263269 0.653974 
0.511466 0.809743 0.669696 
0.668323 0.774896 0.733447 
0.337724 0.444128 0.494756 
0.251377 0.239504 0.419840 
0.439109 0.223135 0.323724 
0.360167 0.445287 0.427677 
0.235344 0.173550 0.166206 
0.373359 0.738178 0.647018 
0.632692 0.728708 0.848794 
0.493121 0.752030 0.772658 
0.538475 0.554155 0.542399 
0.386668 0.538729 0.464104 
0.775270 0.753816 0.642908 
0.446150 0.697337 0.385878 
0.648061 0.631265 0.673522 
0.753962 0.576796 0.685916 
0.499101 0.429949 0.414398 
0.261772 0.505497 0.406398 
0.802880 0.737429 0.751624 
0.329658 0.322188 0.455267 
0.420084 0.472321 0.322235 
0.768675 0.629709 0.840405 
0.234638 0.253083 0.246778 
0.319619 0.285531 0.146401 
0.360865 0.294899 0.269072 
0.373696 0.391621 0.691061 
0.531266 0.709411 0.201831 
0.506122 0.689698 0.479179 
0.497984 0.162665 0.491004 
0.444179 0.468493 0.276359 
0.548285 0.631293 0.440343 
0.246041 0.266609 0.255884 
0.790030 0.889415 0.776487 
0.620307 0.206709 0.307880 
0.546487 0.726810 0.464261 
0.612696 0.417057 0.309526 
0.442030 0.324732 0.287134 
0.649612 0.534097 0.428382 
0.202805 0.192732 0.467612 
0.431930 0.253303 0.447490 
0.357198 0.407312 0.214895 
0.363329 0.552157 0.347403 
0.543640 0.362415 0.393239 
0.463546 0.701082 0.657352 
0.599707 0.648466 0.649248 
0.806861 0.764066 0.730812 
0.365568 0.524390 0.434435 
0.448358 0.507843 0.392568 
0.548472 0.364465 0.560026 
0.377987 0.652220 0.681047 
0.704656 0.712487 0.787590 
0.316793 0.379753 0.353735 
0.745160 0.742567 0.816622 
0.214191 0.210868 0.171332 
0.529342 0.600713 0.631164 
0.438626 0.231530 0.302133 
0.552635 0.752271 0.657111 
0.149346 0.352362 0.604032 
0.400135 0.407541 0.752733 
0.767393 0.824247 0.835396 
0.343630 0.468695 0.487122 
0.176740 0.228914 0.266893 
0.205560 0.244680 0.213777 
0.744436 0.704295 0.813577 
0.821566 0.816618 0.789027 
0.531096 0.520633 0.494220 
0.560016 0.601710 0.670102 
0.372167 0.636073 0.358876 
0.305846 0.522726 0.819975 
0.643048 0.554399 0.530727 
0.506357 0.302217 0.294576 
0.452155 0.512124 0.607494 
0.311273 0.226920 0.153495 
0.431279 0.690475 0.645278 
0.354314 0.265781 0.188224 
0.590797 0.492087 0.614817 
0.347552 0.648196 0.526660 
0.511713 0.461395 0.608285 
0.875502 0.722823 0.737632 
0.433293 0.612981 0.385747 
0.525041 0.632943 0.759772 
0.448391 0.310514 0.414779 
0.417743 0.206303 0.287602 
0.202931 0.244599 0.273872 
0.519193 0.577993 0.214016 
0.300176 0.672566 0.513006 
0.361931 0.418492 0.342277 
0.540619 0.473792 0.530892 
0.659478 0.501740 0.557696 
0.819501 0.777029 0.778070 
0.616264 0.646142 0.590018 
0.414276 0.456029 0.411651 
0.487968 0.259750 0.257759 
0.958805 0.964746 0.954470 
0.691050 0.653854 0.487102 
0.203361 0.617187 0.518576 
0.032509 0.213020 0.277793 
0.438357 0.516370 0.386885 
0.499950 0.456502 0.721078 
0.481511 0.486056 0.617316 
0.552384 0.620577 0.681523 
0.552393 0.608503 0.656640 
0.654088 0.599176 0.598965 
0.330726 0.436056 0.388565 
0.690028 0.854223 0.670473 
0.421193 0.299958 0.285057 
0.194418 0.683265 0.659054 
0.630395 0.616285 0.529785 
0.460903 0.372219 0.395738 
0.533767 0.458429 0.654169 
0.326676 0.196191 0.384257 
0.616945 0.748524 0.785985 
0.700111 0.475047 0.651717 
0.658631 0.638830 0.559176 
0.540080 0.554336 0.524006 
0.503953 0.584768 0.611894 
0.828731 0.497424 0.416609 
0.523109 0.353617 0.590942 
0.386074 0.487426 0.559298 
0.394043 0.338881 0.510888 
0.288626 0.413425 0.395809 
0.638570 0.783521 0.638782 
0.176235 0.308129 0.299845 
0.425299 0.361476 0.417158 
0.748397 0.538493 0.704895 
0.696628 0.745684 0.702585 
0.459301 0.367925 0.185416 
0.274273 0.634384 0.762912 
0.514073 0.415167 0.389160 
0.242849 0.229651 0.484388 
0.664694 0.580585 0.643411 
0.630138 0.660472 0.589852 
0.404348 0.372395 0.267751 
0.610280 0.628945 0.642133 
0.393596 0.485624 0.386409 
0.573651 0.305070 0.624647 
0.410387 0.295540 0.387881 
0.508123 0.694797 0.633458 
0.786494 0.637348 0.640067 
0.365770 0.281623 0.317599 
0.580527 0.420454 0.437858 
0.323203 0.528949 0.619354 
0.620737 0.706198 0.819593 
0.584237 0.641607 0.583462 
0.588013 0.585671 0.578043 
0.942337 0.854686 0.857794 
0.749063 0.721551 0.606524 
0.418195 0.361836 0.381605 
0.246350 0.233943 0.220678 
0.326300 0.189465 0.596500 
0.336195 0.622362 0.473640 
0.615483 0.557756 0.500841 
0.572732 0.645708 0.852797 
0.622180 0.722949 0.578661 
0.386431 0.328296 0.420685 
0.361758 0.576477 0.579102 
0.096480 0.091488 0.113774 
0.764050 0.369966 0.476653 
0.244003 0.510822 0.569989 
0.680222 0.477233 0.809065 
0.487568 0.226645 0.809662 
0.260726 0.527620 0.271783 
0.483005 0.533246 0.340154 
0.441234 0.756342 0.730713 
0.326042 0.560188 0.261467 
0.397635 0.496939 0.461079 
0.315607 0.262204 0.415095 
0.118932 0.081489 0.115577 
0.769021 0.472327 0.361303 
0.349709 0.456038 0.356292 
0.757052 0.865916 0.484409 
0.624715 0.441229 0.704489 
0.694283 0.731233 0.931891 
0.223079 0.213912 0.197901 
0.416925 0.418784 0.443112 
0.584421 0.277980 0.284767 
0.548995 0.627142 0.418230 
0.637889 0.660483 0.541929 
0.629049 0.499016 0.636281 
0.699067 0.659464 0.730015 
0.287125 0.294930 0.463866 
0.661425 0.730204 0.652035 
0.741578 0.478053 0.544911 
0.345459 0.475168 0.317064 
0.175857 0.082894 0.188765 
0.522946 0.547723 0.553452 
0.519953 0.472414 0.480805 
0.368632 0.298073 0.381466 
0.544399 0.584995 0.503206 
0.602813 0.464835 0.669681 
0.566725 0.653052 0.726402 
0.881830 0.751700 0.773551 
0.725019 0.447610 0.364192 
0.457207 0.357446 0.451934 
0.301729 0.357553 0.191060 
0.525184 0.552684 0.577903 
0.083820 0.059655 0.043891 
0.566048 0.658530 0.843732 
0.449154 0.493467 0.210658 
0.251183 0.427201 0.380842 
0.235801 0.495457 0.114403 
0.507607 0.546344 0.763022 
0.506571 0.347900 0.288600 
0.168473 0.137348 0.156452 
0.347800 0.215527 0.506989 
0.408325 0.552245 0.420525 
0.330808 0.345738 0.395111 
0.390379 0.303449 0.235969 
0.686192 0.675089 0.693731 
0.613050 0.595840 0.616667 
0.397569 0.477378 0.330802 
0.493230 0.289239 0.580289 
0.424170 0.468604 0.364694 
0.614160 0.730940 0.720288 
0.398554 0.629300 0.219934 
0.086483 0.117715 0.104204 
0.171906 0.199203 0.103628 
0.269095 0.229702 0.340052 
0.300964 0.637628 0.317818 
0.338802 0.557639 0.477965 
0.330620 0.404738 0.628721 
0.608584 0.585815 0.561093 
0.553140 0.693959 0.646495 
0.534791 0.319108 0.683546 
0.230039 0.347199 0.227961 
0.693840 0.812360 0.692601 
0.500549 0.563796 0.598864 
0.371056 0.342382 0.332725 
0.557535 0.333245 0.324142 
0.650672 0.456694 0.777944 
0.581599 0.497015 0.801094 
0.750820 0.777048 0.527614 
0.710178 0.467583 0.442607 
0.322926 0.514312 0.448099 
0.414355 0.536260 0.424837 
0.374530 0.399655 0.438035 
0.509993 0.699182 0.556021 
0.670002 0.622748 0.675294 
0.376562 0.412882 0.287053 
0.554975 0.321563 0.564493 
0.509240 0.667050 0.627793 
0.831897 0.641934 0.759731 
0.469705 0.603466 0.633152 
0.340118 0.353289 0.275616 
0.395513 0.492087 0.360168 
0.376764 0.342694 0.256091 
0.761658 0.704965 0.837604 
0.384655 0.366316 0.380436 
0.243467 0.511956 0.508149 
0.739658 0.552934 0.586663 
0.772701 0.686126 0.781940 
0.610580 0.323637 0.538691 
0.383475 0.338286 0.409263 
0.434836 0.260013 0.237886 
0.677768 0.784751 0.820386 
0.588982 0.647039 0.766273 
0.327701 0.280811 0.391117 
0.259505 0.286788 0.181552 
0.374564 0.578695 0.520804 
0.410755 0.450319 0.582598 
0.303693 0.510084 0.430356 
0.349159 0.558954 0.653991 
0.606192 0.806426 0.315243 
0.580209 0.293016 0.623660 
0.740136 0.450852 0.718365 
0.604527 0.550131 0.778834 
0.414574 0.247849 0.336164 
0.851607 0.744337 0.745114 
0.686800 0.617634 0.630131 
0.238742 0.270925 0.272365 
0.735372 0.439871 0.557953 
0.506605 0.448777 0.499784 
0.350920 0.418660 0.567913 
0.502360 0.316531 0.575898 
0.473776 0.477833 0.226551 
0.491401 0.662854 0.312809 
0.563452 0.752873 0.655351 
0.257266 0.426043 0.299484 
0.310602 0.518272 0.365226 
0.468557 0.584928 0.730106 
0.614831 0.638667 0.770634 
0.434355 0.249206 0.362609 
0.315512 0.430185 0.653540 
0.559539 0.430005 0.243136 
0.564738 0.528687 0.391190 
0.737928 0.699436 0.692252 
0.196591 0.428231 0.369585 
0.590282 0.607331 0.588851 
0.695263 0.787187 0.807554 
0.468348 0.277865 0.407647 
0.732403 0.691252 0.777033 
0.428459 0.259173 0.471756 
0.666642 0.637029 0.602173 
0.558632 0.667250 0.472465 
0.498264 0.429092 0.427538 
0.895822 0.925318 0.857071 
0.632907 0.686096 0.771930 
0.260534 0.395290 0.320894 
0.766549 0.625261 0.650295 
0.401297 0.393267 0.405500 
0.090916 0.201596 0.262165 
0.458532 0.381771 0.346917 
0.591890 0.658912 0.654830 
0.887995 0.906987 0.882964 
0.356375 0.344776 0.344473 
0.843132 0.717775 0.784443 
0.253683 0.433576 0.456599 
0.740584 0.798876 0.558400 
0.376120 0.612086 0.610450 
0.638632 0.775348 0.717163 
0.687043 0.491715 0.628323 
0.596675 0.556632 0.489952 
0.584752 0.652020 0.370397 
0.525383 0.792279 0.625474 
0.613601 0.644501 0.102352 
0.346619 0.230422 0.468023 
0.673854 0.794517 0.816678 
0.507359 0.508865 0.314080 
0.338745 0.758130 0.091300 
0.574041 0.558656 0.289413 
0.505987 0.542685 0.311850 
0.717364 0.618478 0.690021 
0.826508 0.448975 0.510920 
0.609022 0.796622 0.763151 
0.508906 0.515796 0.672866 
0.428088 0.531554 0.299578 
0.785554 0.621693 0.530524 
0.603284 0.505122 0.385950 
0.286201 0.171257 0.308471 
0.288075 0.176542 0.293643 
0.379155 0.278399 0.323676 
0.748880 0.664105 0.334204 
0.507737 0.549148 0.495324 
0.616856 0.778291 0.550848 
0.177591 0.743797 0.338636 
0.263734 0.790633 0.517649 
0.470483 0.585745 0.579905 
0.298072 0.476304 0.453495 
0.589851 0.478891 0.615838 
0.053997 0.061879 0.084363 
0.776446 0.500440 0.635490 
0.805887 0.798059 0.592042 
0.427711 0.709929 0.674343 
0.449871 0.588029 0.430709 
0.486214 0.657819 0.411539 
0.618181 0.766322 0.576528 
0.773193 0.660668 0.924586 
0.567388 0.653372 0.452550 
0.573960 0.327231 0.812565 
0.482430 0.611722 0.303711 
0.537767 0.834009 0.414768 
0.370191 0.287349 0.319801 
0.540271 0.534128 0.600056 
0.810949 0.856540 0.881303 
0.558411 0.174785 0.407694 
0.542425 0.545663 0.680945 
0.351353 0.329289 0.361073 
0.614607 0.401203 0.395992 
0.791317 0.838726 0.856241 
0.749127 0.601345 0.712459 
0.280086 0.672458 0.518225 
0.290662 0.185211 0.243975 
0.631141 0.463460 0.657145 
0.276242 0.486120 0.542953 
0.524556 0.669078 0.497179 
0.350458 0.292627 0.621683 
0.668987 0.396017 0.708921 
0.546108 0.390186 0.464470 
0.309643 0.163045 0.332095 
0.516290 0.703591 0.731691 
0.620744 0.474648 0.345275 
0.506445 0.583674 0.631665 
0.661891 0.466325 0.710437 
0.591874 0.689715 0.361060 
0.198844 0.253106 0.317919 
0.483623 0.600993 0.496113 
0.607979 0.481434 0.248481 
0.266468 0.291606 0.339798 
0.421726 0.327161 0.257301 
0.793886 0.737700 0.780324 
0.830507 0.799781 0.746746 
0.660976 0.527520 0.519215 
0.432917 0.318382 0.363909 
0.241090 0.589012 0.438803 
0.305205 0.286003 0.202841 
0.700147 0.538859 0.728285 
0.301430 0.177546 0.266037 
0.755972 0.863916 0.691017 
0.179785 0.130041 0.287403 
0.570900 0.483348 0.546890 
0.654766 0.661549 0.310132 
0.554043 0.723939 0.555238 
0.696667 0.739405 0.656978 
0.379507 0.468408 0.593284 
0.388282 0.502328 0.391731 
0.766196 0.644569 0.555304 
0.615182 0.694001 0.726615 
0.685038 0.821991 0.681151 
0.432588 0.197068 0.296959 
0.248529 0.267734 0.284637 
0.294700 0.514988 0.594152 
0.289869 0.291690 0.625622 
0.658081 0.387343 0.419999 
0.286909 0.507302 0.617658 
0.276452 0.474219 0.695080 
0.455534 0.725129 0.407108 
0.495888 0.692687 0.528647 
0.259045 0.348939 0.293169 
0.457788 0.641122 0.558977 
0.075712 0.093939 0.045358 
0.387470 0.445569 0.627564 
0.462579 0.553977 0.651005 
0.537178 0.522280 0.613259 
0.674155 0.354750 0.522706 
0.607133 0.693966 0.690578 
0.741605 0.600799 0.604671 
0.724991 0.690340 0.671852 
0.376659 0.304879 0.265818 
0.344984 0.404990 0.365289 
0.605620 0.537951 0.345081 
0.372667 0.549389 0.288304 
0.253737 0.253282 0.286640 
0.590282 0.629995 0.576493 
0.514164 0.621492 0.617506 
0.795236 0.856258 0.808858 
0.475475 0.410266 0.422946 
0.362826 0.351435 0.397765 
0.483873 0.745658 0.620094 
0.157941 0.105212 0.190525 
0.626539 0.403406 0.347526 
0.581001 0.622896 0.705081 
0.644688 0.754412 0.765508 
0.801884 0.530047 0.575342 
0.773012 0.676821 0.831095 
0.410091 0.409444 0.374589 
0.745526 0.847503 0.679743 
0.350581 0.424461 0.254114 
0.757291 0.649396 0.838332 
0.533143 0.586104 0.687536 
0.482336 0.418464 0.687391 
0.476450 0.363799 0.773589 
0.386193 0.251502 0.411071 
0.705753 0.714495 0.552640 
0.421341 0.416020 0.291007 
0.564704 0.396817 0.642824 
0.719959 0.644784 0.590352 
0.777784 0.729984 0.639068 
0.263458 0.356304 0.399112 
0.593603 0.528268 0.707571 
0.684098 0.792826 0.339101 
0.539960 0.258082 0.479383 
0.383424 0.586283 0.272055 
0.208856 0.568724 0.807007 
0.334603 0.310676 0.373908 
0.557202 0.583458 0.601566 
0.223372 0.683203 0.714563 
0.554264 0.674411 0.608506 
0.550445 0.506391 0.508032 
0.496090 0.664311 0.728784 
0.396227 0.382555 0.442999 
0.267213 0.533928 0.791225 
0.760380 0.813195 0.750596 
0.493544 0.587058 0.597471 
0.393865 0.429220 0.585881 
0.468742 0.505872 0.442070 
0.495754 0.548158 0.384830 
0.806627 0.823134 0.810167 
0.808819 0.790419 0.887278 
0.924987 0.860560 0.822661 
0.251917 0.512520 0.420385 
0.858233 0.472930 0.319987 
0.551043 0.654023 0.681507 
0.254834 0.370194 0.227667 
0.853936 0.810054 0.748784 
0.411893 0.396951 0.692021 
0.701313 0.802335 0.549841 
0.363699 0.376744 0.538064 
0.364148 0.322379 0.258572 
0.499501 0.645247 0.490649 
0.437725 0.549392 0.413359 
0.273673 0.811093 0.532237 
0.635180 0.674863 0.753977 
0.558000 0.383293 0.666096 
0.781315 0.804076 0.743179 
0.188467 0.187141 0.153706 
0.262593 0.296425 0.433460 
0.867352 0.801403 0.851714 
0.793277 0.885559 0.892163 
0.865216 0.895268 0.874727 
0.298555 0.154450 0.215653 
0.708173 0.468638 0.490736 
0.622496 0.666749 0.565420 
0.533198 0.341296 0.627109 
0.622180 0.706322 0.660081 
0.612842 0.538312 0.529903 
0.531518 0.546985 0.601356 
0.528896 0.472433 0.476004 
0.544902 0.731907 0.726326 
0.659360 0.452981 0.342922 
0.336463 0.301618 0.234662 
0.722817 0.368366 0.699521 
0.582254 0.558345 0.763468 
0.809658 0.787854 0.698959 
0.768565 0.616038 0.528314 
0.555870 0.592249 0.672821 
0.626230 0.465494 0.563655 
0.752289 0.661768 0.629470 
0.454874 0.379458 0.446643 
0.427930 0.351127 0.387135 
0.546164 0.320668 0.549011 
0.389536 0.351378 0.445340 
0.508325 0.528079 0.543211 
0.378204 0.275675 0.280720 
0.482422 0.542716 0.577841 
0.265853 0.227815 0.399638 
0.476119 0.478637 0.565789 
0.477000 0.596775 0.550564 
0.805500 0.866891 0.705585 
0.234915 0.239042 0.311023 
0.522413 0.578597 0.509911 
0.543930 0.832339 0.366055 
0.235943 0.264227 0.287633 
0.463656 0.522548 0.538688 
0.188598 0.466893 0.489941 
0.276346 0.378682 0.318389 
0.767537 0.722344 0.789185 
0.266430 0.530099 0.655337 
0.673657 0.900922 0.816009 
0.487319 0.307547 0.482414 
0.429968 0.290569 0.219884 
0.829864 0.643185 0.653827 
0.532501 0.355327 0.369428 
0.386356 0.600556 0.621008 
0.405220 0.472093 0.388477 
0.414608 0.515826 0.349184 
0.385464 0.637908 0.658642 
0.781805 0.820304 0.745792 
0.587515 0.583613 0.390132 
0.453203 0.534032 0.401442 
0.522043 0.376925 0.515517 
0.364975 0.547662 0.624606 
0.768140 0.832443 0.862424 
0.578252 0.699050 0.686365 
0.390661 0.494501 0.381703 
0.825965 0.849943 0.826623 
0.667910 0.475616 0.661454 
0.422097 0.526000 0.468732 
0.555834 0.505964 0.317794 
0.485464 0.640674 0.562307 
0.518742 0.208020 0.242299 
0.458014 0.321736 0.288705 
0.720545 0.487334 0.569891 
0.425318 0.358546 0.369950 
0.341022 0.244744 0.450096 
0.466535 0.373811 0.176430 
0.428655 0.164805 0.520768 
0.492741 0.616900 0.431034 
0.295911 0.592879 0.500758 
0.546648 0.658904 0.691821 
0.370162 0.619347 0.658170 
0.576868 0.416949 0.469817 
0.730422 0.741453 0.708578 
0.674302 0.506125 0.385435 
0.439724 0.418712 0.244130 
0.181984 0.305998 0.310863 
0.209839 0.355460 0.424659 
0.401727 0.775539 0.463051 
0.598844 0.640844 0.625881 
0.353463 0.244736 0.096434 
0.512695 0.605131 0.530215 
0.605787 0.645887 0.649884 
0.632798 0.797948 0.540764 
0.612683 0.683634 0.212254 
0.463977 0.460890 0.360539 
0.675536 0.584228 0.429109 
0.650863 0.372936 0.700262 
0.536081 0.506086 0.427841 
0.580550 0.692661 0.658869 
0.441904 0.431387 0.376781 
0.476075 0.592588 0.507871 
0.743872 0.856360 0.776554 
0.519164 0.633591 0.547932 
0.554117 0.627667 0.747945 
0.333193 0.292582 0.361659 
0.243349 0.223539 0.299916 
0.646267 0.558075 0.671416 
0.453464 0.475606 0.322110 
0.641058 0.616349 0.564502 
0.372816 0.579625 0.709222 
0.575592 0.367084 0.606654 
0.522623 0.584995 0.352026 
0.545427 0.484904 0.390155 
0.281208 0.508519 0.859546 
0.535947 0.770201 0.400405 
0.605730 0.583357 0.282395 
0.405325 0.696344 0.639474 
0.436013 0.525606 0.574372 
0.351298 0.359287 0.380512 
0.768084 0.936237 0.808579 
0.511422 0.317788 0.472423 
0.436315 0.164982 0.403293 
0.276483 0.782889 0.472043 
0.310178 0.279389 0.402267 
0.342158 0.541181 0.331778 
0.374440 0.397975 0.322581 
0.855190 0.879231 0.865144 
0.250026 0.272736 0.217122 
0.851708 0.902271 0.686316 
0.117837 0.199959 0.187001 
0.654201 0.615504 0.416051 
0.450177 0.411989 0.489177 
0.577584 0.564377 0.494773 
0.314257 0.180673 0.145240 
0.645050 0.478424 0.553422 
0.443702 0.522222 0.542325 
0.649615 0.473533 0.457645 
0.181513 0.266836 0.195602 
0.362934 0.416601 0.370585 
0.468016 0.459471 0.229881 
0.631819 0.480414 0.632440 
0.624112 0.558579 0.761066 
0.694633 0.692066 0.470524 
0.313095 0.753675 0.417217 
0.745415 0.781140 0.842647 
0.315650 0.540676 0.307995 
0.594970 0.404591 0.290690 
0.255541 0.215876 0.312662 
0.368683 0.316059 0.486557 
0.509851 0.746857 0.589436 
0.715922 0.671920 0.509905 
0.788074 0.895128 0.807205 
0.515942 0.338544 0.534148 
0.119187 0.227333 0.172366 
0.473568 0.270765 0.757487 
0.698089 0.843903 0.671530 
0.212164 0.666087 0.552245 
0.281775 0.211652 0.352316 
0.583967 0.274887 0.559265 
0.492121 0.340745 0.503127 
0.488259 0.358619 0.152761 
0.371187 0.397165 0.520751 
0.515567 0.466555 0.262205 
0.696832 0.836131 0.634855 
0.707371 0.627452 0.711796 
0.132268 0.135355 0.127391 
0.324788 0.475685 0.591478 
0.712006 0.224934 0.577429 
0.811347 0.833462 0.900622 
0.532922 0.656141 0.483057 
0.684858 0.458739 0.352074 
0.399710 0.377267 0.273045 
0.270358 0.443086 0.271293 
0.514138 0.675055 0.434680 
0.143523 0.381864 0.280984 
0.503164 0.326372 0.559540 
0.287582 0.304738 0.285478 
0.762264 0.812489 0.534615 
0.519033 0.695704 0.689325 
0.376591 0.495845 0.492843 
0.501603 0.557938 0.443103 
0.255120 0.250779 0.271242 
0.456817 0.428008 0.341915 
0.319694 0.399229 0.365718 
0.674747 0.577221 0.590073 
0.358266 0.309806 0.400065 
0.272501 0.329161 0.640216 
0.286950 0.574377 0.370707 
0.761422 0.777483 0.771381 
0.459700 0.394754 0.129179 
0.521974 0.634688 0.475065 
0.356957 0.186078 0.344158 
0.180953 0.156608 0.316801 
0.831041 0.626954 0.652353 
0.308973 0.334644 0.393916 
0.505465 0.690720 0.410690 
0.323900 0.532954 0.463052 
0.413282 0.429522 0.370320 
0.591099 0.607262 0.648507 
0.282143 0.261372 0.371575 
0.611088 0.363472 0.328601 
0.455868 0.616903 0.469031 
0.254486 0.296666 0.297837 
0.405010 0.379565 0.205579 
0.515262 0.453462 0.519867 
0.498065 0.655551 0.477038 
0.413266 0.578481 0.452399 
0.824815 0.810909 0.857500 
0.358316 0.423073 0.290147 
0.607229 0.598509 0.623613 
0.724554 0.700521 0.778584 
0.382281 0.392159 0.238305 
0.849651 0.908218 0.853788 
0.836502 0.708695 0.780739 
0.668393 0.595563 0.455162 
0.439846 0.456382 0.370510 
0.178843 0.352808 0.345669 
0.521355 0.565460 0.164888 
0.816520 0.695712 0.797548 
0.100647 0.351054 0.268336 
0.427583 0.828211 0.504975 
0.158357 0.234860 0.227841 
0.662799 0.797306 0.709931 
0.590096 0.400217 0.553531 
0.403060 0.318781 0.369173 
0.179052 0.193929 0.174508 
0.583829 0.599388 0.581152 
0.755661 0.708839 0.782307 
0.488482 0.631251 0.390075 
0.764659 0.742494 0.672157 
0.791624 0.823338 0.790468 
0.175157 0.206065 0.217360 
0.750350 0.838571 0.800069 
0.591721 0.559698 0.793397 
0.740973 0.748232 0.652555 
0.221219 0.377379 0.385452 
0.351540 0.421906 0.543065 
0.580438 0.577829 0.539147 
0.381057 0.297316 0.397461 
0.515913 0.373866 0.389146 
0.633862 0.607368 0.693276 
0.408320 0.295982 0.490160 
0.591109 0.421615 0.646986 
0.232400 0.271665 0.338753 
0.514012 0.382550 0.428122 
0.219520 0.333508 0.253390 
0.476163 0.557347 0.446888 
0.358394 0.584052 0.746733 
0.336345 0.482167 0.301118 
0.827010 0.752462 0.666665 
0.320454 0.421520 0.730074 
0.390824 0.259216 0.232280 
0.341456 0.510932 0.509235 
0.804131 0.394951 0.421460 
0.511141 0.470924 0.456175 
0.703411 0.683776 0.802368 
0.270013 0.406860 0.282022 
0.702850 0.594094 0.600667 
0.453124 0.497645 0.543820 
0.725649 0.419713 0.449799 
0.484172 0.362071 0.427345 
0.693136 0.647715 0.669007 
0.256995 0.447106 0.217704 
0.695884 0.269185 0.624824 
0.391712 0.366056 0.330569 
0.925880 0.915861 0.964210 
0.564808 0.586125 0.397576 
0.779389 0.558341 0.768808 
0.199007 0.269674 0.086523 
0.211128 0.352594 0.318642 
0.656666 0.485935 0.548373 
0.773228 0.401365 0.416285 
0.367235 0.142533 0.286916 
0.310123 0.187264 0.370581 
0.428859 0.302318 0.553220 
0.314503 0.536970 0.768912 
0.278378 0.175677 0.306657 
0.754285 0.501464 0.679638 
0.690966 0.695847 0.666754 
0.507651 0.403301 0.084187 
0.465757 0.485670 0.478092 
0.754937 0.809071 0.701091 
0.286131 0.547646 0.534640 
0.838377 0.725042 0.571689 
0.316196 0.528447 0.672730 
0.698060 0.724980 0.704991 
0.732370 0.727850 0.654664 
0.331901 0.634774 0.218486 
0.603922 0.380240 0.353411 
0.451161 0.409173 0.686237 
0.519590 0.340756 0.454867 
0.360652 0.393395 0.470435 
0.440373 0.607508 0.251275 
0.625807 0.583475 0.314026 
0.398389 0.308505 0.453647 
0.079743 0.072749 0.049067 
0.561642 0.358625 0.562071 
0.470220 0.572884 0.763698 
0.712602 0.465306 0.741141 
0.503650 0.295626 0.621365 
0.601215 0.461049 0.295193 
0.721657 0.704320 0.583225 
0.714070 0.348244 0.136092 
0.665984 0.522808 0.399858 
0.716205 0.628931 0.344998 
0.221093 0.181577 0.123318 
0.787645 0.787384 0.657827 
0.371025 0.367585 0.412644 
0.347356 0.200789 0.300367 
0.886359 0.838476 0.865197 
0.929753 0.901027 0.863217 
0.502690 0.320909 0.597559 
0.569459 0.771931 0.625961 
0.727958 0.424503 0.452620 
0.394956 0.496503 0.602321 
0.459632 0.433057 0.543457 
0.340401 0.490214 0.197542 
0.354420 0.673893 0.630076 
0.632271 0.616293 0.365005 
0.685369 0.667138 0.774304 
0.703865 0.416204 0.473005 
0.274388 0.434135 0.416582 
0.617784 0.541527 0.768637 
0.608643 0.350038 0.596147 
0.775950 0.779025 0.736950 
0.162997 0.231644 0.350173 
0.622038 0.698722 0.795732 
0.601561 0.223780 0.484299 
0.380326 0.632878 0.495310 
0.388292 0.238737 0.182713 
0.407302 0.222479 0.389689 
0.386504 0.448920 0.449244 
0.738977 0.795479 0.751784 
0.501289 0.687161 0.539148 
0.448572 0.433260 0.684577 
0.251339 0.193991 0.094399 
0.595431 0.808991 0.700750 
0.350956 0.387286 0.540016 
0.410964 0.561819 0.483940 
0.541096 0.607708 0.772675 
0.517826 0.573363 0.210268 
0.429427 0.477938 0.388112 
0.574768 0.838568 0.579210 
0.530476 0.195948 0.411938 
0.520778 0.365604 0.578449 
0.753425 0.738573 0.639334 
0.768677 0.698132 0.599330 
0.469985 0.391311 0.502350 
0.375630 0.326775 0.253343 
0.693296 0.641408 0.505709 
0.345449 0.501261 0.528107 
0.418168 0.307087 0.363457 
0.454957 0.371542 0.387302 
0.741367 0.817413 0.772617 
0.754937 0.774396 0.659557 
0.396918 0.332352 0.627027 
0.788373 0.687063 0.832639 
0.360114 0.428761 0.355814 
0.650823 0.549257 0.605553 
0.568881 0.450175 0.407537 
0.516282 0.306129 0.514220 
0.695068 0.501015 0.644813 
0.568195 0.473221 0.208142 
0.397829 0.290022 0.326962 
0.383952 0.397837 0.375888 
0.519511 0.588323 0.712256 
0.661015 0.529288 0.769321 
0.581006 0.372337 0.455436 
0.624715 0.534922 0.637096 
0.317216 0.634019 0.776426 
0.455389 0.233273 0.433048 
0.382326 0.147083 0.247443 
0.511657 0.748219 0.403294 
0.238569 0.528527 0.441543 
0.375521 0.412828 0.602249 
0.489434 0.311134 0.389304 
0.286650 0.266151 0.410096 
0.766348 0.730633 0.852543 
0.329442 0.295230 0.631184 
0.633982 0.752504 0.663052 
0.389964 0.762916 0.279718 
0.304238 0.498059 0.603298 
0.684122 0.451376 0.687817 
0.890493 0.789606 0.871849 
0.471329 0.671243 0.245854 
0.666075 0.509672 0.478550 
0.607181 0.700915 0.599659 
0.718814 0.705203 0.652140 
0.820543 0.518931 0.585574 
0.515441 0.578668 0.195688 
0.415437 0.489624 0.417636 
0.619950 0.648482 0.495036 
0.804450 0.700452 0.543256 
0.523202 0.545920 0.451436 
0.294624 0.392076 0.302828 
0.177660 0.091975 0.225938 
0.773489 0.600750 0.666906 
0.708011 0.717831 0.716835 
0.353447 0.403634 0.492635 
0.635384 0.493238 0.621389 
0.585127 0.738940 0.557001 
0.593150 0.598516 0.476054 
0.805177 0.571181 0.589658 
0.439987 0.307722 0.712951 
0.590317 0.685903 0.696554 
0.829800 0.566169 0.487365 
0.694859 0.663957 0.466766 
0.523710 0.462533 0.647712 
0.707866 0.721989 0.755648 
0.804135 0.699468 0.712603 
0.522080 0.442878 0.530132 
0.402255 0.382536 0.485918 
0.680497 0.719920 0.870691 
0.677749 0.712452 0.631493 
0.589947 0.538061 0.633262 
0.339100 0.233372 0.449801 
0.774527 0.717107 0.679215 
0.402298 0.577846 0.545645 
0.398028 0.195318 0.247143 
0.762118 0.637194 0.574607 
0.591394 0.593729 0.457469 
0.763123 0.515761 0.593205 
0.569325 0.542982 0.408623 
0.384336 0.462757 0.423174 
0.703835 0.601853 0.588722 
0.674287 0.512065 0.552916 
0.500588 0.533141 0.565890 
0.639198 0.447266 0.337088 
0.535067 0.556223 0.441425 
0.813970 0.737332 0.791290 
0.644392 0.580169 0.681740 
0.121407 0.186617 0.480504 
0.727375 0.634048 0.619669 
0.411370 0.414060 0.506967 
0.419664 0.446306 0.379130 
0.507072 0.344723 0.357154 
0.653011 0.831301 0.696347 
0.521686 0.664968 0.508882 
0.606690 0.637318 0.596092 
0.373685 0.254100 0.564536 
0.643456 0.551175 0.473364 
0.556853 0.402392 0.265381 
0.359865 0.420635 0.518161 
0.565785 0.532089 0.681845 
0.359119 0.197375 0.333011 
0.893129 0.729705 0.720857 
0.355427 0.313087 0.605429 
0.347174 0.296117 0.186665 
0.307686 0.254748 0.215004 
0.797917 0.798286 0.739714 
0.626602 0.805470 0.600641 
0.686333 0.827174 0.599406 
0.252557 0.447242 0.305162 
0.526573 0.564184 0.588303 
0.597610 0.752815 0.696608 
0.577032 0.331822 0.424410 
0.709179 0.662677 0.754155 
0.604707 0.257635 0.633640 
0.347429 0.430830 0.289405 
0.282165 0.712839 0.421986 
0.808355 0.629542 0.688360 
0.175275 0.199469 0.189251 
0.197767 0.348158 0.408182 
0.353951 0.467696 0.364055 
0.260619 0.185851 0.267444 
0.261748 0.201960 0.208140 
0.658532 0.571992 0.737766 
0.440939 0.304952 0.552725 
0.531046 0.373507 0.539347 
0.694364 0.486047 0.576678 
0.400817 0.470596 0.478821 
0.402509 0.424713 0.619816 
0.528989 0.657569 0.722997 
0.276658 0.135834 0.161737 
0.729411 0.579272 0.664581 
0.712524 0.787431 0.702689 
0.743532 0.486972 0.325388 
0.433581 0.484455 0.248822 
0.449234 0.470378 0.652118 
0.636251 0.238280 0.322009 
0.888454 0.826955 0.888155 
0.280739 0.312997 0.196466 
0.417616 0.333275 0.523849 
0.395943 0.222615 0.294255 
0.607417 0.680417 0.624160 
0.368840 0.442284 0.498820 
0.448922 0.419935 0.572169 
0.190701 0.384455 0.272398 
0.252137 0.280752 0.555696 
0.490088 0.419829 0.303256 
0.270140 0.355656 0.273673 
0.630627 0.663015 0.378025 
0.569406 0.388636 0.276100 
0.533812 0.580110 0.542764 
0.383507 0.372572 0.447951 
0.564533 0.681759 0.565211 
0.589040 0.572995 0.573059 
0.721265 0.695615 0.634900 
0.678279 0.713991 0.645659 
0.796335 0.729001 0.591405 
0.400978 0.598498 0.290672 
0.365707 0.356324 0.507662 
0.113569 0.151633 0.113081 
0.198016 0.200161 0.128540 
0.470008 0.234089 0.682305 
0.471323 0.503370 0.647167 
0.464485 0.556853 0.389879 
0.360387 0.532715 0.562556 
0.569302 0.692708 0.567623 
0.303702 0.301035 0.287263 
0.381433 0.328071 0.239409 
0.695131 0.832613 0.709739 
0.459315 0.420660 0.433002 
0.525784 0.398518 0.361155 
0.621978 0.597477 0.665506 
0.388029 0.475179 0.412829 
0.342005 0.689408 0.548116 
0.699910 0.637931 0.654976 
0.790652 0.785619 0.660835 
0.144442 0.234189 0.197995 
0.380170 0.415878 0.534888 
0.572277 0.359998 0.551981 
0.429153 0.744861 0.742957 
0.298780 0.334169 0.656365 
0.479072 0.269740 0.170814 
0.670896 0.670289 0.666393 
0.500353 0.437194 0.811634 
0.644883 0.728487 0.666777 
0.353964 0.312037 0.408723 
0.690962 0.390853 0.494212 
0.110140 0.123259 0.176265 
0.430590 0.269641 0.415860 
0.352146 0.464893 0.381211 
0.199129 0.259990 0.169401 
0.731520 0.612431 0.640778 
0.598038 0.445507 0.353674 
0.738809 0.702978 0.775176 
0.390444 0.529573 0.415118 
0.763040 0.481060 0.757446 
0.442740 0.350513 0.415063 
0.505050 0.432821 0.597063 
0.448950 0.422730 0.416997 
0.468767 0.260915 0.475712 
0.495717 0.524683 0.558697 
0.211978 0.171450 0.261634 
0.328179 0.294775 0.371038 
0.567275 0.808781 0.780775 
0.312361 0.262308 0.355688 
0.847284 0.819853 0.803639 
0.376504 0.142148 0.296084 
0.491072 0.702635 0.682451 
0.562890 0.489613 0.511086 
0.684984 0.565754 0.469633 
0.259595 0.290651 0.272755 
0.268551 0.385375 0.534005 
0.171939 0.344352 0.241932 
0.651585 0.393370 0.816394 
0.521259 0.527190 0.397864 
0.473571 0.633379 0.600400 
0.570734 0.296229 0.308160 
0.702809 0.642406 0.712388 
0.599881 0.568527 0.480248 
0.584016 0.521342 0.322198 
0.508129 0.236243 0.365973 
0.607389 0.682694 0.477063 
0.366015 0.429272 0.671779 
0.718220 0.491336 0.438747 
0.541772 0.680555 0.319205 
0.801285 0.663744 0.725015 
0.397242 0.535525 0.805877 
0.808462 0.392133 0.331622 
0.404535 0.407944 0.450111 
0.546280 0.343096 0.470522 
0.547191 0.717421 0.630170 
0.144531 0.274230 0.312859 
0.447559 0.278544 0.523884 
0.332200 0.168582 0.496463 
0.256604 0.365015 0.214449 
0.842291 0.671641 0.643776 
0.352749 0.267020 0.152413 
0.414229 0.380544 0.551262 
0.554206 0.492544 0.597925 
0.397716 0.526436 0.390319 
0.560514 0.302460 0.722677 
0.440430 0.552846 0.184465 
0.796123 0.686840 0.864080 
0.419438 0.436056 0.430447 
0.699335 0.806097 0.617660 
0.323026 0.268937 0.417560 
0.506013 0.207696 0.422029 
0.458633 0.757834 0.413637 
0.561621 0.395246 0.360595 
0.350361 0.213977 0.267052 
0.603391 0.585600 0.430553 
0.284848 0.360252 0.467967 
0.486863 0.286601 0.225036 
0.608895 0.336709 0.277530 
0.735773 0.799320 0.802182 
0.409180 0.633879 0.505568 
0.070272 0.226693 0.178404 
0.442376 0.195131 0.247984 
0.756235 0.514200 0.354243 
0.610622 0.549866 0.635838 
0.335225 0.391625 0.432405 
0.417202 0.295597 0.185033 
0.580496 0.519762 0.667387 
0.192220 0.255427 0.396174 
0.258708 0.396742 0.300774 
0.321499 0.682783 0.413020 
0.602528 0.444372 0.594614 
0.537825 0.314518 0.278659 
0.409569 0.341807 0.596359 
0.485232 0.608053 0.668525 
0.480364 0.737797 0.628886 
0.278042 0.343283 0.569320 
0.592463 0.423082 0.547243 
0.726447 0.654460 0.679538 
0.606134 0.623868 0.575447 
0.484736 0.425457 0.159373 
0.571661 0.553892 0.517267 
0.381829 0.317701 0.273376 
0.236481 0.322803 0.369598 
0.803911 0.447814 0.525504 
0.426784 0.477490 0.334792 
0.350279 0.277408 0.372241 
0.247180 0.200508 0.215792 
0.478796 0.598040 0.597824 
0.253987 0.276487 0.288450 
0.847326 0.819982 0.794581 
0.236869 0.241633 0.324602 
0.334843 0.557513 0.650213 
0.376517 0.678056 0.536996 
0.415402 0.595549 0.600289 
0.490306 0.501523 0.403120 
0.450864 0.348219 0.364237 
0.774746 0.716580 0.721982 
0.518838 0.528936 0.610883 
0.569407 0.652490 0.666652 
0.512359 0.458397 0.595242 
0.922669 0.936849 0.910732 
0.820964 0.845421 0.780231 
0.927349 0.838326 0.874940 
0.485754 0.441801 0.350853 
0.735568 0.480193 0.577283 
0.608291 0.559269 0.349555 
0.378539 0.293464 0.323481 
0.675278 0.594956 0.600447 
0.236476 0.172094 0.210822 
0.502303 0.697540 0.502090 
0.394011 0.468297 0.737728 
0.152813 0.289022 0.231158 
0.430153 0.649615 0.510622 
0.663531 0.659075 0.625002 
0.663968 0.800378 0.690875 
0.362229 0.324783 0.269718 
0.157997 0.278424 0.233063 
0.637836 0.712539 0.672723 
0.291421 0.419772 0.501108 
0.171102 0.186640 0.244702 
0.581253 0.413028 0.398025 
0.731191 0.270261 0.455557 
0.588182 0.633236 0.559436 
0.396637 0.477101 0.255574 
0.429213 0.149225 0.279857 
0.842117 0.908481 0.832583 
0.779009 0.638698 0.835028 
0.863738 0.880411 0.903060 
0.232590 0.231119 0.288197 
0.152980 0.275958 0.206658 
0.128522 0.133304 0.120168 
0.286815 0.479813 0.329637 
0.264624 0.332571 0.364570 
0.589143 0.620606 0.588730 
0.702984 0.543796 0.716130 
0.292039 0.409254 0.350725 
0.694063 0.704629 0.647139 
0.394326 0.349302 0.458160 
0.739157 0.689667 0.498373 
0.569323 0.788098 0.547258 
0.389826 0.706069 0.637606 
0.712609 0.671070 0.740356 
0.675326 0.664760 0.273221 
0.275921 0.667504 0.604741 
0.877246 0.876084 0.801677 
0.470463 0.525417 0.536426 
0.240818 0.234177 0.158523 
0.816612 0.481090 0.332219 
0.164517 0.194047 0.136119 
0.401132 0.615755 0.359694 
0.674432 0.792560 0.753265 
0.494535 0.638344 0.541978 
0.463214 0.604501 0.360274 
0.662047 0.405505 0.464076 
0.235468 0.362088 0.352086 
0.237644 0.200829 0.193378 
0.591673 0.357018 0.397465 
0.391912 0.671478 0.372836 
0.603831 0.480304 0.514031 
0.264206 0.482239 0.448229 
0.451897 0.667605 0.626653 
0.468946 0.571146 0.399774 
0.801647 0.792797 0.847327 
0.871364 0.793565 0.838465 
0.625721 0.592021 0.603688 
0.656374 0.742055 0.590077 
0.379519 0.183788 0.546100 
0.715915 0.769861 0.767857 
0.352597 0.252601 0.343647 
0.417700 0.317405 0.593613 
0.800548 0.553741 0.662989 
0.571155 0.482789 0.211561 
0.405052 0.329773 0.350677 
0.302986 0.575227 0.548041 
0.636811 0.657292 0.512949 
0.279602 0.243968 0.329312 
0.448174 0.288475 0.396426 
0.393707 0.496875 0.336002 
0.450787 0.590365 0.573535 
0.430918 0.710008 0.459003 
0.292331 0.432717 0.481090 
0.484601 0.360279 0.412679 
0.153243 0.231158 0.310818 
0.391839 0.860659 0.690858 
0.353363 0.267223 0.424591 
0.249207 0.281184 0.162958 
0.542462 0.245314 0.363031 
0.544467 0.651472 0.560464 
0.423357 0.642175 0.206491 
0.384302 0.507548 0.531928 
0.532888 0.584210 0.527281 
0.625359 0.722851 0.725784 
0.530074 0.768010 0.518912 
0.203709 0.136173 0.232089 
0.189009 0.367458 0.396736 
0.433219 0.724944 0.592070 
0.615836 0.382692 0.380936 
0.461145 0.697577 0.608939 
0.640667 0.652488 0.818234 
0.489599 0.620672 0.536033 
0.411724 0.393584 0.676955 
0.457255 0.442757 0.534556 
0.235334 0.703187 0.453375 
0.798017 0.664931 0.647043 
0.597206 0.552028 0.609530 
0.109336 0.309561 0.307130 
0.947083 0.909667 0.948733 
0.510745 0.532973 0.622083 
0.477573 0.409190 0.444219 
0.531690 0.407185 0.280032 
0.665572 0.630957 0.549399 
0.389162 0.458518 0.730559 
0.356768 0.297667 0.222667 
0.393135 0.510202 0.671713 
0.546774 0.833502 0.659400 
0.463097 0.352480 0.389460 
0.530069 0.235562 0.321296 
0.137034 0.483376 0.397980 
0.431184 0.651875 0.424448 
0.493594 0.423598 0.401373 
0.375210 0.551248 0.250903 
0.595868 0.651861 0.345521 
0.586077 0.303551 0.665012 
0.318603 0.382510 0.179416 
0.609986 0.685730 0.471644 
0.453804 0.425367 0.580501 
0.561107 0.392354 0.582681 
0.469974 0.247474 0.197074 
0.705166 0.738075 0.716708 
0.644919 0.747926 0.570443 
0.380954 0.399163 0.344950 
0.231337 0.194716 0.389801 
0.466038 0.338683 0.217024 
0.330303 0.655245 0.495894 
0.650894 0.467111 0.649790 
0.485276 0.756852 0.624284 
0.380861 0.455760 0.299053 
0.218287 0.218981 0.193204 
0.386424 0.194024 0.601935 
0.380911 0.270169 0.185846 
0.783368 0.839494 0.730849 
0.960884 0.960575 0.952756 
0.382824 0.456489 0.325011 
0.294226 0.575218 0.667953 
0.375497 0.571252 0.700036 
0.397053 0.370084 0.325011 
0.634605 0.568413 0.136931 
0.216407 0.350391 0.469202 
0.352144 0.390254 0.220706 
0.550273 0.588256 0.543412 
0.726828 0.588067 0.519012 
0.589137 0.750844 0.722802 
0.378316 0.560850 0.525514 
0.228667 0.196397 0.119805 
0.345124 0.197773 0.611949 
0.450784 0.529513 0.188548 
0.426724 0.319523 0.332884 
0.859411 0.820308 0.846763 
0.300376 0.381427 0.337256 
0.274211 0.525103 0.489249 
0.644630 0.247904 0.553820 
0.509212 0.203763 0.551143 
0.354528 0.388002 0.576696 
0.624680 0.401520 0.600687 
0.736182 0.848818 0.847130 
0.663364 0.486383 0.334438 
0.218377 0.358548 0.198885 
0.584748 0.522302 0.248306 
0.484105 0.638364 0.315156 
0.385098 0.408790 0.362401 
0.696601 0.776163 0.648642 
0.481394 0.613505 0.511938 
0.558881 0.474383 0.527987 
0.619056 0.578998 0.282320 
0.221883 0.615538 0.547934 
0.833446 0.862880 0.847073 
0.452878 0.575125 0.689811 
0.730661 0.751580 0.729853 
0.436562 0.817907 0.341866 
0.491633 0.711496 0.729772 
0.249385 0.441094 0.438894 
0.363670 0.354534 0.327812 
0.710727 0.452818 0.393998 
0.255485 0.441740 0.318740 
0.614885 0.557045 0.728047 
0.407284 0.490767 0.450271 
0.438671 0.666507 0.681714 
0.342656 0.584128 0.908642 
0.611325 0.418409 0.416892 
0.376913 0.455224 0.395400 
0.549142 0.376339 0.518491 
0.481623 0.418897 0.583106 
0.348779 0.318136 0.299511 
0.333941 0.640697 0.525595 
0.266745 0.205314 0.540989 
0.688866 0.352674 0.582175 
0.687513 0.499782 0.361315 
0.470042 0.352650 0.317752 
0.758101 0.814602 0.723270 
0.448747 0.581366 0.255522 
0.516723 0.486363 0.448080 
0.358746 0.345776 0.391694 
0.363779 0.519756 0.342830 
0.344777 0.509215 0.429938 
0.427729 0.502897 0.426111 
0.619130 0.574740 0.751096 
0.463620 0.615778 0.521046 
0.857944 0.818152 0.644526 
0.512841 0.638971 0.568503 
0.326713 0.377001 0.178879 
0.318565 0.296141 0.324907 
0.177781 0.305648 0.214574 
0.517120 0.560388 0.737804 
0.544428 0.541975 0.687935 
0.512095 0.473958 0.650330 
0.595898 0.530835 0.690746 
0.652347 0.821082 0.603613 
0.144402 0.284521 0.289958 
0.668297 0.659560 0.402354 
0.730143 0.569521 0.604303 
0.605092 0.598290 0.693942 
0.402219 0.378132 0.250022 
0.142863 0.272806 0.256675 
0.675113 0.806833 0.608619 
0.634518 0.561587 0.519656 
0.372572 0.460496 0.388844 
0.499301 0.730095 0.405934 
0.310937 0.229187 0.355921 
0.680701 0.613589 0.792660 
0.623182 0.392867 0.493566 
0.577470 0.585968 0.347890 
0.347272 0.211753 0.289004 
0.391494 0.523150 0.463365 
0.516572 0.512951 0.581586 
0.648510 0.624149 0.551636 
0.266608 0.345892 0.645151 
0.373337 0.376040 0.297095 
0.495106 0.377343 0.399215 
0.413034 0.303524 0.416972 
0.628109 0.473153 0.424308 
0.415870 0.346334 0.494662 
0.444141 0.540966 0.305987 
0.258750 0.393388 0.621256 
0.507216 0.261871 0.470974 
0.310713 0.205830 0.344278 
0.382039 0.642824 0.359642 
0.286072 0.165313 0.307653 
0.610820 0.630607 0.628413 
0.673103 0.592871 0.693045 
0.483167 0.627355 0.566762 
0.682577 0.458208 0.718121 
0.628911 0.536155 0.691907 
0.312169 0.297562 0.432142 
0.413950 0.262721 0.489502 
0.285418 0.249380 0.282292 
0.403192 0.542750 0.320813 
0.502296 0.406443 0.451749 
0.478934 0.195254 0.180631 
0.540088 0.319971 0.386608 
0.372804 0.568471 0.742140 
0.416505 0.402618 0.492560 
0.390535 0.423588 0.227359 
0.699131 0.736933 0.616328 
0.637562 0.356201 0.240565 
0.388255 0.364973 0.382298 
0.684406 0.699301 0.602206 
0.558289 0.668797 0.616715 
0.509084 0.621703 0.622447 
0.721483 0.787458 0.694513 
0.436405 0.375099 0.495574 
0.226403 0.529158 0.686071 
0.401307 0.326412 0.162829 
0.371943 0.620869 0.419849 
0.606910 0.740824 0.450686 
0.261125 0.222258 0.268726 
0.585769 0.530277 0.572608 
0.233303 0.313197 0.204257 
0.191928 0.514306 0.286519 
0.706367 0.470737 0.680395 
0.168271 0.241009 0.242478 
0.314153 0.285695 0.472623 
0.750430 0.567098 0.672055 
0.253568 0.491804 0.337266 
0.815438 0.797048 0.893970 
0.621262 0.543755 0.583033 
0.309610 0.311611 0.277489 
0.228097 0.251617 0.483085 
0.825465 0.692185 0.719396 
0.729827 0.427469 0.615018 
0.655071 0.399003 0.311585 
0.473578 0.750088 0.317029 
0.102218 0.416652 0.298395 
0.412950 0.347424 0.467776 
0.477047 0.348775 0.193982 
0.459512 0.642229 0.478445 
0.615097 0.421744 0.376590 
0.510046 0.579918 0.368100 
0.534669 0.515815 0.476659 
0.400989 0.424200 0.407498 
0.317336 0.455866 0.417541 
0.464800 0.524160 0.588750 
0.693380 0.636892 0.796230 
0.364109 0.327514 0.365234 
0.250520 0.336500 0.317460 
0.595539 0.597845 0.489041 
0.187060 0.166914 0.196158 
0.494685 0.629036 0.546080 
0.214367 0.252258 0.192003 
0.813900 0.881638 0.837702 
0.153534 0.587844 0.795816 
0.802619 0.674133 0.734561 
0.531986 0.444830 0.541357 
0.505378 0.369084 0.232035 
0.410677 0.553435 0.724127 
0.469049 0.391422 0.189712 
0.372840 0.397994 0.353738 
0.458159 0.427136 0.342494 
0.580517 0.642708 0.753903 
0.835773 0.744129 0.760178 
0.813339 0.435469 0.648808 
0.557834 0.307699 0.629770 
0.265732 0.463279 0.600333 
0.691155 0.311086 0.499633 
0.513843 0.590120 0.233200 
0.399742 0.393348 0.389766 
0.100961 0.190232 0.190694 
0.557334 0.511487 0.431657 
0.409170 0.442378 0.484117 
0.380064 0.609791 0.416218 
0.485997 0.255067 0.597380 
0.257011 0.411751 0.310994 
0.662495 0.547529 0.850956 
0.448987 0.428220 0.450103 
0.304453 0.339887 0.315831 
0.617519 0.262084 0.423311 
0.543428 0.165971 0.404222 
0.526824 0.542048 0.638206 
0.508478 0.796175 0.569079 
0.556453 0.567080 0.696817 
0.472658 0.536925 0.374186 
0.134594 0.513154 0.415906 
0.620049 0.616156 0.862491 
0.430147 0.685724 0.630084 
0.359352 0.305029 0.192167 
0.478817 0.437850 0.669179 
0.744738 0.887371 0.722748 
0.659823 0.705682 0.756684 
0.787087 0.676422 0.747999 
0.626417 0.721542 0.635396 
0.339609 0.377589 0.461224 
0.312791 0.479774 0.251097 
0.685935 0.203015 0.480441 
0.328914 0.800428 0.534604 
0.619285 0.716709 0.638521 
0.518172 0.334162 0.567503 
0.558472 0.405857 0.462186 
0.607797 0.576442 0.527785 
0.271143 0.257724 0.530891 
0.445245 0.266210 0.549908 
0.760294 0.765263 0.703790 
0.819752 0.919810 0.907371 
0.268392 0.299411 0.408110 
0.746240 0.418908 0.252644 
0.499657 0.501859 0.548772 
0.390023 0.432094 0.389977 
0.482115 0.394537 0.718819 
0.233008 0.265236 0.396737 
0.243549 0.302138 0.414859 
0.406248 0.329168 0.355252 
0.431077 0.499902 0.715686 
0.646115 0.467231 0.421424 
0.577070 0.606710 0.706459 
0.708012 0.722154 0.791886 
0.256318 0.202940 0.273771 
0.312400 0.593739 0.333046 
0.538707 0.610803 0.706900 
0.275334 0.331499 0.469523 
0.284052 0.472914 0.391174 
0.680363 0.682431 0.699937 
0.234886 0.304174 0.211128 
0.714497 0.279783 0.351226 
0.620235 0.327465 0.314003 
0.371224 0.387419 0.616177 
0.499961 0.462173 0.237329 
0.596621 0.296586 0.450411 
0.615883 0.626368 0.737071 
0.273306 0.564588 0.629962 
0.431499 0.379103 0.524607 
0.696375 0.420462 0.553897 
0.364224 0.623100 0.241616 
0.455525 0.524159 0.544468 
0.499509 0.533266 0.430804 
0.611866 0.693367 0.710647 
0.292636 0.272129 0.304645 
0.503386 0.702784 0.712281 
0.220167 0.385414 0.486782 
0.561175 0.693380 0.555597 
0.720119 0.602512 0.743522 
0.555582 0.332560 0.208807 
0.622311 0.726750 0.605689 
0.188272 0.279983 0.275087 
0.276123 0.341564 0.626988 
0.758622 0.496657 0.702060 
0.448615 0.248412 0.380621 
0.570252 0.601096 0.511815 
0.664094 0.519916 0.213298 
0.367357 0.482438 0.480148 
0.221422 0.353831 0.233835 
0.403809 0.491889 0.411114 
0.355861 0.217634 0.261053 
0.559078 0.450944 0.466090 
0.618723 0.486999 0.466179 
0.718762 0.675988 0.661537 
0.707067 0.636419 0.605308 
0.624024 0.637684 0.584582 
0.282668 0.605606 0.437044 
0.272950 0.305801 0.447491 
0.877173 0.601151 0.431481 
0.430940 0.489595 0.476564 
0.376581 0.407916 0.523616 
0.586530 0.722738 0.741871 
0.609143 0.425230 0.594421 
0.110959 0.239172 0.176748 
0.283425 0.223352 0.328260 
0.549130 0.584681 0.526228 
0.464089 0.315022 0.430868 
0.074323 0.162872 0.114039 
0.220364 0.264254 0.273062 
0.518421 0.549218 0.478464 
0.706880 0.719802 0.828428 
0.486739 0.786120 0.662930 
0.630585 0.644454 0.607499 
0.328796 0.586632 0.513445 
0.370033 0.328293 0.295697 
0.159607 0.358067 0.244993 
0.646786 0.709002 0.634120 
0.475528 0.210673 0.445597 
0.664373 0.415735 0.530557 
0.288307 0.337804 0.202710 
0.283447 0.223116 0.119632 
0.468535 0.624931 0.615149 
0.772260 0.776171 0.518287 
