2000 6
5997,7613,4506,8398,8188,1836
6298,861,1996,6739,4700,8104
3700,2289,1370,3584,4203,4663
498,6683,7379,8553,1659,5059
4046,2386,9190,9147,9402,1165
9073,5400,8778,3579,3798,6967
5416,97,7829,7412,6837,2529
5517,538,4818,6888,4122,9022
1551,4620,5705,8931,3174,7365
3991,7221,9751,3181,6368,9153
4347,5441,4553,3125,9021,8352
92,4437,8450,7922,1850,5287
451,7368,5825,5270,4257,9947
4293,5809,4567,9998,4740,7741
7363,8732,4962,7114,1914,1331
6268,6261,6773,821,9387,5795
9174,9480,233,7624,7402,2083
2911,7853,9452,8736,3123,3709
8684,7416,9518,3252,7415,4259
993,4779,2992,5956,1894,4906
7288,8162,1167,4062,8984,554
9857,8158,34,90,5782,7436
2174,8694,5290,1626,7430,8414
5336,6114,5831,4855,9366,3246
9115,360,8026,2107,6317,9920
7014,3606,8082,8181,7668,7067
8736,7525,5225,8771,7616,1008
6208,9790,9702,1498,1417,7133
9912,6754,3248,5744,1609,2615
8991,725,2976,7017,2833,9294
6937,9847,2900,5020,8029,569
2087,6765,8095,7313,5536,5711
8322,1744,5502,8024,3243,6919
5158,3156,3673,8406,8900,5283
1022,7891,6009,3998,4909,8842
3292,1847,8689,6193,6868,6718
6763,8955,3484,4858,6269,9020
570,4591,765,6072,2616,4008
2992,7774,7165,6666,6180,6065
1950,7202,3957,7959,1201,8866
6801,4494,714,5491,687,7582
2210,7450,6538,5694,2309,2807
4715,2880,7399,5480,8952,15
9489,1945,7789,6654,8611,3970
2720,561,1173,6677,8521,2375
5544,5322,6869,6258,814,7556
3840,3024,5007,379,8718,7316
3186,3433,196,585,8914,9149
601,8403,1095,8391,5058,9706
2361,7778,268,3535,4456,8789
5910,1,4112,2779,6260,4926
336,101,7950,5343,480,6669
2660,3667,102,2857,4252,9017
2007,4854,7420,3102,3245,2479
2808,5606,258,3076,9142,4715
1866,5052,4716,5978,7832,977
905,8168,1078,8856,3511,1559
5525,6171,5226,5628,9029,9478
4645,1036,4333,2066,4138,7578
4546,6946,3185,4804,23,2327
9520,1890,7380,4237,7868,5212
5214,8774,3380,6293,7630,6892
7852,3155,3064,3078,8784,2093
2557,3430,3129,6890,5496,7267
4468,42,4214,7653,4847,4238
9981,4367,6128,7361,8604,3997
2574,3819,2771,5954,112,402
2847,7964,3558,5911,1042,2342
8004,3599,5772,1134,489,1269
8402,4958,1312,2617,2611,6159
6855,2593,527,2984,9954,9132
6982,2528,2951,9753,8483,3063
156,1331,1028,3714,7242,2070
6057,5247,5670,1829,6382,6160
3099,4784,1118,4411,7401,3730
571,4257,6323,1098,7241,6278
231,4224,8806,3182,3978,7290
6246,4134,8621,7274,7848,5864
9345,3905,1112,5016,5735,7494
1176,8834,2278,2294,3246,9680
6024,3817,3938,2348,4916,1180
8626,5147,5404,7432,8330,9382
4723,4576,3516,3345,1851,1365
9209,1197,5271,322,6213,1006
7816,7389,9841,95,9684,3087
9776,5709,6905,3714,8057,1821
4894,6683,6968,299,4116,5298
9681,8840,9875,3198,2185,1726
4563,1395,2924,9835,1717,9137
842,9534,6527,683,9629,6212
3771,9405,1922,676,3119,9979
2498,8014,6663,9466,8314,779
4765,7995,9620,4640,1194,1805
6367,5758,3201,9291,5593,4919
8429,6435,4453,4957,7119,4082
1170,890,3488,3092,1567,6608
3071,4065,4623,9735,3532,2937
514,8297,933,134,2938,2127
1940,9305,7885,5142,8597,3479
61,7027,9914,4515,1985,7033
8597,3155,7924,2086,6248,9491
8694,9320,3557,3317,9055,7089
6254,9570,5387,7187,9704,8325
9315,1645,7631,7200,6787,6228
679,6849,3256,594,1364,5242
7627,9962,8398,5552,2048,4646
5044,743,3966,8601,4060,3021
5690,315,2591,1077,7502,2296
9403,6817,3942,7034,4018,730
3263,4698,7579,6519,5292,8944
1761,2920,8907,159,8472,956
4806,3516,1699,8772,2117,5759
1794,7808,6074,4386,8886,3577
6683,8289,395,625,5323,4413
1355,8586,9111,8935,5106,4404
7879,6868,7324,6786,7028,5796
7742,1834,9313,9442,607,1431
5201,2401,9239,1276,6788,8126
4854,3471,6415,5249,4097,1739
9663,5452,326,8775,4387,5432
3179,2267,2300,504,9054,9329
6301,6796,1163,5614,6238,1770
7045,1440,4172,6285,2717,960
4411,7571,4432,827,2821,8529
2566,2485,3981,2893,1261,8369
8325,4441,636,626,4945,9690
9955,1246,6487,1119,6861,2726
2890,3906,4167,7062,191,6884
8023,4603,4456,2455,5430,7278
985,7997,9763,4967,890,1024
3336,9216,5465,3973,9843,411
3664,9799,1658,152,918,8519
2878,3808,2425,7045,871,2617
3930,8894,7221,8386,1350,2651
5664,2335,649,5427,7302,1540
6452,639,756,1918,4613,599
2329,8277,399,3987,8430,1317
2506,1308,5126,4932,8354,5998
7550,2284,4893,4771,670,6243
7423,6335,8579,8073,1762,5882
9613,8215,6521,369,133,1135
969,2463,9412,1369,6451,7842
2687,8958,9151,7813,3890,7505
3812,1441,9790,8705,6213,460
4948,3636,6795,3528,1709,8558
9410,1322,6774,5932,1692,6907
7067,2662,9371,6480,4031,5822
4323,6719,4780,3474,4532,8671
980,8345,112,770,7050,6325
1231,1999,9962,8027,5527,1672
6586,4938,2995,3360,871,4687
268,7938,7350,9639,4419,1382
5461,8742,8101,242,2217,2634
8913,3197,979,9026,3967,8030
5352,5199,29,5315,3227,5557
6987,9813,495,9982,3173,1367
4670,3441,9306,2020,3080,3725
3403,8542,2467,1504,8785,4684
4139,7698,7882,5119,6725,1850
3149,2078,7049,3179,7393,276
8736,4380,89,9232,4362,3263
599,9032,6705,9905,1053,9786
3630,4456,8329,6098,5961,7114
782,100,4812,8665,5220,1538
515,8369,3616,7564,1548,1009
7841,285,5390,7931,9517,9752
1195,116,8785,7900,21,9838
7686,3652,4295,6015,9750,256
3129,533,357,7942,9198,5577
9481,9713,3947,3098,7278,5496
4108,5119,5781,9498,3051,5298
9251,4246,5415,8036,2146,5436
7874,9833,9089,2169,5849,8839
2426,8978,9372,2783,6921,8571
8361,6403,8285,2308,9501,5563
7805,3609,683,3586,3107,3734
8885,2358,7980,4300,395,127
9736,8269,9960,8825,439,5810
7665,2866,4788,7038,5649,1710
5609,4011,8113,3894,6319,7614
9458,4124,1224,141,7711,4331
3876,6596,6690,1857,896,7085
1984,633,5355,1945,9459,5795
7755,7124,8661,2544,4163,4310
4255,9772,8321,2369,3667,4641
9984,3125,8766,1208,3267,6477
5540,7143,3074,2230,9000,3970
9316,985,4604,4671,2931,4063
466,687,1188,9127,3232,5351
3438,7487,5124,1760,9857,8792
6401,9841,1918,5168,1049,5185
1646,6589,2329,4720,8820,1330
8691,8136,2316,3295,2807,5247
7359,3274,5935,8548,2401,9167
3900,5840,6655,9025,7600,6512
7817,4002,6353,9736,9170,7403
4921,817,3993,7251,5537,2813
8581,4229,950,898,7525,3758
6146,4884,7032,2081,3433,9434
1249,7333,5274,7904,6358,2874
4417,4176,6876,770,3912,6047
8174,8834,6864,2167,6085,2402
4981,4667,6631,5931,5565,4156
9689,1711,9041,6721,3793,2474
6155,5042,9808,1429,2946,6167
4304,7363,343,1181,8134,4256
7229,6308,3090,4094,8476,9176
6496,3457,3843,3128,9388,9409
7285,9077,1120,6327,5799,4913
8801,1955,9956,8609,3385,2903
4777,7689,267,5120,8871,8401
9376,6100,4710,2467,194,3186
1643,6691,6643,5486,9820,6032
4895,7105,5110,6016,3432,909
930,2234,2865,886,844,6250
3789,5621,3940,4056,742,2811
2458,118,8912,7169,2585,9106
355,4228,5798,6999,9715,5618
3031,4610,2724,8142,627,6157
9052,1557,8391,1917,2444,9236
8168,6233,4857,2108,290,5599
4920,2748,5718,3832,9917,8304
2939,273,2532,8737,7273,2247
4356,305,6858,7081,8447,7485
3238,7499,9043,1630,9417,1487
867,7585,7721,5724,9693,8011
1324,4614,760,7042,8446,678
5346,1385,951,7879,123,8224
127,4480,8529,6986,1562,6977
4471,4800,4476,3515,6431,3893
5002,7298,1479,2723,3023,1173
734,4348,5787,1495,1390,4233
2173,6737,5619,3125,4617,5743
1349,4745,224,9879,1731,1786
6856,6202,6587,1333,9717,3018
5227,4720,317,6706,7443,3340
7879,8178,7688,3666,9673,9079
7900,1847,5817,3520,4972,435
9264,6321,5180,9488,6201,6911
1274,3058,3114,7861,4391,2832
880,9618,7552,1198,6325,4996
4539,4204,3175,2228,7871,2848
1308,5772,4696,7125,9292,9668
7561,8557,5990,2741,8045,2191
9652,9320,5250,2767,7182,9641
5599,8063,9260,3152,9261,5585
8148,3800,9790,1323,6028,7662
4172,7337,3434,8868,4463,2727
8537,2024,1284,4527,4766,9330
6719,4418,8650,1969,7186,5832
1611,2785,3895,871,5937,3157
6457,4086,6957,6248,5409,2986
3911,9582,323,7346,8450,4786
73,6987,6811,1358,1515,1577
688,8234,5996,9339,204,3182
5171,1815,5968,9067,2687,1905
2224,9145,5991,9182,5394,1401
2168,9305,983,2492,6651,9434
7279,6725,6422,4091,8083,7937
5668,8772,6172,1664,8111,6376
4847,3283,8192,815,2351,879
2721,4575,24,8712,3757,5418
114,5926,4724,1097,8419,1375
532,5699,8100,6954,9790,6184
4892,5459,4957,1064,7123,3068
7441,1971,6352,5633,2786,8703
6512,5507,3279,6537,4220,7037
1956,4335,2964,6680,5432,1383
8056,5965,7083,6157,2919,6873
2341,7812,2332,7298,8877,9456
367,6318,1427,6720,1951,4214
5424,8464,9722,8703,5002,3942
5740,6959,8277,8705,3639,3710
88,1696,9675,7172,7853,2595
4045,194,408,6378,7493,9285
5835,7861,5603,7262,4581,7555
1477,5,6020,1199,8709,1023
5141,4450,7982,3419,3155,1622
7130,3244,3318,6806,416,1171
9402,4462,1366,9810,841,8859
9095,6676,6720,4699,3939,1302
2255,5416,1308,8275,6615,17
9299,1757,4468,7281,5177,7623
8903,2307,868,2222,9113,1285
3393,8516,5748,4759,8326,6589
3619,7421,3265,340,2121,7205
1643,4376,2621,2951,2652,9237
2969,1951,995,7438,9233,6172
5062,8137,8480,5930,359,7594
7215,3753,6110,2963,8513,4436
9553,2132,1858,2819,2473,3979
24,4116,8356,2646,7068,1009
1883,38,2960,2879,7476,2194
9051,2538,331,7532,8468,691
5126,5684,4444,1236,8648,2958
5673,8201,5091,7531,1020,7564
1511,1045,1681,9868,3691,8749
877,5575,8788,3838,8454,6264
6032,7506,8802,6364,5038,7271
7055,164,2956,1500,1401,1604
4458,7074,9806,9550,4606,827
7114,6118,1873,8796,5986,5564
7546,6864,1140,6334,702,9594
2598,6735,7100,1401,3100,2139
8672,155,2303,1629,1656,3705
3234,6115,779,3041,5665,5386
3868,2780,1504,5742,1576,7491
1306,9122,4355,2446,5456,5058
2041,8055,1794,9142,9456,4894
1281,8129,5050,3585,9758,6706
7291,2992,2822,8070,6034,8488
3456,9902,1268,4961,5645,2845
2452,6951,1967,6808,9398,7424
1867,1440,5479,3661,583,4935
8555,1865,3065,3605,5451,2823
312,2742,5816,3134,812,1850
1622,4269,1753,2891,9231,7398
5736,1683,4350,7703,8492,3749
5127,359,5190,607,4020,5773
5542,2575,7638,8608,6180,3089
1431,6493,5831,7248,9627,6644
9099,1250,914,853,4141,145
8252,9878,1828,2603,7582,321
6352,2710,680,1542,3317,4700
7316,8860,7276,4954,7468,3457
8044,8900,9950,3875,6149,9578
520,5249,828,1434,6102,4970
1579,4355,4849,3408,6958,2431
3729,3311,5141,4409,4853,8459
9110,2170,7319,6386,7124,4788
9844,5168,3688,9794,9044,9838
9373,9564,5087,202,998,1189
5172,2578,5544,21,5986,2503
2453,9715,5814,7594,4125,667
6053,3235,2837,3373,9622,9962
8161,9466,5131,1850,9261,4175
1688,8634,3740,6775,8836,4739
7965,4009,7317,3509,4031,3304
6012,6484,3019,1826,4079,7144
2494,133,380,5332,3506,2
5295,1668,9469,426,3518,8731
4602,5206,7366,8343,1981,6203
3082,9946,212,400,3456,4244
3705,9469,729,6724,1296,4808
3869,3791,4942,4250,9124,8448
4253,4419,116,3723,4846,3635
2454,9449,8841,9821,7792,823
6024,875,770,6237,1276,4226
481,4981,3696,1211,1706,4992
6019,5576,8784,961,9826,7908
9410,4080,2328,9527,7803,7175
3162,257,6624,2004,79,4417
2827,6103,5293,3597,2340,6569
7824,2822,1551,1520,4033,3258
6513,53,8834,5297,1015,8661
3206,425,2741,5534,9953,545
2709,3116,803,9334,5120,882
3752,7948,6985,9045,1546,9326
5615,9371,2148,7166,892,6182
425,7405,6235,9260,2703,7250
7921,5909,7676,663,1444,7630
1209,4154,746,2012,3489,5866
2894,7241,3815,9880,6286,5361
9206,1902,4732,1355,9069,5624
7537,9494,3030,3773,8754,5733
1024,6676,1643,8701,7340,3088
6331,8549,7243,7077,562,732
2944,3456,7974,6759,3337,4260
2120,2543,6162,6853,3899,5231
2477,1437,4726,5508,5210,3480
1241,6235,157,2885,4936,7497
5974,1267,6047,3217,8344,6609
3950,1288,66,1924,8048,3403
6185,169,5947,2348,7022,9846
7580,9500,1284,2306,5008,6494
5787,6250,2729,5944,9135,7666
3442,5110,8933,9489,8328,7278
6098,2278,8567,6164,4203,6615
9568,388,6784,5515,2736,3806
5362,316,3307,6646,2623,8315
3141,8410,4565,5871,4355,3701
3537,7797,8811,2470,7287,7139
9749,3385,9418,8316,9550,3621
4931,9119,4009,1716,4634,6746
5523,9997,7063,8830,6644,9686
7145,9785,8097,1711,5656,2452
5412,9194,250,4223,1665,7537
1363,1414,923,781,9730,474
4403,4662,9593,8412,6378,4227
5159,1902,4225,2222,732,869
1909,7877,654,7,9588,6311
2460,5001,5505,2710,9225,7171
248,588,8585,1171,1370,8316
1645,5773,2978,1238,4186,9357
5466,9345,1259,9691,1568,1991
561,3478,9869,1216,3485,9458
7527,5945,4459,3033,8656,3685
204,8904,4274,8790,75,5644
7106,1721,1418,84,2960,5605
9442,8426,4951,701,8118,6519
2693,8679,9998,2562,9895,3483
2021,7423,9429,6481,457,8086
166,662,6990,4441,9452,7066
86,6558,8788,1504,6643,1748
7110,6086,175,2061,6787,8293
8581,9480,6973,8579,2043,6869
2063,4065,4293,1493,547,4750
9579,713,5412,6570,5154,4865
3637,5240,1424,2425,6745,8068
4174,3855,4154,4349,5917,941
2643,4498,422,9617,3078,2466
6486,5142,6531,780,6636,7078
5530,6215,7792,943,2786,2947
5808,6423,8188,7233,8849,4934
5301,3023,8790,9455,7372,4707
397,16,9206,819,9633,2285
3286,6120,7427,9817,6900,4063
6896,2430,279,4689,3374,3066
7636,9183,9489,5825,6416,8339
759,1718,1363,9549,1173,8736
4257,1570,8752,3463,2390,8385
5748,5676,4505,3176,5494,1405
7240,2391,3836,7519,7080,7211
585,4717,6394,75,542,2811
8414,1302,4530,9777,852,5703
8513,5109,7274,7266,8573,9665
5651,4322,5342,157,7498,836
1563,4738,3227,5399,2258,308
2611,2843,5025,9006,2919,5567
1817,1334,6870,6347,1112,7722
2051,9626,2831,9326,6892,1405
8992,2544,5727,4334,2701,3226
5170,4264,7964,8398,9664,223
8706,2275,3067,3732,1281,5986
9300,3099,7320,6170,9447,8432
3892,1499,8058,6724,825,4951
8129,9817,7495,3856,4152,196
7083,9323,4461,5047,7721,4125
5271,6428,6400,8338,161,7682
4324,9461,782,1645,5631,229
78,9523,1728,8137,6247,2554
3088,4376,2372,583,8233,6524
779,5316,5847,5240,364,3569
9366,5635,9998,5767,3974,159
3449,8299,9620,4231,9944,5251
4461,22,4775,6189,8160,1022
8744,1248,5399,1117,1831,3633
7641,2611,8949,3489,7852,9314
7059,7218,4950,7057,2985,8924
7216,6435,7224,6837,666,7168
2088,5127,7191,6864,1317,5351
7886,62,6599,3286,1179,8431
6919,8821,1042,5869,2310,8895
5183,9369,6113,133,6426,9099
9058,3643,5534,6282,481,6201
3451,2570,1329,643,9434,2647
5994,7320,2709,2594,606,3888
1025,7526,2709,2068,3395,5020
963,8578,4390,7077,8712,817
6177,7771,4460,1711,4054,4942
7912,7505,7512,9242,8148,6946
1889,4143,4267,4598,6737,4874
8487,7763,2400,1197,9832,5795
6218,796,4374,608,7874,3086
1425,4051,858,5886,5763,4912
828,3676,2417,8340,2918,566
5287,4807,4709,9554,9406,1447
4428,7893,9211,6829,9091,9044
2624,5309,9841,6998,5917,7715
85,7342,1766,943,3228,7529
5855,4056,1206,8273,2397,4124
8839,7684,8931,3549,7239,8337
4997,1667,6231,4208,8497,5322
3252,1121,632,3094,8120,6549
809,8206,3891,2576,9150,7120
106,5006,1177,1312,3280,3574
5436,2120,1259,4368,5669,8498
2706,666,166,8937,4875,8663
4260,8128,9785,4892,1222,7906
1442,2031,6112,5334,4608,5263
2454,4714,269,3631,6027,3549
7206,1463,5669,8465,5832,1339
6963,8538,2006,7129,7476,6881
5792,1737,5010,5577,6629,6232
3484,8072,8264,9597,3406,2872
4860,5860,7587,5130,9492,3614
8680,6698,5078,4349,5163,910
5689,2126,9449,7695,9255,6925
4577,5048,8662,9587,626,5292
5820,4110,3364,4084,3707,6770
6957,8568,2631,4545,3698,2123
8159,2378,8821,3238,6728,3985
4148,2417,6111,3597,113,5367
523,4690,416,9185,4278,1042
4478,98,5153,7842,4183,8861
4613,1141,7429,7244,5686,1127
9368,3846,3505,8190,7084,233
2175,1232,2651,8287,4830,2764
3655,5353,7455,4071,4539,1734
5114,9017,1832,268,6860,6016
9129,1473,7157,6558,8718,2844
7685,8086,6690,1191,6276,3774
1424,8452,5007,4076,6739,9838
6840,395,5191,4295,4466,9731
6029,9581,8748,7862,9849,5608
3879,8979,7082,1037,5537,5800
3881,3223,3886,572,4415,163
4347,5840,8616,9354,9916,5356
9193,6756,5751,4385,1052,218
4116,7082,9800,2864,4945,9649
8473,8824,8629,5555,9862,4166
1355,3744,7390,5242,4316,1805
5406,8663,7646,4022,8018,7562
9378,7211,4318,5130,1597,5371
5348,5713,2454,5149,8578,7399
4799,7051,6224,3428,2607,6087
7594,3962,9831,4985,9205,4147
6791,4611,2811,4437,8634,830
1999,8013,8042,6318,3143,9639
1690,8492,5352,4144,3641,3931
1544,8440,982,7769,1868,3590
3856,9463,7552,3687,4449,6758
7835,1240,1369,647,5678,3
1477,7677,8016,9519,3996,1160
9159,5686,9653,4512,9831,3294
8443,1376,1735,9426,9145,3604
3016,3001,3067,569,6689,7516
7327,4525,8757,8696,5172,4435
8700,6649,2113,6717,6169,6110
7878,5328,1797,7531,9840,1628
825,8284,3004,2561,7710,2150
6165,726,5152,9233,1295,1841
6749,8622,6366,5507,7319,1538
9943,6020,8188,2056,2737,4357
8166,616,9686,9964,8147,9527
1592,8973,7811,4597,1534,5521
6748,7699,6248,1900,6932,7544
3741,3682,6167,108,9190,3486
1646,9133,9507,9835,1190,2245
4192,9357,2861,3879,9321,1008
3406,914,9981,1217,5511,1515
6739,2259,9215,2987,4160,6148
532,7901,9830,6699,8009,9020
186,9656,8154,9693,9491,9344
1938,3684,8701,4800,7563,8022
5808,969,8936,5790,2187,4448
7306,8926,6708,6522,1914,868
2670,2446,8770,2501,9145,6780
1522,9332,6436,9676,9025,5928
9020,964,9613,7722,5765,7176
5745,1573,8146,4681,7364,334
9130,4671,9260,5839,1193,1175
6708,3863,3621,5478,6364,2767
2258,7887,2099,8695,7563,1125
4623,6584,2089,4236,4306,7854
1413,51,9428,9560,4733,6793
9894,3864,1464,9155,9703,2658
330,6411,6521,3952,1890,2886
6719,4148,773,8819,2844,8337
9944,7467,4921,2034,1704,9228
9889,3118,9280,9318,2678,4013
6112,2572,7878,7576,1727,7582
234,2058,3994,6756,6010,5884
9643,2730,33,417,1550,2877
8754,1495,344,3676,3529,2049
2904,3419,5167,2184,2738,7845
6198,8850,418,4077,6427,2146
1659,6662,4204,5653,3419,215
1537,3062,2946,1571,3479,4496
4448,2234,5991,4793,5910,9521
6842,8815,2941,2010,999,5680
9856,7198,4530,274,1275,958
2420,2934,7620,6625,8588,1039
6840,126,4102,9787,1697,7582
4283,6145,9816,275,939,5727
9797,7782,4542,2739,9792,5542
8419,9648,2741,2950,9923,4016
3908,2343,6951,1528,8969,5539
2568,5810,5666,6670,5597,7363
4252,9881,3509,4069,157,4448
9797,9955,2231,4340,2694,2023
9882,1113,1672,2623,4063,1595
6640,7972,3939,3591,9500,2908
9131,2069,8718,4797,8739,4315
2160,2992,4197,5670,7062,4354
119,6859,4309,2350,1200,7003
4373,1082,8117,6046,3706,2181
7641,347,153,1580,3938,9654
4489,3070,1723,3207,7867,463
7523,28,3456,1721,5698,518
6075,5818,7378,385,8168,8578
7389,2542,9661,5507,8588,3367
7688,6230,3715,7842,7810,7653
7497,2300,723,9220,5508,8591
9684,3031,8619,3140,4752,4318
3658,828,136,1037,1213,8305
9615,8603,847,9276,4110,9436
2644,1799,5666,6359,9641,3477
4013,7139,5777,4737,6359,1285
3328,6044,4317,1948,9184,9070
6266,2843,9898,6403,3880,1112
4708,3496,9715,5556,2773,3826
4992,5418,5625,658,1778,5266
4135,5791,2405,9913,529,8765
1198,3857,4810,5515,5806,3994
4586,2072,6838,4485,8476,718
5597,3184,4215,5313,8740,6988
9140,3732,2406,4765,4391,4184
32,8527,9976,2438,8440,505
1204,9638,4363,6014,5154,169
8,9741,2242,6846,4226,718
7565,9824,3903,1780,5137,2643
8769,4277,6376,1175,9043,768
5359,9075,9295,5335,1513,7735
5841,2717,7374,204,8731,2529
373,8740,2270,2615,5587,6496
3334,3153,6320,7237,4933,1458
9881,3702,5736,6258,4878,4779
7026,238,3854,6321,5573,5368
4057,1415,8086,1431,1619,6817
3960,1993,5558,6230,4608,1145
2727,7943,4298,9047,5180,9232
506,5062,2935,6242,1320,7814
1021,8346,8052,4876,4668,3626
245,8725,5041,8331,156,6660
5149,4117,8653,707,348,3262
1853,3075,1205,6152,2123,6386
5384,2629,1449,8320,8871,2769
6134,9893,1116,4187,4770,5784
7813,5015,4510,2854,3347,4667
9515,8496,8784,8168,9203,9133
1431,1056,2209,2637,7208,4332
9024,2593,6962,473,914,5834
3242,7049,5728,4358,1236,498
143,9049,5514,4653,1903,8861
9320,1418,7358,8105,9587,6561
7239,1019,7618,9448,3656,4827
3781,2680,7420,743,3153,8335
6578,6396,5384,2306,754,6620
2805,898,5670,8319,5552,7574
7181,4873,8993,4539,2979,8581
1101,218,9600,8719,9666,3256
3547,3447,5936,967,4190,9090
9303,769,5486,4687,3075,6241
1308,5880,7139,6979,4200,2692
4553,1382,7565,3547,5922,544
2128,7023,762,1728,5743,428
4984,9290,3876,921,258,8067
11,9561,8836,5497,4249,1911
1739,5558,7792,8878,2538,1993
1571,7091,3375,9136,639,9298
9681,2767,6322,443,4495,2065
872,9480,1356,4748,402,1614
2816,413,1176,1652,5911,5426
3564,7650,985,1356,6529,3523
3350,8100,615,6726,7237,1254
6024,6918,4021,2346,7362,8517
4412,8235,7998,5768,2984,8400
7383,5800,8813,8560,7453,4725
3986,1017,2376,4972,2374,8905
8495,5724,7006,9110,2450,4243
365,8475,1162,4387,821,8525
2904,5234,6760,902,1002,9744
9303,8386,5545,8116,6946,2998
2842,933,4015,5218,5905,6390
4124,4400,2115,1130,3511,4566
5374,3876,3041,6536,8263,3863
5061,1168,9097,1822,2071,100
1567,1374,8486,7112,9491,5433
111,2333,6366,4127,7551,2272
517,1675,6672,2632,2806,184
7198,8180,4060,240,4717,2324
4104,9779,3492,3201,1601,5563
3302,3168,6937,1789,281,6429
7222,392,8762,3589,4519,6314
5861,5036,7989,2533,7669,796
2718,4868,8976,6778,5109,3693
9103,9213,3472,2595,2414,5074
8159,5717,8242,5097,7506,8524
1526,4728,8916,289,8317,3435
6603,4178,8472,4593,6712,6142
5389,9430,1010,4365,6209,6119
8059,5312,5333,1532,7908,7747
6606,6068,3465,4849,1165,971
3373,2692,5699,2289,2981,4017
5725,9584,8196,4197,4177,4908
340,9566,4339,1351,3932,549
7471,1991,5862,2804,3523,3770
552,130,9838,4017,4979,1004
4988,8352,3696,688,641,6678
4705,6366,6262,2902,564,440
7811,905,6,2150,2256,3939
2700,9727,5931,8562,2531,9455
2333,3084,9585,2171,7101,4564
3176,2090,2916,6873,2778,3558
3551,7484,9925,9813,386,489
253,8197,1395,260,348,3651
4200,3048,3379,131,1611,5911
9586,3944,8995,9171,6116,6096
3736,9292,8187,6652,6165,965
211,9716,8450,136,9530,8837
626,9784,7035,2021,44,7383
5672,4245,432,9051,4376,2043
4962,3962,5987,3957,3134,2103
54,6870,1396,8242,3523,7561
9208,3734,7278,7658,3870,6808
6495,4496,6593,3531,6517,6638
914,2190,883,1347,1242,5259
3390,6204,9222,9378,162,2356
1482,217,9227,2878,8459,2750
439,7667,6484,7718,5326,355
4527,1822,4851,1120,5353,1369
7758,6268,3560,8641,7615,4802
3901,1006,1007,3123,385,1170
5480,1867,1388,4707,4745,9848
7458,5185,7515,3942,2903,2842
4298,7430,4665,9150,8550,18
519,6309,6287,4079,4950,3903
8882,8851,4909,9889,1975,5294
1059,7455,7162,2448,2163,1907
2296,9621,7092,9811,3564,9995
2654,7862,7426,7319,7012,5976
7338,7532,2285,3625,1612,7236
7528,494,6088,2438,384,8063
7733,1444,5519,4895,3892,7682
6802,6188,7304,3895,6000,868
3891,8654,8731,1317,5973,5744
7294,3312,3276,9580,6937,4889
6816,4465,5383,2905,6903,5767
968,4636,7211,6488,9532,1104
4171,6334,7292,1475,230,3292
2344,4121,1946,1075,5439,7920
6820,2733,1232,96,2313,8170
4985,9130,2635,369,2035,9539
6137,3004,4176,3349,9492,3708
4453,3664,43,1745,5139,274
5037,7484,4395,6984,8560,9835
4905,5380,2569,6138,5477,4882
4308,463,4013,6944,832,6049
6484,6969,9053,660,319,8546
4369,4772,2210,4413,6518,7350
4687,1555,4834,9083,8540,3394
8918,3445,8774,1487,9583,4251
6370,3892,4714,384,836,5547
6433,7320,2517,5486,7981,2836
4033,2350,7609,6243,6763,4127
3593,1451,5683,8427,535,4223
1822,9453,7669,596,941,7253
4848,7312,1145,9563,7696,1981
5110,4130,9302,7627,9617,7283
463,3650,9634,8073,9894,6398
2200,3487,7849,7883,1915,8384
2107,3737,7838,9776,4334,8780
7030,9182,6092,8175,8745,3789
157,3856,7920,9459,1483,7537
6743,1947,1188,6377,20,1082
2775,2221,4569,625,104,6485
9010,2211,223,6849,1988,4557
5629,9018,3740,1722,7194,2486
5512,7351,6342,3432,6811,7826
970,3555,9774,2158,9932,9794
3240,2708,2016,7809,3334,2120
4295,2344,4332,4518,9193,6321
9075,4823,5339,2816,6545,2533
5302,2058,9885,1645,5490,6697
9471,6460,252,9245,8618,184
9040,1858,2893,1056,9668,6228
3177,3963,8572,7509,8482,7766
3831,7557,2590,9170,374,9136
1704,5676,1194,1590,7321,6684
8287,6793,3145,8539,6038,1764
8724,5079,3623,1617,6135,3291
7846,9312,7255,6418,6822,5737
4185,653,3295,6775,9824,3669
5911,1529,9346,7106,3119,6667
3790,1406,3460,6936,9945,9499
8700,8670,4578,2323,288,713
5615,8134,26,2871,4553,6849
8609,8738,7503,1904,5514,7327
5574,1426,8856,4920,8532,1976
1588,2323,3382,5049,9259,3328
4549,7960,1998,9127,284,2287
9841,5899,421,9868,8770,4974
6717,7379,3713,4220,9284,9227
1548,4859,653,405,9780,9186
2381,1369,1509,5764,6418,768
9092,967,8729,1091,95,9013
3378,9936,4912,3799,9805,3683
8774,6522,1063,2487,743,348
1714,2292,5207,2368,2697,4987
1554,5078,6356,3063,842,2775
3832,9935,3743,2561,1026,3838
1575,4405,3775,6487,8205,3581
171,6979,103,1234,9467,847
1582,1181,3139,6789,3550,5836
1777,5105,915,8134,8169,1758
909,2002,1693,4652,4563,2720
8491,6139,7126,2267,2626,5331
5848,2798,2311,5952,4032,1778
6799,5615,2960,9939,2405,6511
5776,4182,1616,6691,2317,9785
8449,3226,1787,143,7879,6351
2863,6370,2490,9989,8638,5117
5321,4486,7915,7633,438,1948
9412,7238,7564,2372,7178,9969
8884,2954,4152,500,9646,6469
286,8096,9696,2074,8239,7575
8426,1103,3946,917,1092,2584
6034,6414,7071,3950,4047,7509
5899,3459,4748,3463,5832,1926
3433,4716,4880,7585,5217,4526
4055,5504,2622,3751,7578,862
1326,6005,1965,5273,6922,3058
7857,2957,9472,4929,6907,3519
2438,2807,6979,7187,6270,2811
9113,9703,7528,3993,7289,2745
8520,1344,8250,1143,5096,5828
2005,6423,1833,3971,1696,8756
7029,9554,1713,6501,4483,8620
21,6922,1428,7001,4109,7698
9813,3222,7402,7341,7216,4692
87,5737,6036,8337,6881,1133
4166,8887,7556,6000,2858,9252
4756,9887,8807,6469,6389,3290
5090,6411,213,6518,3412,4322
4216,3225,7545,1619,567,4762
6311,654,499,2348,8992,7381
3481,3158,6268,1037,9158,9126
290,3915,9014,9098,384,5403
2389,5474,1815,2602,1992,5227
6925,6209,8453,4470,7828,9020
9233,4140,9674,9733,6489,8667
7114,9970,1825,3382,1008,984
2508,1299,4899,1523,397,5283
6927,2786,758,8742,5389,2750
3970,2314,8960,2423,6785,6788
1444,6018,929,1119,5751,7418
9786,2865,7389,1611,6248,8398
2596,8757,9697,7495,280,95
2779,7207,2882,3537,5950,8271
6288,9921,586,5248,2344,7371
2037,3789,3390,2966,4908,9142
385,4694,2008,7774,6306,8256
6172,8902,7013,5870,6398,7294
5966,9177,4502,8848,2715,452
7120,9003,373,7706,4251,2718
5078,6288,6507,8468,9255,1416
7611,9640,6110,9619,7415,2416
7875,3588,1319,4889,9459,7717
2184,5425,6895,6686,4273,9610
7139,1394,8614,7513,9100,2865
232,4178,9154,6740,2647,8409
8156,258,8050,4266,9877,5466
6683,7753,9054,8003,2643,8513
5721,4827,3938,2616,1513,8212
2227,8653,9606,841,6166,8707
3706,6398,2885,2861,3138,5533
1270,1295,5791,9321,5561,5669
4787,2245,3422,3841,248,6065
2355,5969,893,6293,8586,2407
4506,813,1060,4112,1654,7226
2819,5361,3625,5705,8222,6764
1238,9493,8059,7030,8814,3621
2699,3601,5867,6122,7443,6116
2188,9798,2086,3081,6092,672
5488,598,1485,6548,4711,3140
3775,7531,8501,7401,3237,6724
4166,4475,6217,2226,1506,5031
5847,4205,8633,1715,327,6076
7831,2515,5874,9917,5597,1967
590,1085,2565,2075,7634,7277
5216,1410,4809,3718,8811,8046
442,2978,2522,6659,5204,4028
1690,1051,8233,323,2767,8561
6399,598,1077,2274,516,6675
4241,1106,7761,6807,3182,5395
4085,8398,6806,8894,2116,5618
6940,2558,8596,9463,9217,3800
3491,908,4852,1725,1231,7619
287,7631,8218,1365,9906,8735
8040,4148,9841,5801,955,3024
1197,5041,1423,8004,3935,3539
3622,876,6098,2219,340,5316
6019,3831,6225,872,5557,7457
8492,5844,5089,6710,7209,4995
5446,5250,9143,5287,1051,99
8312,2249,5140,9735,253,9076
3275,3876,9953,9373,6095,293
4690,2114,4125,915,2987,9683
8373,1479,5527,3462,8190,2737
8457,3636,7988,7601,8924,9040
7700,7236,1289,2841,6971,1543
1918,246,5419,1872,9620,1514
2166,4311,3629,6292,5227,6616
5975,3600,8095,1502,7062,6285
4240,5520,9922,2228,3121,8846
1268,822,6083,2558,3664,3054
4101,5582,3301,9520,7455,2922
1035,9621,7233,4664,5913,2461
1281,1888,6061,9376,3391,3124
5662,7632,8644,5585,9861,1765
4431,1129,2588,514,3688,6252
3569,7789,1834,6871,7310,9290
9793,8346,8911,7027,3010,4825
9489,4292,6714,5550,3668,106
8675,9331,7738,7319,4916,7599
9085,9348,8729,1673,9863,2417
7925,3432,207,9760,304,7517
9050,98,5864,7962,7126,8875
2787,6615,3167,9502,2165,6836
9608,840,6167,7346,8160,1084
4945,7245,432,3675,8919,295
6092,6845,3728,6299,6605,4032
3817,5656,4131,9681,3618,1257
8556,6406,7872,1723,5908,38
8559,5516,878,4727,2863,9039
5811,7809,6285,6244,1484,5204
6539,7576,2049,268,3876,8655
4301,7693,4311,8432,7375,7929
9689,5931,4336,7561,7655,244
7599,6215,5761,8478,943,8624
7518,6754,6433,3803,2999,7917
9008,9538,5494,1058,9807,9370
9713,4108,7064,4025,2540,4439
1955,2230,371,6291,9791,8027
6535,7391,4242,2296,5870,5186
920,3388,1941,7354,7191,4940
5271,6200,4479,766,7258,4286
136,6972,8394,7200,997,935
1639,2952,3165,2011,9243,2957
38,5779,348,4281,8075,6218
9467,8996,9607,1408,6351,6798
6348,1623,2998,827,2389,257
5114,2525,7229,3508,9726,8226
4444,1366,1178,7609,3377,422
567,3416,6201,915,7697,4277
7134,7165,3274,6741,8573,9625
3540,4922,1248,6539,5750,3638
6796,864,6163,4025,4373,5890
2251,8817,7257,3430,6427,634
3852,6994,4051,54,7910,1748
4331,5045,8913,7606,1786,7487
7232,5327,2409,8480,1866,8159
2118,8662,9023,8282,2688,3397
4173,4939,2214,1430,8370,8642
2065,2223,5636,6116,2277,3547
7864,6609,8592,6778,4215,379
4265,1447,5706,6674,9928,7572
4834,2047,6235,3858,330,8923
7255,4504,3863,9469,5934,2233
8111,7999,4456,3748,4115,6733
7295,1980,3343,5888,8758,7559
6267,3024,9007,1973,9699,8935
9545,4533,983,5781,8392,1314
4704,5647,5818,8567,5116,1752
801,3228,9752,5257,6977,3868
1991,4273,5848,5334,161,4607
2893,6428,7632,1901,8401,7331
837,7947,1865,1820,3728,257
3135,8433,5904,8953,7001,1021
706,7802,4250,459,3060,1228
4327,5052,5501,176,386,5662
4784,3280,2091,2416,5181,492
9748,6018,8440,1614,7839,2169
1871,975,602,7776,9929,7604
8798,636,5407,3048,1095,8467
4276,5423,3519,9778,5600,3906
5441,384,7187,7532,2801,2369
8025,2550,8388,6465,4164,6228
8634,6036,7203,9237,3812,7132
6841,2610,7768,2248,5659,8864
716,9936,4287,4236,9714,9887
8143,5156,272,5330,2688,3074
7700,713,5624,6088,7178,9789
2316,5813,5825,9520,5051,9638
6652,1892,2249,4421,4141,7909
3285,4858,7845,7573,9094,7560
7460,7238,2716,7733,2568,5405
807,268,6118,6432,6357,3297
6222,8674,9111,2048,8194,4162
1686,4846,6055,3936,9268,197
1845,2553,5055,9691,126,4150
7252,7587,1388,9969,5320,3957
5374,6128,4226,1493,2561,583
4790,8783,9257,3902,831,7452
8064,2518,2298,4119,6454,1566
4317,8299,4120,9372,7991,4246
3523,5243,1834,4912,5212,7155
8869,586,3283,3096,2079,5845
3680,6870,4629,2938,772,5461
390,8837,7979,2689,2957,4433
4255,7274,2733,8376,6646,724
2623,170,5967,4457,5082,1180
1612,3952,1766,4896,7048,3846
742,728,716,5371,3666,1489
832,4056,326,8811,6745,3283
3245,1001,558,5979,9378,7204
6704,2001,7375,2672,6458,2457
3852,8071,6410,5618,2968,3459
9464,3710,4187,181,9081,7854
1671,9914,1911,1997,8725,8657
5281,1971,9659,5839,7950,9037
3044,4655,1039,420,7327,7497
2878,1179,5569,9288,6798,8537
2747,6262,2247,6935,6444,1328
4790,8115,1242,6702,113,9968
5359,5395,1940,5019,1235,9891
4056,4280,4546,5095,4700,1873
2593,7578,3053,8162,6866,9851
6700,9614,6114,8947,6549,2558
276,1339,674,1519,8041,787
1487,3401,6183,3428,8420,7418
3319,2477,1698,7866,7573,6399
9739,167,3977,2792,8330,844
2644,5030,458,8758,3977,7007
1316,4254,8347,1990,5773,6389
2778,7261,9791,8962,689,8212
6381,4009,690,8080,1875,8264
4479,1614,8431,8456,4407,6762
9300,7051,1792,9759,5809,5770
6767,7126,24,5115,9117,5797
1504,1896,3059,1296,858,3748
9508,7239,7757,199,5319,9632
8463,9799,1247,6895,8256,5655
3657,7557,2707,5449,7316,8516
1220,4083,5643,1244,9198,4760
7042,703,6656,101,1999,7515
3850,1508,4755,1607,1708,75
1240,171,9874,2488,7067,8130
8143,724,5687,851,6174,3003
9367,7394,7087,5011,8639,6285
9771,5681,6988,6428,5783,8988
3944,9633,497,8699,1241,2205
8774,2481,2377,8648,4970,9444
6779,3114,169,2466,3965,6343
5470,3333,3738,2557,8344,2378
8842,8116,8060,5831,4545,3843
4820,8489,3476,5318,7189,4717
7524,5963,7199,9901,4612,2170
9346,1391,5284,9516,3858,9249
5860,9328,2582,9598,1886,926
1976,728,9043,36,6560,3588
3880,1381,2077,7357,6699,9266
2075,4223,5230,9274,4125,9843
1444,3472,1235,6729,2988,5093
5978,8848,4422,8561,8447,6308
9487,424,7037,8530,461,3598
2119,4341,4979,4196,1698,1679
3463,3773,5903,8694,3048,29
8537,4493,3501,9772,1222,6490
4866,7201,5338,9288,5762,3786
5597,5250,4210,2634,3781,4672
6233,5900,9013,1213,96,712
2892,3560,4486,8796,2254,7534
8825,792,2028,2327,564,3251
8817,5431,452,4156,4719,6215
7942,317,1465,2153,2952,5246
6825,9185,1146,5839,398,1243
6551,3291,4804,1038,2087,7058
8572,913,7851,601,3240,8415
3852,2057,3846,4304,6214,8566
519,4157,8884,1985,6310,1836
7232,3136,1021,8378,8976,1420
9622,5528,4712,4426,6566,6800
1485,5138,7713,9337,5739,953
7752,9592,3011,1599,3896,9226
166,4416,3383,9050,6402,9694
886,3634,2831,1908,2013,1807
3329,1635,7335,8041,6062,3901
4842,7548,9040,2555,6885,4779
3509,4638,4372,6521,6238,8268
5747,6404,2685,9131,5455,9088
8825,6342,2722,1656,8251,4735
3464,1580,6371,799,9622,2433
4700,4464,9982,3740,7020,6868
8520,530,1507,2892,7051,7745
1161,2799,4150,3847,1931,9605
2935,756,5948,5657,2413,4199
392,5877,5779,6764,6677,5402
9197,1377,9867,9180,5117,6888
6049,3638,7418,7556,6530,4470
5301,7692,7270,9451,1539,9201
9057,4474,9958,5005,132,2372
9205,525,8249,4985,7289,4926
387,6486,6304,255,5667,1422
7143,1716,5060,4562,9272,1591
9032,4574,9283,6302,4026,822
5504,3084,5297,5462,8090,5429
7834,7295,5954,6084,2280,3243
1011,2668,9730,7315,2923,5397
8737,67,7114,3798,4629,6386
5389,3661,961,4672,9964,4987
5495,5468,8071,792,930,6161
6221,8764,3456,2175,4849,5737
5418,5860,8405,5148,3175,1329
546,1913,1396,7660,5711,6025
4047,1101,9687,5008,5773,9651
9996,1268,5120,8067,2061,6050
4229,8282,4815,7686,457,9665
3423,5876,5525,1829,1024,8701
3158,1571,614,4555,9231,6326
580,3279,7427,268,8287,3201
9920,8284,4470,5040,6351,6531
1091,581,4814,5907,8267,5271
5572,1691,1147,1097,3521,2172
9798,6679,3743,413,1235,2975
6740,1816,6254,4168,2084,4542
7369,2004,2826,1840,7045,9178
8372,8136,9759,3186,4043,8027
8458,9615,9719,9606,713,3240
1778,512,9920,5522,925,1155
8497,7665,2971,4752,1834,5056
9294,9203,7061,2120,1044,4106
1298,9417,2243,1058,2603,6286
9086,1061,5902,8805,668,6615
2045,2447,7127,1966,7969,8053
3122,6467,5719,6094,1219,7553
1150,513,6757,8211,2634,7801
2318,3933,7218,4561,4991,9822
848,4077,884,6750,2883,1552
3366,4929,3999,493,6895,1969
8547,17,8436,4266,6111,9656
1819,7262,170,8576,5474,2804
6378,7792,6738,3597,2354,1730
3420,3202,5808,4304,9952,8691
5857,3319,3620,9857,3812,516
1826,2360,533,262,6626,6645
9918,8446,3908,89,7023,9382
2893,3402,7175,9631,6999,9530
1361,419,2732,7169,4724,2685
5861,581,6004,9481,438,9817
9997,2264,2177,531,2527,8804
7177,2446,7251,1085,2535,4274
468,5429,7676,7644,5060,4676
7174,6422,5095,9906,3592,9819
2592,9453,401,8596,8935,839
8414,8933,3104,592,9465,5632
9396,6642,8078,6647,7728,614
922,8197,6043,8598,5841,1104
3274,3015,7527,8370,2922,1119
8190,5514,573,8592,4111,9508
9432,2526,8441,2536,3118,7906
8168,2515,4549,6247,9163,2278
6862,85,475,2905,8684,6317
4010,1959,9332,1537,330,2255
2656,8520,7770,3230,7112,1882
2738,6545,4408,1180,9081,7526
9087,7250,42,3637,3498,9205
5915,360,9291,6391,3266,7975
2708,7276,9934,2041,8813,265
4296,1470,8785,2066,4700,5898
3949,7439,2444,8357,8620,1525
5884,7708,8776,5926,1345,2275
5132,7261,2635,4423,3652,5902
2398,6360,3178,2333,8401,1991
2598,2698,3462,1384,4765,8162
7283,8714,5602,9727,7071,4222
1253,2956,1930,30,8882,3275
2305,4014,536,4941,8437,4189
843,836,549,4022,3170,8951
6013,5768,1649,9476,7153,6414
7638,4437,5128,3241,4165,2200
7463,5418,5156,9393,5449,4039
2669,7754,8053,3206,2696,6491
7395,3540,7327,7945,7562,498
6896,3576,6266,8545,3052,3420
4959,691,7858,88,3932,2023
2288,1395,7442,7445,789,2891
1484,3458,646,9537,6665,3342
6029,4061,6882,3357,2006,4444
3855,8902,8020,122,7447,1073
3542,2407,1764,1401,2496,5696
3424,4784,7091,866,2229,7881
3757,3713,1340,4404,3251,8005
7746,9281,2066,4629,2638,4073
9074,6494,2975,7095,6616,423
8168,159,2831,9932,1560,5327
5629,4984,111,2721,5851,2341
602,9609,6055,1942,4013,9307
9948,1760,8588,2015,6389,1227
6088,5464,7721,9063,2559,4338
9486,728,4497,2317,660,6058
7644,6290,1042,7756,9011,6894
98,9613,6503,6153,1556,516
5461,1504,2276,4049,3519,8665
5277,9607,4129,2998,8670,6689
7336,8157,7417,1834,475,8078
7892,8120,4368,8935,5877,3379
5829,5975,2993,2332,2129,4549
2848,7590,6053,5124,1640,9573
3790,6918,9180,7920,9916,7851
4609,7253,6009,2027,9088,6485
105,6980,4605,4473,5915,483
7853,1744,6458,846,4077,8588
5396,6925,6179,1450,2050,7819
1023,5841,4738,203,3761,4654
8055,8371,1908,4064,398,996
549,503,7977,5155,4977,3892
5638,2831,5637,2097,3677,9715
685,9074,6641,6864,524,8691
4684,1547,4532,9422,1751,8294
4077,9806,6666,5986,3871,7064
6982,4420,7568,4960,9576,2546
8853,5214,5377,4491,7311,9055
4206,7997,8129,847,4862,8653
9538,9547,201,4071,8969,1952
2366,3047,1759,9032,9033,5630
6096,6016,51,3665,976,9627
6211,9829,4842,1588,4320,2154
644,8527,151,8773,9374,5014
7427,8913,4561,7628,2984,3531
9581,5351,6578,1340,4383,5612
6970,480,1628,7021,4146,2605
6649,357,2435,1491,1946,6756
3645,2590,5283,3797,1364,4657
8811,8791,3570,3372,6420,6555
6903,6001,1907,3482,7341,6290
9094,4312,6771,722,1333,917
3328,7982,1275,5763,9474,3222
2519,3119,5812,7802,6916,7177
2460,5728,5969,6031,9100,2389
2587,6004,8390,4494,9486,5732
785,8580,44,7557,9303,1378
8475,2631,9361,9750,8394,8835
2972,913,1954,8785,8716,8871
5963,1177,4599,1932,7208,3700
4321,9796,9704,2712,4291,9190
8445,5077,7771,8489,2634,7074
9867,1109,9705,9228,860,8099
8063,3833,9013,18,2618,7730
8890,8581,8907,3489,514,6116
7189,4835,5912,6894,7548,204
6085,5993,5281,3856,4482,7916
930,4350,9025,636,3579,9886
8735,1643,3719,7749,1661,6338
5479,551,4920,4387,4041,5434
503,1231,270,6416,8125,7818
6620,4211,3811,1902,8067,8294
9818,8998,2644,8844,9635,6224
8730,8370,7867,2450,6120,9528
8788,1599,80,3709,5986,4121
9144,6490,5353,9414,2906,3479
7232,9527,7690,1044,1429,5758
9339,1248,4756,1984,92,4391
8208,8822,2762,6075,1273,8882
5604,61,482,5684,3771,6469
9806,2915,2959,5160,2329,5866
8639,9562,5393,6329,607,6823
2087,9946,8071,6844,1930,8164
1236,138,6987,3998,6214,8260
2881,1818,8322,3364,7503,2093
9833,7310,5008,2793,2470,7338
8660,1109,6900,4053,7438,7507
877,9526,7454,8949,6370,9385
7113,7606,9524,4101,1605,5738
2361,4487,7557,683,7852,5060
2776,7686,2370,7784,479,4841
5122,9139,5950,2023,3193,3389
9531,4071,2916,6985,3021,9287
6370,135,6894,5894,4236,8499
1633,6597,2987,9190,7280,839
4250,57,8525,6621,7842,9005
1462,2965,8145,7413,4988,1339
803,4520,5410,3719,1505,8431
3006,7876,8566,9900,3771,2803
8400,5404,9400,1388,4595,6681
2228,8845,6738,753,5467,4581
9759,6930,7546,7904,4344,2534
9244,5147,7055,4654,8867,8560
3086,1874,6437,1653,1775,209
4456,175,5613,3857,1564,208
538,3792,9054,7277,4546,4522
1858,4305,1452,9405,2210,5797
1940,1454,944,8995,6109,9812
7556,9195,1687,3993,849,3462
4202,5305,3638,9816,9163,5202
25,9702,8994,9079,6980,3540
3601,8838,7846,5054,8243,56
851,184,1511,1796,9179,7620
1609,6735,6816,3296,728,7665
6758,4931,2971,396,4747,2134
5598,4772,1836,4593,3852,8817
8134,7454,7655,5980,2508,5899
6037,3360,6083,7548,5156,5263
5169,6765,1998,1985,61,2727
9651,6819,7658,2622,7216,2406
4757,2815,7178,6594,7408,1031
5411,5543,8485,3067,1523,993
8967,7561,4354,5051,5110,9510
314,279,6276,2312,2265,6337
5039,1916,3157,2697,4539,374
5103,9296,3189,2282,5890,598
3313,1302,6141,1799,4369,7665
2793,3336,5226,7147,8387,336
6657,8701,616,2934,1013,2881
9271,6052,4798,2429,8750,9337
2803,3854,8634,5993,6137,4524
6591,9450,5826,2733,1250,196
398,4043,3532,5625,1190,1919
5962,7848,621,6578,782,1634
9460,53,7687,4258,2483,6438
3596,5287,292,2230,1280,6429
6755,7871,5880,2582,605,7130
2778,1004,1173,6310,6629,2364
8230,2592,212,8851,9171,994
486,8631,1048,8173,2890,3531
4612,6487,8819,4904,8717,99
1334,5473,7971,7214,8055,8576
4345,833,9580,5519,7144,6210
7883,5375,8802,8095,4226,7973
9090,4713,6605,138,2886,9496
3670,7498,5983,2489,2403,4700
2588,3737,173,560,952,8229
9136,5298,9063,8717,817,6207
4927,8701,1583,3730,6796,5809
1704,5887,522,8309,6025,3409
7805,9695,908,3789,2185,3312
8489,4773,7050,8663,5333,8003
6892,4470,3301,5955,3187,4119
2163,8115,2820,3746,1846,9617
9556,3550,5504,79,1860,1530
3489,9666,1225,4397,3455,3411
7710,1945,8184,4760,608,3518
2763,7501,7989,6065,3457,1177
184,5621,9292,3005,9368,1139
2622,8924,4689,8127,9004,6550
9657,2493,6216,883,6891,9671
4295,4601,1617,2479,9362,2226
5998,2125,9728,3988,8191,3185
5165,8375,8807,4458,1380,8175
5597,4003,7100,287,2131,6104
6837,1789,8598,3053,2673,5490
2725,6968,91,4342,9448,9454
6569,5447,1580,6297,9435,9771
9483,4600,8146,8290,9059,9527
6465,4656,3531,3566,4944,5663
9671,1781,7452,8269,4835,126
3759,7561,7094,3851,1904,6542
3305,8473,1990,4886,4770,1425
4657,4253,6026,2803,2543,5086
2331,9009,9742,5863,2576,4686
1526,2247,6468,8978,517,1303
9105,4277,8864,6199,8129,768
2742,1435,9241,4732,6321,4012
6158,978,8265,2185,3782,809
7271,6113,9819,7014,1976,2395
1701,3502,4643,8169,2481,5160
9472,1586,9437,8337,7786,7566
9106,529,9001,8347,5262,5322
2360,1420,6301,625,3606,83
1435,877,6196,1254,7891,8173
3649,9592,1675,8292,7762,4157
3453,7235,5744,2890,5572,3531
457,4678,4060,9459,3026,9322
4782,5386,743,1083,6011,4349
1166,7447,5226,7362,8701,3118
5536,2351,2711,7212,643,474
1369,4096,7709,7114,6987,3281
645,7445,7960,4705,6904,986
4027,1686,6372,4770,2769,2384
9120,3936,9831,4346,1298,8533
7465,6835,884,177,4047,1528
651,5416,5625,8360,2531,2612
1642,3176,57,9602,7881,6962
589,1909,8649,6961,6680,1418
9346,5800,5354,9178,147,6653
7711,7612,3488,8595,7790,7535
123,8442,2952,5748,6803,5483
8361,8445,8659,8419,8048,6541
5381,8637,8451,4030,5599,5131
5449,4945,931,804,4123,1078
7458,1835,8691,946,430,6481
8482,554,4924,1435,6303,1727
6919,4664,173,5579,3083,8221
2120,8465,6859,571,2496,2458
5702,7946,7404,6634,8750,1528
7712,6208,3363,6403,7155,3794
2885,5638,4348,7809,7073,651
9536,3992,5315,9709,9571,8399
7931,1692,6865,4790,2264,9361
7249,7967,7307,4653,4601,6058
6181,2313,2267,9544,8717,9422
3338,1602,5061,7687,9412,2134
8338,8949,6127,3654,8659,5699
2054,6590,7391,8919,1381,9655
8281,8630,7622,5589,3283,2224
1647,9465,4537,3915,9009,3255
3337,2348,4857,8398,35,4270
533,8374,3219,6660,2028,1878
2360,4082,8468,9751,3002,9849
9407,1283,8480,7030,6873,1763
9254,8521,1228,3791,2436,238
7046,5774,2587,1904,4173,2622
6174,4706,997,9393,1367,3026
1271,3727,7108,9740,3479,111
9590,2886,1395,8070,9916,8268
9834,9170,6789,1063,2962,9225
1302,9,5000,3889,1914,9173
6512,8088,3879,7509,7482,5247
535,8754,8974,7644,8495,2454
7756,8085,5340,9151,6156,5256
7419,5991,4427,4209,7054,7389
3435,8357,7399,8435,2246,9313
7608,8759,7402,1488,6268,4884
6735,6804,3639,5710,4449,2134
8164,2205,220,3504,1356,6376
8761,8776,2367,3188,2986,9422
578,6421,7779,7977,4857,26
7290,2465,8785,4693,3954,5054
9577,689,1858,3217,6400,6308
5352,4564,8513,5572,8069,9870
1949,6830,8647,4317,19,1633
3739,598,8055,1519,8576,2912
1545,5867,5378,330,560,9332
5385,138,22,7244,3355,6422
3552,8707,986,2066,4280,9056
1936,6229,5887,584,546,5907
2218,4286,6505,273,5806,5082
3186,7351,949,8564,7682,1509
7897,3067,1648,7919,311,5003
4342,3864,3711,5329,5930,7992
4385,7867,4221,272,8451,4768
6179,669,9055,2685,943,4861
7767,4129,2213,8716,2694,9895
226,592,2963,1874,8511,3274
6878,2854,7138,589,8183,3068
8581,2568,936,2803,2841,9387
7572,9020,57,6627,1706,1000
1489,9473,5130,3702,8190,7824
3597,8416,8416,6561,291,6928
9835,7169,9782,6974,7759,7965
43,6341,534,979,9144,3375
366,6717,2396,424,3345,4102
1424,4834,3575,6554,8536,1766
4379,2134,182,2795,8695,473
9724,8531,7642,9506,5505,5402
7472,5549,1743,8006,6528,887
1382,6895,7604,3778,7319,949
7881,8744,5784,1457,5298,4321
3223,9678,6456,3405,2474,5152
3879,2198,3683,1522,1705,9189
6924,9177,4738,8667,7184,1267
9555,8566,8162,7160,2344,5482
8110,226,4226,3894,1683,9525
8215,4906,9204,4671,8311,1678
9823,2191,3876,3507,3713,5581
2697,637,4758,7436,9305,1943
8703,8860,509,6866,6020,2854
2349,4130,3080,6575,8025,4763
6101,6240,9669,5305,912,7981
6983,736,172,860,4244,3886
6441,6941,4524,1200,4377,3829
3143,3080,2690,3653,9947,8710
6508,2296,2841,9588,8872,866
4352,4974,7107,4021,279,8020
2003,7263,8756,2176,8124,3000
6063,4566,9942,587,5767,4319
4416,8911,7400,7107,2564,7347
5817,9072,9644,8659,8661,8516
9526,3013,3491,6633,7035,3770
4654,9038,1034,3410,1215,9159
6411,7278,3725,6353,7865,9492
673,2282,8403,8073,9389,968
5421,5207,40,5066,3867,8701
3583,3393,1715,7074,27,8750
845,4681,7789,1880,8092,9004
1039,4504,6283,4764,858,4149
4257,1531,6432,2660,9605,5822
3629,5027,1030,3669,93,4897
2371,3677,8290,4086,751,8318
2837,1596,3000,626,3476,1092
9631,4516,5596,5915,9280,6454
64,3538,7986,6497,6198,7591
2319,9827,2618,3349,3497,2712
8247,5869,6389,6538,9956,7141
4856,2793,8737,7856,3420,2214
8949,3051,6730,4545,8966,6011
1000,9031,9549,8986,5529,5748
6578,7848,5576,9197,1198,9074
1909,9445,4943,8299,5984,4899
5441,840,7693,4179,8697,1113
6393,7646,4164,3124,2192,3131
9136,3193,2163,8686,2180,7692
4434,8758,5541,11,7955,6740
9085,9865,6186,4029,8165,2170
8928,3606,3011,6621,7785,1708
7735,4179,9355,1899,7303,1548
5031,6440,4741,7195,5126,6921
4887,9561,5680,429,9572,3635
7169,8658,3501,3355,2687,1666
5525,1615,5272,8537,8237,3058
245,5972,7237,9601,7872,4541
1150,2904,981,5892,100,6108
2814,4988,5669,8494,5417,5242
2130,2586,3900,5631,5942,6587
7297,1468,8203,2570,5,6441
5629,251,2414,2866,9852,286
7407,1003,3191,8389,6895,3291
4497,9709,8279,167,8203,3697
5409,333,6284,9309,5965,2226
5896,3262,3694,4099,5833,3699
541,1462,3951,2955,4329,3803
3242,1737,4807,6433,126,1702
9725,4624,1411,8005,4791,9615
1702,201,9949,7986,9510,5914
212,5407,9177,3907,9507,5010
7607,48,6473,1558,3003,802
5362,6245,2539,169,2678,2666
1871,2404,7291,3283,409,2082
2899,2111,2283,2848,97,1794
8762,310,7201,7939,4217,6708
2950,1824,6756,9423,3382,9759
226,8744,6004,2766,8914,8683
5432,786,1088,2723,4069,1497
4806,6969,3608,7090,9817,3706
8884,8580,4016,6085,6519,8234
2794,9470,58,9550,8893,3441
9310,9119,2186,5315,1885,1100
3999,7318,1887,5087,41,5956
6584,4848,2925,193,1938,2743
3900,822,1323,7916,6908,7843
6151,9702,7313,6209,9253,6206
9651,8563,5326,1838,3879,7212
2939,7878,4531,4826,2965,4573
783,9550,9421,3709,9744,1359
6452,3644,2182,7775,1560,9091
5618,7711,8793,2931,3921,8047
9138,3573,6611,4465,5411,490
1678,8350,8368,6209,3176,1334
782,3959,885,203,7669,629
1563,4121,4273,3746,1897,5834
2837,7515,3546,1631,447,7467
9678,9586,1041,6289,4051,6452
6779,5729,4803,5148,1938,7980
6482,2721,1940,7368,2925,9609
7997,4488,3730,2270,8234,5627
8105,1072,3143,1651,2703,3591
9119,2381,3177,160,8670,7229
6613,5450,2959,1416,598,4898
9397,7081,7619,1337,4449,544
946,2447,5033,4677,4718,3267
304,2823,4339,3448,4475,7043
7040,3594,9424,217,3755,8095
7447,368,3545,406,1785,4144
5305,1182,1226,2924,2519,5676
3469,3466,8123,8502,8143,2841
1770,8448,5665,6110,1896,140
3153,8936,3735,2578,9154,7490
673,6602,7859,4219,7009,9644
8363,2314,827,9590,5238,3347
5266,8708,6813,3389,7210,4957
6231,8981,3405,1896,5091,5302
2037,8245,4239,5772,823,3394
3263,1496,9996,1122,5716,7005
767,4080,9319,1594,3670,4558
4941,8936,3266,1755,2325,477
6712,8557,9459,118,453,4550
5420,2491,2796,9660,8263,3619
3054,1526,5116,3051,2649,832
56,3416,4912,9376,5010,8582
3935,9952,7518,7202,1707,9844
7680,8420,8401,7139,8538,8855
1690,3959,1346,4486,3619,9610
8105,6673,1137,3222,9724,3786
4054,9781,7203,8967,9158,2213
7549,3093,2165,5068,296,3873
4913,7976,2293,3314,5115,832
2170,6805,4791,3517,1291,8410
3128,9397,5083,4265,2619,4808
8052,6673,4590,5255,5641,3748
7469,3190,6842,9635,8259,7138
3508,3172,5114,5802,6487,230
6634,8658,7035,1425,2175,8327
9836,5303,7724,4920,9569,344
9728,7621,7018,4319,2877,2659
8067,346,5850,4910,9981,4109
2048,3490,7282,7163,9293,3770
7393,5928,2428,4429,7353,4603
2757,7190,9907,482,2110,9476
826,1839,7098,7844,6158,9975
503,4226,322,6354,9136,304
464,1184,3795,7746,8348,3088
1517,5741,9016,3945,171,6370
8549,2928,3560,8456,3410,5671
7933,4236,7510,5031,2080,3668
5007,2584,7894,5330,8938,7030
5635,9403,8215,9430,7149,6563
2519,8666,2304,1536,2612,2475
7906,1161,5404,1467,9618,8814
7138,7552,3050,4648,2583,5131
8317,7591,7716,6211,2922,6655
3242,8557,6058,1457,7987,3208
8020,506,1875,325,2043,4487
2801,9950,5649,8205,1417,5268
7019,8556,2820,70,3205,5404
5202,1522,2995,2918,7734,5917
9573,976,4474,5632,2433,2462
8840,454,2969,715,780,5012
5202,3581,4962,852,1787,6380
6120,8807,4937,8940,8878,8142
4344,4080,9665,7340,6998,7399
3258,6572,8375,7733,2204,809
195,1044,1264,3165,1759,2044
8177,6962,5626,3140,7814,7414
9521,3934,6221,4458,2875,5099
2601,7220,9179,2266,4560,6178
9666,7818,2750,8042,5552,4954
8851,5747,5999,116,8913,7758
2160,7091,4720,7787,231,2535
5201,9753,6469,1422,4211,9345
6522,6812,6565,5701,9079,1125
1880,8745,8944,4630,6787,4496
9585,5639,244,5584,5755,9157
3342,7916,6248,8063,5703,6480
598,904,6233,7068,2327,445
6413,8849,7258,2979,4551,6337
4105,6431,5083,3049,1062,1871
7546,647,7510,7791,6231,3265
6948,9574,1182,3197,7637,6885
9678,8236,7790,5912,5305,117
6357,1718,8967,3616,4697,3518
9954,8802,9950,5037,1852,1012
6908,9399,1659,4419,7190,7891
7685,4139,7465,8867,7336,5103
5752,7014,3339,3543,2926,8644
3660,9284,363,2627,2900,5061
6146,2854,3864,6096,7892,5717
7109,4800,5116,8769,9219,2306
6660,6905,6445,4126,5772,3782
9229,1525,797,2569,5068,3724
1213,8728,3009,1577,1356,5909
6638,7503,8764,503,3600,6656
6220,709,1456,1336,9479,676
3643,6139,7582,89,265,3354
3872,9495,4879,4669,2064,9948
8394,3278,8676,1403,4856,33
7313,1495,7536,6077,1998,1136
2733,8218,1846,4190,9555,1325
4867,3199,7465,2449,3289,7731
5803,7161,7226,683,1831,9291
631,225,2570,9308,1629,7426
9342,8942,8921,6878,5019,920
8015,7752,9139,9862,1943,8694
1188,6810,1894,8653,9259,5183
6385,5063,2344,3611,5747,4175
2903,6378,4401,5473,5687,6030
2900,5029,4972,1822,1908,9991
2742,9924,7744,1881,9786,9687
576,975,6498,2470,9628,5758
7654,6013,821,9998,9625,6568
4174,2529,2947,8576,8003,8634
4606,903,3664,9579,2725,5572
9571,5467,5496,7316,7349,5283
7004,7925,6258,3502,395,5887
9260,8049,1900,82,8048,1526
6651,2223,4056,9599,800,2059
8233,5406,2963,1898,4986,5689
7470,4558,1157,2967,1874,8506
8250,8878,6431,4508,2380,6827
396,1641,4876,2297,1723,2925
3823,8375,5149,7880,7974,5949
9939,6208,1356,2903,8106,6342
8592,5576,900,9749,8544,2774
8255,6794,1653,4687,1303,4033
1514,1699,5675,6391,3996,7398
9316,7820,5773,4465,5700,3747
415,5640,9956,1771,8543,8062
8114,7135,3639,9015,6885,2183
1790,5140,8977,3443,9827,281
7477,1342,1981,3152,7733,5977
551,7049,3798,6324,1515,9499
72,1931,5139,28,3702,3682
8091,1816,818,1730,831,7703
3913,2621,2844,2891,6065,2672
3173,3542,4014,5154,6694,1747
1132,7245,8797,4930,3570,313
4429,3643,2244,9568,3672,5946
3251,1763,7763,4070,3493,8595
1773,7407,1217,4618,298,7282
7290,3471,825,1305,8626,7519
3052,9758,4765,1850,4688,8335
2163,9118,1979,4408,8687,5651
355,1938,7414,8119,6008,908
6714,7782,8315,7932,2400,8614
5215,9691,2086,6040,996,712
3559,4049,471,8325,5900,5159
6661,8063,4278,8640,2472,2965
4291,2827,4904,1706,946,912
2614,7661,8695,930,5593,1096
9545,808,787,1631,6848,1784
2344,408,5833,2815,8734,1734
7975,5395,9797,2253,4035,2270
5219,8327,5097,123,33,6043
1036,2648,3704,9731,3578,9298
827,3123,106,1615,4755,6955
3399,7099,7364,9233,9915,6098
967,7890,1494,765,144,5529
3035,5363,3857,8132,5486,3890
4176,6522,6539,7881,6254,117
7179,7082,3241,7286,8697,7997
4242,2097,5097,1607,1330,5012
7706,2298,2903,9200,3063,3047
4730,6099,8411,8587,4232,3897
2477,8408,420,9017,6289,6675
9134,3469,3757,2376,756,2454
373,4998,4551,5470,6605,5882
483,4311,8180,3386,3512,1244
6434,8242,7343,4845,6829,1575
8743,9307,9984,9163,8324,6274
5839,7459,9743,9596,9835,499
2051,209,5498,6603,5680,2104
2485,6164,6415,666,9550,9927
1910,5984,8169,9254,829,4999
829,9572,4306,813,8736,2630
7088,4575,89,6832,4172,9925
7331,6223,135,2830,2826,5815
4934,5311,1979,1350,5978,1530
1278,7888,7514,9448,7143,8344
4447,7972,7917,8753,8786,6654
1384,5874,1229,1473,2706,5402
1399,38,1625,1534,2869,4451
7350,7803,9763,9330,9153,5741
860,432,3630,8375,9880,773
6720,4327,8746,4637,3081,7533
1291,4465,3408,2521,5939,6115
7923,7338,6154,9549,8872,9023
4000,6223,6827,3764,5553,5981
9506,6413,6413,3137,4789,6293
3911,1509,620,2657,6147,3701
191,7438,8167,3599,9960,4106
9714,7884,1445,5868,7433,318
4892,1434,6541,1719,5199,2094
7700,4705,8508,4113,7842,3298
407,1753,4807,1027,4411,954
4729,4602,8393,2897,8202,8354
7003,7917,6239,8449,3786,3673
8767,8678,5107,5309,397,306
7403,8098,5012,5912,2212,2855
9210,2619,4609,4018,3647,9020
4973,8376,3623,3366,1274,1826
1721,8278,9743,7960,6727,3529
1633,5494,2207,6741,803,2605
7048,8207,704,2060,4120,2916
4915,3331,5535,9524,7349,9182
8545,2323,7559,2169,5689,8833
3995,7411,7111,3739,5371,3838
7268,7004,9333,9476,3746,137
2081,794,8345,2785,2854,2466
5702,7770,5797,1237,7294,3147
420,5840,5470,7979,8009,1160
6813,2005,8571,3925,5744,3942
7764,3012,947,7097,2489,4693
7235,4570,5487,5581,7356,8342
8047,3058,6112,3844,4296,3407
6992,4716,9247,2462,2696,7257
3623,9509,9263,2194,3434,5007
6137,1198,8020,7085,8296,510
1778,5532,5080,7266,1113,2437
5609,9160,5496,1722,3005,9792
5129,9997,4509,4377,2460,7205
1635,6083,6715,898,8278,150
5906,4415,1349,3927,1500,9646
4437,3279,5178,9518,546,6292
1955,6156,5452,7451,7878,8458
7244,3007,8455,1753,7384,916
8959,9019,6999,5675,9918,5278
5825,5824,9693,7175,9752,1194
6821,4189,4474,2000,3707,5020
8292,5663,1176,3745,3114,9054
2203,359,2062,659,2112,9447
1575,1072,8467,8575,6747,8385
3853,2572,4210,3547,9748,3962
4741,6569,8151,9215,8570,1859
4236,6862,7522,5413,608,637
4468,2811,996,6530,3471,3109
5977,5046,4181,4444,3622,928
2830,7476,3501,7040,1023,3249
1003,5765,9819,9155,4981,8389
1014,9218,5252,8537,4631,5860
9174,9099,8672,171,5629,2143
3280,1607,7190,7461,6052,812
8390,8883,8288,1891,5923,9312
5140,6927,5078,4959,6082,59
3348,7097,9277,8601,5634,3908
4461,4809,3008,3134,4980,8637
5277,8261,245,2468,5723,6297
3280,4113,5180,1569,6004,1104
882,1145,8032,5960,6104,4114
6020,9453,1212,5297,8054,6847
9206,2516,1656,2214,5651,6637
852,929,4899,1098,3397,622
7396,6678,4736,2577,8248,741
3681,9130,1886,1714,5091,7991
5829,1111,7445,7041,6409,5500
3888,5616,8017,5545,7831,3668
2183,8684,4597,7083,9782,7995
7706,7178,4673,2442,9756,2922
3184,3437,2053,5071,5152,7144
3062,981,8256,508,8022,4666
6008,1911,282,4025,7457,8114
7694,9640,6798,2292,6724,6581
287,4430,3760,4961,6872,3516
7883,57,6954,9936,5128,2106
7081,8191,3087,5337,8699,1110
3,4708,3021,286,8734,478
8400,6428,119,5199,8720,6843
1781,9008,1274,5541,3969,8146
9057,1853,8204,6012,1790,3332
8118,8871,1523,1206,4209,222
2316,4213,4930,5337,4499,3664
5816,2900,93,5936,8100,8814
2780,9881,7822,4054,5422,1792
2201,4480,3645,405,492,5435
3737,8611,4307,5261,9817,8516
5483,2133,2729,414,7471,7229
4079,3288,129,4172,9225,8230
2987,2005,8111,809,6060,3534
2602,8261,8015,6248,8666,8508
1684,2404,7119,5991,7665,6937
4507,3149,9071,7237,3563,6542
4466,7643,9831,4595,1816,9056
2826,4803,1062,937,5613,7122
4471,8215,5383,2486,4464,4050
994,6148,6455,8114,2140,4120
5051,6648,7269,4123,3885,833
666,8351,8476,497,2947,293
9554,5773,5096,616,6710,710
7738,1182,8926,3122,3669,3390
7172,4664,9539,3627,2779,1679
7748,7831,8327,5018,1954,2212
5851,2620,563,4328,3118,3510
4621,2672,9284,9718,3289,5995
428,1027,7177,9354,4150,847
2745,1323,5511,2284,4950,8290
3963,2699,6122,2290,7717,8076
4503,3569,696,5067,7897,3815
8578,2519,6487,7862,2238,9776
3857,2667,804,1035,2022,4954
1882,4767,6277,7394,7051,1228
5684,1015,3928,1806,3306,1645
9883,7809,5214,580,2877,3112
4395,1455,5632,882,9317,7871
659,3174,538,1464,4209,2560
6418,6092,7328,2696,3486,4380
3925,9171,5395,7853,978,8702
9498,861,6512,4713,1441,9389
7826,5836,844,3459,6719,161
1330,7378,3336,1868,8843,7546
4429,5261,3638,1757,7958,7125
6137,1883,6296,1533,9736,7274
235,9235,8135,6747,3949,9577
6136,1776,5413,6980,5235,2133
7142,6565,9512,478,8434,8355
8025,2864,3617,1664,4621,1575
8789,758,3458,5085,2292,3195
2359,2527,2431,495,9274,6381
72,5411,8157,5486,2391,3393
7620,9534,9959,7132,12,8394
5487,8038,1258,9104,9702,5879
680,8491,6638,4139,3576,8930
7335,5936,1457,9767,6431,732
6148,6504,6143,4306,1991,8535
7700,9611,8069,7659,6744,8082
6053,2231,6120,7311,1336,5822
3191,2017,4314,9830,6156,7890
8760,3491,3827,218,3258,258
950,9407,6763,7094,3714,8755
5629,1414,8366,3698,9073,5110
1780,5127,7342,7901,2439,8679
3723,5630,696,8037,5460,6852
5928,4221,344,9755,4439,3603
14,5390,3010,6778,2484,6724
5533,8113,8138,3900,1812,7212
9010,3593,2340,6353,1494,4779
5032,5218,410,5729,3256,5871
2581,9185,93,2926,8940,4532
6529,8955,9923,9540,5734,2407
6265,1267,521,4404,5167,2334
1616,4178,5927,3957,532,7422
8736,5565,2640,9147,1294,5897
5019,3876,5082,5112,6802,4023
9645,3332,2979,9568,2872,8713
1976,9137,9981,2497,3541,5149
4832,5158,9327,759,9116,9860
8182,7853,5425,823,7000,6719
6720,2019,595,1803,7132,7397
5827,6777,730,8806,6345,3602
7520,8321,2740,7501,819,6282
2650,5651,1440,1978,6411,556
1838,4593,8409,7264,5417,5410
3983,2137,7430,4579,3941,4563
1977,9768,1340,2707,8575,7686
6309,6095,6008,9049,3596,6828
5332,6247,2480,6772,8225,8891
7329,64,3485,5739,7329,8902
1150,1312,1040,8581,5892,4981
3144,7869,4750,4484,576,3325
2171,6886,9421,8179,5936,3017
5007,1268,9265,7487,8041,7491
6379,5371,7556,9865,1111,4885
8768,2261,6197,9808,842,2089
4790,3987,9959,9541,8471,535
2867,642,7422,2288,8822,3358
5305,3830,4627,4571,1317,2668
2062,7697,8039,9618,7562,9150
4503,6331,1412,701,6140,2255
2791,931,6242,2750,472,4713
3286,3339,5356,708,5627,4179
4067,933,8009,8694,5504,9327
1363,7567,7024,9403,7185,4587
8553,1689,918,9965,2390,7059
2221,5181,7990,8463,7932,8462
3176,1219,1802,8533,1928,7429
2712,5995,8363,721,4690,3867
49,6053,1434,7073,5457,8620
1661,4010,309,2580,3976,2699
9639,6197,7881,7629,4660,5814
6092,7837,7033,7894,6371,8961
5323,9083,4957,3687,9805,9647
7554,9854,5701,8989,6928,1158
7609,8589,5169,7919,1169,9146
618,809,5344,8500,8438,4
4314,4530,7842,1347,2424,4213
309,7748,3297,5266,1436,3102
4914,8991,2957,616,7980,9885
1775,5590,8475,6944,3509,9645
6091,4128,454,1435,2628,8892
1440,6943,3423,9282,8291,5848
3496,8600,3597,6793,3867,5033
9896,8781,4024,2853,9398,2005
2738,1173,7595,1214,8117,1105
859,4208,5233,1313,5644,7862
206,7084,4806,3630,6366,3098
9478,9863,1699,3076,6656,5566
8109,6552,4348,2134,9406,3746
4139,2144,4919,1735,3358,3037
2841,4218,7246,8074,5531,2890
5937,5738,9974,744,9368,6341
3842,8846,6204,5541,1923,2860
1108,32,9413,5456,2167,8819
9203,6307,964,4123,8042,4323
7160,883,8541,4406,8958,4073
7296,4896,9811,7271,5641,9179
3612,9483,8026,9816,5025,9949
2677,6134,9982,2091,1590,2149
911,794,8456,1875,4917,6499
6198,2077,7383,4740,6484,6342
8813,3781,1239,8624,1052,6880
7804,4665,6364,5830,4482,1390
5779,7160,7524,5761,9251,9115
7911,162,9909,6368,2038,4827
2867,8237,6905,251,2977,3389
6593,1791,7171,7833,415,8224
4713,8219,2889,1077,4050,7371
2468,9829,4532,9992,5591,3783
9107,3502,3946,9017,9871,5984
3844,2739,4221,749,2990,7199
4139,9584,8990,1310,7417,9406
9534,2130,7625,2424,3208,1675
9796,5676,1505,4328,5669,7096
8111,4776,599,2058,3793,470
8042,7638,3209,2264,8387,6200
9464,2527,5784,8454,3837,3202
7860,3372,5333,5486,5796,8542
7162,5592,4218,8667,9921,9888
5764,8032,4664,6364,91,8458
6835,8133,6096,45,398,4484
6245,9862,7011,2030,8317,849
5232,6177,4221,565,1664,18
9107,8826,5611,3326,7494,5532
3214,3258,3565,7879,9623,3656
6338,6458,1790,2435,6503,2189
6919,2749,2051,3931,4779,369
4780,12,6546,9002,578,8210
9021,9685,7037,4632,3012,4531
164,6227,7790,3729,4106,7413
7386,445,3872,9176,2880,376
1365,9799,3125,3417,3731,7905
3786,8512,7917,333,7514,8495
8544,6535,8181,5581,1168,1194
112,1332,7421,7903,5062,1528
5317,2448,1973,9189,1625,4853
9566,2991,4653,2691,6408,8384
597,195,6897,8515,528,4411
7011,9072,947,5192,4653,2115
6387,4766,3448,3808,2669,8510
5337,7986,959,7310,7176,2585
2164,6742,5576,6817,9434,1985
5202,32,2180,2099,8547,2708
6511,5558,1780,7458,751,6434
9574,7138,1201,3022,947,3870
1533,6284,1857,2493,3595,9034
5078,5759,5776,655,2577,5211
2640,7780,5243,4820,9880,3790
7529,6391,9349,9310,3850,101
5744,3425,7239,6946,6447,8187
817,7981,4472,2674,474,8067
1709,5553,3827,7485,6208,6405
2697,8848,4185,7940,3669,4066
1731,1198,458,1081,508,4309
