2000 6
4421,5153,4671,4520,4877,4718
3102,5235,4262,4100,3121,4312
4817,3252,1828,2644,4309,4165
6403,7838,6184,6410,7991,7138
2710,4039,2823,4404,2277,2658
3052,2360,2335,2884,1766,2231
1917,3443,4423,4978,5863,4800
7359,6138,6128,5879,6462,5203
6920,5110,5262,7344,3762,5816
4358,6504,4583,5505,5589,5899
4900,4281,5144,5201,4129,6595
3091,2777,3102,4415,2486,3181
2458,3504,3771,3087,4346,2593
3737,6008,4835,3465,4997,5291
5966,6665,4497,5235,5597,6438
5093,4268,5714,5143,4781,5905
2796,6098,2530,5457,5448,3317
7613,8011,7625,8636,6803,8179
5208,5401,5225,5869,6180,5992
5457,5799,4556,3076,5532,4058
6023,6635,4775,6111,5105,5560
2483,4503,2761,4463,3338,4398
6612,3641,5701,4637,7094,4873
3675,4443,5220,4117,5992,5770
4509,4917,5318,5216,4864,2827
6069,5931,7173,7131,5549,8456
6878,5742,4446,6990,5578,4723
2220,5052,3666,5364,3236,4224
3497,7060,4211,3734,3519,7246
4690,6167,3635,4767,4486,4108
4382,3020,4844,3787,2921,4554
5394,6532,5473,5918,5381,6947
4737,5688,5305,5431,5020,4627
7123,2482,7516,5594,4263,6153
5868,5542,4522,6581,4654,6510
4832,4096,4561,6018,3391,4914
2886,3495,2113,3342,2471,3200
5459,3900,5348,4689,3093,5551
4794,3331,4890,5734,3819,5187
4110,6235,4055,7508,4033,6554
6196,5613,3245,4050,6032,6079
6965,6737,5555,6328,5903,7042
3337,6861,4243,5025,4193,4361
4419,6877,3572,5672,4729,6700
4806,3912,5902,4663,4489,5647
6200,3695,5275,2282,3723,5337
3235,6750,2049,6001,4009,3264
4351,4637,6313,5086,4360,4943
5817,5801,7382,5467,7312,6664
4605,2620,4116,4130,4624,2993
6985,6382,7415,5994,7417,5697
5257,7418,5406,7371,6505,6166
5796,5392,6296,5101,6810,5912
3016,3813,3481,1748,4278,3409
1814,7636,4404,4356,5740,6508
7654,5817,6508,5932,6251,4383
7818,9010,8942,7807,8445,9140
2882,4692,4800,3481,5132,3467
5281,7183,4709,4035,5822,3771
1744,3764,4079,1750,3439,4732
6324,5184,6191,5005,7703,5548
6489,6319,7354,4004,8721,6243
1931,3974,3219,2686,3719,2504
3672,5303,4379,5655,4382,6834
5308,7045,5579,5633,6152,8033
6055,3364,5710,5238,2918,4883
4010,3941,4260,4254,2245,5652
6170,5830,6100,6311,4662,8404
5945,4742,4859,6008,3403,5911
3728,4089,4108,3533,2947,4374
7734,4212,6175,5667,4655,3800
3829,4252,3262,2939,1973,3142
5199,4529,5354,3653,6958,5240
2490,4804,5522,6084,3398,8179
4754,4942,4282,4770,7559,1593
3945,2488,3470,2087,3322,2142
7015,4463,6828,5912,4554,5177
2946,2824,3342,2378,2421,2734
5647,6725,5937,7519,5215,7690
2217,3881,3405,2679,4364,2493
3675,4988,5645,3892,4814,4913
5554,2426,8170,4332,6221,2183
7069,5080,6282,5988,5183,6199
7632,7972,7574,8120,7246,7122
2992,4027,2732,3021,3017,3549
7130,5073,4096,5834,3147,5400
3687,5909,5877,6244,2921,5365
5271,6902,7180,6748,6473,6455
4066,6836,2467,7141,3720,4801
5636,7377,5822,5232,5607,5366
7909,7634,8201,8804,7530,7013
3200,3728,2136,3584,3632,2736
6367,6797,7962,6747,6528,8424
3799,4379,4821,4824,4112,4593
5072,4524,5898,3968,3428,4989
7637,6792,6897,6486,6445,6721
7411,2922,6746,3626,6034,5071
5052,4141,6027,5204,6428,6535
4650,4058,5917,3674,4165,6646
4946,3097,4131,4202,3936,4347
4578,3294,3660,5201,3084,4740
6327,5848,4357,5214,6480,2649
6294,3498,7914,5460,1227,7400
5178,3846,7335,4409,5562,6270
4715,5243,2840,3244,4756,2410
5269,4648,6518,5028,4751,5559
7076,7196,4842,7521,5196,7229
7076,3466,5237,4973,3419,4159
8210,7561,6189,6926,7578,5553
7440,4774,7452,6544,4942,5923
5319,4054,4947,5100,4361,6274
5840,6870,4969,5689,7336,4989
4973,5260,5692,6005,2147,6140
3851,6249,4289,5517,7189,6643
6123,6052,7610,5298,7031,5893
5481,6148,1572,7039,4534,4440
1861,2185,2387,1668,2653,2385
5873,5315,7617,5630,7321,7675
6340,4528,6161,4928,4306,5793
4310,3968,3989,5124,1578,5844
5008,3952,5633,4464,4994,2658
5269,5330,5554,7341,4982,6963
6102,6610,3645,4544,5345,4831
4961,4258,3600,5372,4259,3095
5971,6161,7247,4627,7869,5587
6723,5677,6007,6327,5797,3940
6048,3888,5616,5692,5130,4491
3014,2127,1365,2919,2476,2991
4274,5417,3792,4056,4580,3105
7194,6994,6616,6982,6890,6760
2819,2495,3349,2621,3536,2859
4591,2823,3329,3782,4218,1506
3816,3977,2120,4531,2997,3235
3110,2451,2695,2559,3395,3183
4985,4790,5193,5987,3787,5852
8034,6008,7191,7891,6252,5674
5851,7460,7282,6168,7022,7672
5850,6410,4790,5371,6896,5263
3724,4233,4224,2537,4965,4761
3528,4796,5541,4135,4572,5658
5649,6969,5451,5197,4688,6733
3739,3542,4528,2673,4242,4830
7124,7060,6585,7210,7100,6857
5611,5111,4610,4550,7048,4665
3009,2841,2859,2157,3575,1786
5027,4781,5637,5374,5867,3576
4007,5925,3333,3943,7070,5495
3655,2897,3272,4081,3242,4450
5359,3414,2940,4500,5101,3144
6507,5090,6422,5244,3145,5119
5282,3200,4280,2564,5144,2695
3521,4827,4099,3602,4550,2846
4203,5042,4464,4303,4016,5170
6870,7087,5036,6891,6726,6190
3204,2440,1827,3787,3366,1212
5000,5975,3488,6378,3751,3658
3425,3966,4136,3547,4380,4712
6120,5991,6052,4353,7556,5768
6163,8493,6864,7205,6715,7854
5404,7016,5594,5558,6820,4847
5140,7484,4235,4764,6197,4693
5110,4881,6677,5424,4698,6284
4994,2451,4194,5168,4053,2456
2707,2620,3225,3510,3389,3469
4256,5681,4516,3813,3984,5806
3579,6419,4310,6019,3439,6393
5870,6974,5116,6377,5995,6833
7051,5198,5756,5935,6466,5185
5060,6253,4811,3680,8143,2923
6200,4845,7823,5054,6123,5746
3995,2536,5188,4001,2766,4608
6638,5209,4150,4867,6218,4022
3909,3295,3649,4367,3068,3001
6699,5544,7969,4456,5667,5237
5482,6017,5490,4707,6510,7274
2517,3131,2740,2525,1840,2410
4065,4231,5478,3579,5736,3628
6514,3942,4463,5474,6609,4146
4403,5802,5583,5931,5564,6756
4064,1755,5673,3361,4959,4678
5108,2979,7886,5207,4207,4437
3293,3830,4560,1383,4427,4068
4409,4946,5806,4857,4671,3951
5267,4202,3978,7295,2257,6291
4989,5881,4712,6328,4716,6224
6513,7126,4299,7328,4242,6719
4150,5080,3420,5270,4845,4728
4324,3016,5360,4859,3686,4986
7283,6434,6421,7591,7007,6536
5146,3281,3823,3712,5140,4600
3657,4819,3199,6365,4653,4527
3654,8431,1696,6551,5079,4222
4099,6459,3670,6227,6078,6178
4672,4013,3518,5516,4252,4109
5074,6744,5766,5933,6269,6190
7302,3744,6500,5727,5664,4739
3597,5247,4530,2586,3716,5862
5003,4352,4089,3373,4197,5598
2944,3913,2277,4949,3376,3580
4933,4993,4448,5401,5844,3106
4250,2651,3151,3380,3494,2994
6670,7397,7245,5767,7992,7783
6490,6250,4533,6398,6060,4525
5620,4688,7192,6828,4593,6849
3858,5217,6507,4557,4273,4081
4210,7199,4625,7183,6445,4803
8140,5146,7348,4408,6240,5049
6876,6235,6613,7854,6999,6614
2016,2910,1470,1940,1910,2014
3796,3761,4304,2827,2498,4202
6102,4501,6576,2480,7212,4568
2385,3540,2159,2698,3691,2709
5924,5432,4683,5958,4779,4708
5023,5097,3921,6038,3239,6139
6360,2692,5654,4571,4879,4125
5960,7551,5296,6151,5992,6161
4592,4938,7359,5829,3871,5832
5472,3568,4827,6980,2397,3153
1779,2356,1362,1769,1728,2028
4586,7012,2209,4459,6025,4727
5970,4475,5596,4488,5289,5357
4256,2943,4390,3101,5047,2512
5736,7403,5636,6690,5379,7729
4951,4209,3705,3507,2274,4031
6498,4622,5824,4284,6687,4687
6644,4843,5838,4607,4400,7390
4879,2723,5565,4723,5517,4748
5292,4722,3631,4382,5407,4502
6246,4778,5449,2558,5006,3050
3026,3267,2015,2630,2759,2591
7001,5388,5924,6429,5303,6820
6112,6463,4526,6385,4478,7437
4543,3853,4467,5244,4096,5813
5192,4730,4180,4188,5097,3803
7525,6633,6856,8344,6619,6408
4563,6149,4994,3547,6847,2941
7451,6466,5318,6524,5247,4698
1391,1084,1464,890,1227,612
2552,5399,4613,5909,3785,4930
6535,7157,6706,6703,7343,6361
4960,7045,2842,5809,5919,4873
4591,6544,4421,5807,6132,4608
7953,6039,7721,6488,5928,7083
4176,6763,6258,3900,5195,5134
3377,3726,1908,4289,2724,4874
5896,3915,5218,2940,6221,4613
5889,2880,4554,6272,7833,4313
3860,5368,5469,5205,3405,4972
3336,3160,3566,3239,2396,3420
7230,7714,6888,6861,7454,7271
4729,4037,3352,4306,4547,3484
3052,1899,1419,2965,3307,2367
2909,5824,4675,3227,6939,4743
8041,8986,6674,8175,7413,7355
4692,6170,6357,3839,4306,4409
2349,2512,2519,2527,3037,3230
3021,4095,3822,3882,4537,2642
3909,4545,5079,5861,4177,7072
2041,2853,1225,2820,2853,2514
1675,4685,3525,2801,3872,4528
6181,5237,2159,6047,4499,3345
3349,4592,2687,3488,3584,4321
5605,7534,5021,3331,7072,3870
3715,4115,2682,5689,2607,4277
3233,2507,5121,3184,3291,4014
5019,5972,3546,6457,5774,2764
5647,4475,6271,4682,2707,4480
6192,5201,8133,6691,6552,6868
5920,3084,5547,5341,5764,3160
4815,7594,7384,6273,5567,7382
6075,4667,5242,5293,5424,5995
4910,5331,3941,5467,5182,4736
4869,5472,4227,3959,5040,4733
4102,5297,4012,6713,2097,5103
3460,4686,4236,3762,2832,3119
4308,3988,5205,3675,4417,3768
5682,6694,3595,6515,4703,4743
3941,2927,4222,2146,5539,2468
3356,4810,5425,6936,4418,5770
3806,6047,3774,6133,5341,5190
5519,5903,4628,7808,4793,5397
2232,2117,1766,3099,1629,3232
6518,5816,5850,6440,5241,4891
4215,5480,4561,3127,5381,5171
7002,6100,5523,5705,6287,6889
4058,3411,2093,2643,4289,3941
3793,4520,2627,3680,3718,4396
6955,3725,5729,6425,7744,3199
5608,6794,5087,6608,5690,6573
4766,4707,4240,4938,3326,4925
6119,7971,5871,7119,6262,6397
5506,5992,6067,6253,4472,4524
5686,4747,4138,5205,3459,2413
7958,7530,8294,7081,8632,8426
4441,5273,3929,4795,4723,6399
1851,2962,3536,2076,2754,3511
2747,4528,4228,4221,3913,4499
5480,4963,6698,6202,4752,6265
5767,4270,4436,4590,5870,4114
6153,6203,6757,6463,5243,5693
5576,5451,6872,6394,6509,5161
3626,4768,6477,4645,3250,5891
6842,5584,4935,8994,4236,7569
5365,3821,3592,5451,2018,4404
7347,6846,6034,5098,6634,5669
6973,5528,6241,6891,4794,7523
4812,3719,3636,5207,4028,7471
6841,8056,6621,7236,7091,7814
3624,7329,4393,4669,4266,7140
8192,3733,4529,5130,5924,2504
3431,3615,2107,2569,3631,2900
6160,5557,4230,5999,5584,5249
3671,6445,5160,6794,3496,8194
4996,3039,5442,4174,5260,4740
6329,6706,6977,7452,5785,7113
3932,4349,3798,3717,2850,4509
2452,3553,2693,2327,3963,3046
2819,4594,3306,2787,3948,2527
4694,4278,3385,5807,3625,4078
4950,5401,5396,3977,5508,3976
4343,1689,5932,3412,4013,3602
4153,3482,3993,3942,2906,3475
6903,5825,7502,6815,5310,4413
3064,4397,4706,2889,4264,4889
3649,6142,4342,4793,3723,4732
2778,7060,1713,8187,4169,6430
6548,6934,4329,3762,7351,2818
4102,2811,4795,2134,5235,3664
3835,6122,3876,5414,3322,5130
4146,2561,5339,3731,4620,3322
1930,1999,2949,2041,1739,2938
6047,6193,7257,5972,6807,7132
5363,2608,5858,4550,3614,4744
6199,5121,3493,2389,5587,2754
4212,4049,3653,3854,3991,4606
2728,4029,3240,3781,4463,3195
4875,5706,4665,5707,5922,2135
6075,2409,4554,5104,4557,3954
5528,3039,7943,2708,5437,5920
6309,5972,3940,7936,4591,5906
7402,7339,5151,7926,5594,6408
3751,2940,3125,4081,2423,3302
4212,4471,4745,7358,3774,5716
3527,5461,3226,3357,4382,3705
4074,6374,6392,5304,5933,5800
3276,3950,5567,2253,3793,4881
3129,3679,3824,1983,4566,3453
2466,2491,2267,3986,2312,3113
5297,5700,3504,5689,6181,5482
4384,6937,4252,5111,5181,6738
4385,4228,4720,4384,2669,4584
7372,7293,6436,8376,6027,7171
5852,3197,4153,4431,2502,3077
2435,4661,2775,4572,3827,3085
4259,2129,5572,2808,3653,4538
4600,4268,3898,5329,2692,5384
4989,3145,3866,3078,2409,3386
2927,4696,5117,3876,3080,5292
7273,6673,5487,8112,7109,6423
2294,4188,3630,4578,5359,3644
3549,3534,3424,3372,2178,3558
5022,3771,4395,4038,3934,5081
2151,3329,2327,2488,2027,1462
6045,6629,5740,5301,7065,4757
4640,4043,6084,4691,5775,7257
7289,4985,1991,8279,3214,4831
5164,4979,3206,4180,4539,2915
3049,6031,2810,6050,3809,7250
4854,6161,4048,5570,5340,6443
3216,5365,6381,5806,4290,5061
4322,2996,5688,3698,3885,3498
6030,5009,4295,4761,7262,5347
4406,4379,4671,5421,3567,5316
5477,3083,5313,4583,3500,6771
3954,3816,2548,4540,4074,2758
3876,4872,5619,5028,2612,5805
3285,4591,3337,4707,4259,4786
3921,4060,4861,4596,4314,5089
5169,6131,5764,6548,4663,6349
5952,5972,4112,6984,6087,5646
6862,7318,6844,7213,7273,7881
6856,4827,6729,3632,6084,4996
4778,6979,6742,5101,7376,7614
4027,5459,3970,6006,5466,5126
5410,4835,6366,3502,4675,6512
2301,4977,2761,4723,3961,4927
6804,6063,7863,7045,6234,8167
6297,5511,6799,5767,7054,5684
5197,4142,3717,4575,2842,6357
5630,6876,4383,6285,6314,4710
4405,4817,4333,3707,5332,4826
5922,7785,6123,7288,6113,7187
5328,4269,4544,6177,1859,5065
6043,4092,5994,4529,6114,3794
7331,3127,4757,4516,5452,3528
5288,4059,5723,3913,5017,5041
5689,3163,5914,4314,6104,4759
3041,1951,3044,2430,2391,1576
6263,5023,4535,7245,4250,5769
5247,3807,4175,3028,3813,3488
8825,9170,9255,9047,8883,9372
6414,3724,7305,4079,4020,4433
6192,6608,5696,6447,5456,4609
2715,1639,2895,1827,2069,2450
5870,6830,5503,6774,3372,8274
6357,4286,5824,5502,7241,5361
4074,6108,4500,6276,2913,6664
7611,8612,7479,8173,8243,7806
5981,4554,5994,5630,4515,5213
4734,7327,6408,3129,5113,3745
6157,6355,5990,4329,6517,6378
5124,5916,4328,4977,4568,5089
3270,5432,6746,5391,4820,6546
5716,4504,7018,5824,3169,4064
6317,6086,7284,5308,7125,4449
1853,3554,2974,3467,3903,3262
5405,5439,6039,7646,4584,6160
5151,3889,2617,4980,4429,4290
3802,2864,3836,3686,2913,2723
5457,5603,6962,5425,7388,5227
5779,4148,4898,5670,4216,5356
5430,6396,7408,5065,5106,7030
4687,5012,5441,3787,5620,5452
5631,5791,5744,5658,5983,5285
5829,4666,4938,4653,6524,2072
7496,7103,5978,6645,5916,5979
4149,3836,4912,3884,6653,4636
4291,2690,5986,4540,3536,6658
6096,6376,6860,4594,5593,6542
3766,3700,5966,4024,4351,5100
6511,4836,5549,6383,7308,5367
4950,6484,5063,5222,6529,5829
5640,5898,3475,4377,5967,6155
3019,3345,4587,4617,3703,3809
5870,3617,6681,4223,6160,3361
6420,7376,6958,6418,5521,6940
3897,4514,3943,6230,3076,3226
6711,2128,5568,6923,4377,5300
3481,1339,4324,1354,2854,3933
3122,4385,3958,3601,3852,3822
5417,5403,6758,6407,5511,6446
5468,3736,6269,5332,6410,4538
4833,3253,3204,2616,4249,2983
4676,6149,5492,6433,4986,5842
6180,3517,5758,3456,3669,2402
3555,3771,2814,4960,4461,3634
4337,5644,3216,3873,6562,4029
3878,7224,4076,4827,7028,3419
6398,4363,6711,1880,7201,5284
5741,5967,5856,5790,5555,6252
5662,5177,6521,6138,5314,6361
4588,4032,4048,4228,5582,4333
4809,4949,5961,5551,5055,4964
2802,4475,5805,5295,5729,4065
3783,6987,5643,5700,4833,7187
6887,6933,5937,7341,7761,6295
2850,7010,5364,6004,4936,4757
6570,3796,4418,4862,3402,4055
8345,8141,7887,8831,8138,7995
7985,5532,7329,5940,6620,5829
6624,3611,3499,5451,5637,1600
3225,2289,3874,2839,2151,2574
3005,2527,2927,2364,2531,1488
6035,6365,5415,2145,5575,4766
3817,5639,3454,5331,5737,4910
5545,4374,5288,4604,5644,5538
5860,5173,6014,5553,5780,5955
5407,3847,4281,5288,3977,2850
6279,5261,6231,5552,7702,4950
6020,5842,6628,5183,6366,6097
3233,3808,4267,2611,2983,3970
5696,5596,5675,5349,4680,6432
4347,4512,2365,4063,5005,3838
6432,2493,6241,4574,3290,5787
6511,4319,4726,7474,2955,6492
5657,5552,4770,7107,5633,3715
3653,6171,6807,6602,4898,6737
4325,4074,6473,5654,7124,5266
3116,2347,3863,1957,2997,4023
2377,1883,2560,2139,1339,2843
5323,6729,4478,5140,3664,5471
7182,6149,6428,6552,6101,6618
2666,8045,2636,2982,6326,3515
6825,4302,4653,5090,3592,3226
7678,7509,7495,7370,7434,7484
4314,2544,3221,3078,3244,2834
7564,5884,5748,6875,4713,5107
7035,5472,6125,5237,6277,6709
3744,5799,3994,5006,4366,5286
3851,3499,3108,3604,2109,3318
4474,2807,4532,4991,3186,3154
5002,5267,1812,5097,4792,3508
6908,3356,7461,5860,5670,4161
7000,5856,6932,7667,4405,5501
5612,6153,5435,5264,4707,6966
1579,4633,4861,3456,3838,6181
7353,6379,4911,7169,5696,4774
6818,4764,5295,6732,4281,4443
3462,2729,3438,2461,3605,2256
7300,7092,5062,6177,6620,5344
5724,4707,4329,5621,5942,4602
5384,4980,3258,5039,5481,3447
3413,3564,3344,4566,3168,4844
7558,5571,6815,7278,6218,6920
2953,6069,4888,5882,3726,6669
8226,7787,7110,7699,8285,7586
5807,4620,5894,3654,5401,5613
5812,6577,6034,5290,4857,5025
6002,5026,5156,3665,5590,4376
5985,4751,5372,4796,4196,5449
5618,4866,6113,6156,5733,5557
1226,2550,1561,1698,2212,1691
6736,4951,7485,4885,7325,5944
7960,8486,8538,7857,8040,7969
3608,5462,4676,5958,6045,7032
3665,6265,5859,6499,4871,7442
4274,3323,5636,4009,5297,3489
4419,6178,3507,5006,2939,4400
3896,5077,7525,4591,6444,6630
6552,5483,6223,6179,4940,7075
6595,6022,8600,6045,6029,7487
3997,3916,5001,3900,5047,6248
5762,4541,6173,5229,4760,4010
8136,7900,7615,7999,7301,7087
5616,4336,6122,5477,7458,6839
3008,6710,4681,3354,5698,5744
3812,4541,2828,4311,5941,3361
5216,6321,3871,4056,4295,4533
6707,5676,5977,4436,4027,3870
5223,6192,4593,7093,4291,6657
3210,4780,2658,5088,3878,3616
5183,7040,5177,6848,6504,7079
4462,6237,2873,4598,3848,4574
5655,5682,5299,6020,3182,4800
5028,6442,5150,6748,5623,6349
3342,4635,4540,2861,6205,4240
3229,3583,2654,3522,3170,2181
5644,7213,5117,5914,7307,6227
3775,3207,4458,3584,3380,3639
2829,4229,4312,4321,2066,4910
5372,5042,4069,7936,6547,6197
6087,6674,4453,6806,5062,3949
2179,1191,1804,2404,1719,2078
5817,1821,7185,3148,5061,5247
5838,4724,6617,5018,6113,5631
7447,4670,4730,4996,5224,5467
3061,6390,2598,3196,4097,2746
4205,6376,4007,4868,7279,5830
4110,3417,4019,3848,4296,2949
2868,3894,5127,4167,5728,4900
5510,6493,4240,7106,4699,4556
3596,4170,4670,4627,5525,4543
5758,4407,5625,6576,3673,5144
3590,5979,2095,4536,3477,3949
5798,3552,5192,3069,5726,3965
1552,3130,1198,2957,1705,2532
5397,5163,5930,7137,2641,6326
4536,3070,1319,3347,1560,2579
3722,6500,6512,5356,4133,5959
2609,3021,3311,2561,3713,2955
8092,7214,8069,7828,7393,7783
6216,5903,7921,6686,7235,7205
5649,3975,4606,6730,5592,4987
3983,6302,3823,5854,3790,2615
4933,4829,5413,5488,4398,6901
3240,3913,4788,4043,2939,4179
4629,2467,5262,4968,3039,3338
8045,5125,7679,5877,7327,5574
2969,3493,5727,3913,4728,4816
3654,1581,3035,3565,2379,1852
4151,3208,3296,4186,3132,3914
5634,5455,6861,4084,5532,7653
6039,1890,5384,5563,3460,5109
5067,3851,4006,4518,4759,2709
4024,5459,5799,4649,5223,6270
5962,5075,6135,5251,4010,3932
8026,4554,4395,5156,5075,3907
6721,5126,5773,5859,5195,5838
4347,7766,3411,5154,3096,6867
7946,7902,8269,8040,7812,7522
3378,5329,4226,3735,4667,4482
4904,6220,5907,5575,6846,6634
4844,5975,4453,5935,4700,4822
4197,3580,5145,3743,3200,5098
6883,6519,6323,6421,8437,6781
5835,3883,9355,3377,3495,5756
4746,3833,6658,5193,3591,5277
5366,5603,7246,5879,6214,6189
5228,7127,6724,5273,6416,6125
4764,6440,6709,6123,6039,6264
4036,3871,4487,3109,4351,5217
3869,4072,4792,3483,7383,4526
5313,5071,8047,5040,5332,5524
6444,5901,6083,6556,6555,7070
5244,3243,5147,3707,3771,6252
5676,5805,4435,8155,3550,5251
2459,7669,3893,4038,3889,6778
4897,2996,2609,4623,3278,4082
6150,5021,4799,3602,6352,4554
2838,5792,1882,4407,5254,4854
7347,5830,6853,7344,6472,7659
5809,5147,4900,6172,5942,4210
4287,2641,3150,3875,4095,2103
4131,2238,6045,3605,5109,7873
1751,2492,1729,3144,2136,2333
4214,4149,5192,4341,4801,5734
5720,3116,4657,4715,3609,3216
6171,5131,6619,5458,6544,4500
2673,3110,3354,2600,2954,2355
3132,3572,3815,2363,4247,3323
4812,6625,4972,4551,6790,3805
5500,3677,5475,5009,4715,6500
6751,6107,7339,2436,7267,5216
4521,4700,4453,5344,5529,5369
7022,6464,7804,7181,6298,6786
4014,2715,3037,2919,3851,1551
6399,5821,7006,5449,5726,6161
5150,5980,4338,3181,3142,5738
5729,6629,6265,7516,5845,6712
3631,5186,4208,4899,3761,5604
4160,4685,3225,4351,3282,4729
4678,4746,6236,5009,6239,6314
5267,6288,6288,5177,4513,6544
7600,3381,5410,6207,5453,4634
6763,5184,7496,6331,7445,6963
2982,4099,5712,3049,5716,5858
4192,5959,5098,3962,7309,5789
5472,5188,5701,5011,5824,5131
6363,6389,6091,3565,7725,2652
8381,7750,7950,8921,7772,8015
5707,6811,5142,6405,5721,6563
3927,5049,5233,4296,6409,4209
4424,5443,4964,4418,5205,4256
4467,5743,2902,6516,2885,5810
5362,6008,4946,3629,5944,4433
6984,6810,6430,8777,5537,6198
3115,3261,2422,3077,3051,1429
4979,5477,4138,7298,5009,4995
2943,5927,7046,5489,6930,6831
6160,7317,6693,6676,7813,7225
2895,6240,5064,3603,3613,4357
5411,5486,5857,3933,7046,5957
4588,2849,3872,2197,4206,4140
4232,5015,4764,3216,6485,3128
6684,4378,4445,5385,6378,6066
5599,2545,7294,4557,4789,3159
3431,4623,5239,4606,5004,5804
3927,2918,3325,4808,3202,2379
4277,6180,6205,6118,5858,7826
5445,3762,4406,4117,3034,3865
5659,7249,5361,6172,5758,5707
4642,2935,2783,2867,4808,937
6644,3969,6271,4754,5278,6164
3142,2892,4084,3275,2175,4528
2918,6485,5140,4004,6359,4011
6194,6523,5914,7909,6308,7325
7797,5928,6150,6461,7366,6341
3629,7773,3862,6351,4934,4333
5722,3744,6138,6091,3564,4409
4549,5651,4482,6266,5230,3128
1666,3868,3282,3091,4455,4817
4073,2663,2864,2867,3699,2032
5041,8102,5289,5038,6485,6315
3449,4853,4390,4107,4214,4326
7065,5410,6633,4530,6870,4775
3757,2045,3362,2387,3648,2264
3539,4618,3841,2486,3933,3390
5197,5633,5332,5994,6445,7428
3687,6693,4748,3264,5507,5799
6780,4792,4512,4712,7385,5386
5621,7252,3651,4772,5550,4988
5746,5299,4831,6963,2561,5697
2684,5073,3769,3866,2641,5498
3870,4455,4376,3019,6691,2589
7267,6499,6589,6023,6464,4780
3197,4760,2533,3972,4291,3210
3216,4600,6007,5198,3497,7511
3486,5402,3286,5733,4163,2326
9152,5414,6314,7221,8001,3986
6346,2480,7093,4824,5512,4730
4895,4281,6870,5441,6143,5654
5207,4206,8301,3603,7393,4944
7000,1878,6638,4128,5159,2297
7055,8116,7795,8310,7989,8209
4132,6645,3931,3164,4958,3320
7590,6245,7014,6809,6695,4767
6122,4740,5829,6491,4533,4722
3637,4484,4768,3629,4536,3828
4845,4340,1578,4669,2846,4029
4242,4358,3234,4332,5177,4208
6973,7134,7624,7922,6860,7057
7244,7012,5902,6290,5847,5524
4823,5195,5718,4460,4898,5530
6750,4330,7230,6347,6562,5555
8192,6510,6090,6847,7836,5447
3881,5144,2084,2241,5101,2808
3248,3092,5067,1790,4910,3248
7638,2037,7162,3488,7014,2871
4334,5991,5456,5755,6076,6498
6604,5681,5950,6528,6539,5018
4117,8290,5555,6026,6670,6701
5875,6924,3352,5671,5771,4711
6273,4841,6453,4508,5667,5449
2981,5852,3030,3591,6258,5027
6133,6087,7679,6762,7199,5585
6110,5232,4561,5302,3812,5015
3790,6427,5462,3177,6072,5691
4522,2627,5550,2044,6130,3055
4642,3724,3427,4043,4239,608
7389,4056,3739,5006,4376,5912
5928,6571,6836,6181,6903,5277
6394,5325,5928,6771,5694,4581
5035,5597,3604,3333,4474,2824
7158,6569,5899,5679,4155,6091
8117,8122,7500,7706,8545,7625
4804,4227,3707,7862,4584,5475
5602,3844,4853,6666,3968,4425
4988,5918,3799,6225,4485,5145
5959,4843,6708,6345,4778,7046
3003,4441,2768,3660,3934,2573
7005,5803,6074,7492,6196,6536
5741,5574,6226,5341,4011,5500
6561,7374,5256,7463,6466,6186
3004,3119,2386,2782,3551,2663
6425,7335,4826,7461,6924,5305
5474,3804,5030,4881,3128,7086
6845,6316,5937,6261,6021,6825
4041,5082,2805,4198,3691,4079
5774,7450,4024,6556,5122,3946
4927,2814,4221,3844,3336,4858
6424,6701,6843,5875,8221,5561
4232,2893,3601,2892,4110,2542
1879,2001,1791,1890,2140,1532
4471,4524,4378,4709,2770,6291
5801,6142,5120,5950,7678,5132
3653,4259,3712,4511,4770,2313
4433,5384,5702,6362,3076,6631
5396,4894,5333,5607,5332,6199
4379,5680,4912,3583,5540,5363
7467,5730,6600,6529,4572,4159
4323,5373,2147,7066,4465,3946
6179,6396,6454,4747,6575,7076
7611,7788,6837,8162,7070,8083
5250,5802,4606,8535,5387,6238
3302,3953,4947,2190,3529,4407
4881,4126,5327,3951,4941,5220
5998,2742,7334,3511,5969,4796
5117,5640,6435,3989,5273,5136
4006,4595,5688,4796,3128,5588
4931,8037,6317,6030,7289,7250
2983,3259,4075,2258,3666,3598
4076,5349,5248,5984,4196,5756
3457,4195,2846,5687,3364,5227
5917,6778,4445,6905,6431,4925
8046,7511,6139,7689,6179,5755
4087,3800,5808,6771,1942,6817
3670,3060,2470,3866,3562,3808
5236,7414,5896,6283,5477,5343
5955,5931,5299,5874,4673,5927
4000,3252,3788,3797,2684,3985
5891,5195,5587,4121,5860,5262
4072,3569,4892,2771,4637,4006
3993,4395,4015,4030,4128,3776
4223,5730,4367,5257,3380,5833
4567,3364,4649,3207,3743,3582
5416,5639,4944,5321,4524,5198
5830,6542,6008,6006,7252,5714
6147,7577,5128,6727,5926,7240
3915,2679,3963,4844,4088,3548
5048,3362,2254,5434,2979,2826
2775,2766,3835,4569,2997,4171
5774,6806,5281,5339,6662,6314
5402,5068,5613,6302,4756,3364
6322,6070,6195,5466,7533,5241
6174,4163,7633,4382,5766,6185
3358,7810,3877,5207,4789,6457
4488,4239,3790,4121,3585,2941
5523,2562,3155,2762,5589,2946
6634,7483,4937,5996,6831,6383
3666,3182,5316,1276,4853,2461
6239,6574,4054,7466,4896,6067
6107,3801,5747,5132,5325,4870
5346,5618,3993,4783,3641,5103
7010,6118,6007,5519,6436,5895
6971,3207,6649,4267,4741,5507
4967,5321,4836,5909,5651,5162
5197,4873,5943,3870,4065,3640
5097,7647,5604,7328,6235,7446
7331,6017,7029,6311,6480,7051
5903,7033,5695,4650,6450,5517
2774,4626,1476,4986,3033,2929
3060,2669,2474,1730,3756,2039
6835,7730,6805,6810,6878,7454
2980,4610,5362,3317,5384,5272
2591,6638,3593,5472,2363,6209
8603,3982,7380,5995,5581,8559
4962,3192,5524,5253,3610,5371
3476,4549,2948,4648,4055,4111
5106,7138,5545,6944,3601,6711
4475,5992,4190,2863,5389,4702
3200,4134,6434,5334,4923,6880
6720,6446,5715,6872,4380,6035
7100,6986,4160,5183,6668,2474
6616,3912,3705,5418,7408,4516
4471,4827,4353,5293,4368,4443
5263,3925,3561,3829,4332,2099
3866,3520,3026,1744,4289,1672
4149,5011,6515,4547,5462,4817
4374,6127,4365,6546,5035,5081
4863,2750,3324,3312,2459,3643
4679,3456,4335,3832,6073,4831
7240,3864,7549,4151,5788,4230
6120,8104,5624,7561,5766,7484
4784,4776,4243,4161,4406,3910
1734,3052,3771,2300,2369,3165
1961,4130,2169,2783,3669,4919
1407,1422,1170,1555,1438,1514
4397,4910,6495,5594,4559,7113
4712,3597,5652,3171,3450,5452
8269,5442,6330,6040,6611,5049
3282,2303,2991,2811,2565,2136
5621,6398,3435,6527,5826,4453
6358,4687,4842,6764,4410,4729
6930,6606,5905,6187,6878,5919
7715,6386,6478,4783,7271,7028
4255,3004,5368,4268,3581,4830
5852,4850,3972,4050,2670,4167
3955,6055,6479,4081,5719,6512
3452,5575,4056,3858,4284,4406
4835,2898,3099,4294,3635,2967
8178,5112,7259,5292,8082,6010
6390,3760,5459,7390,4388,4005
4998,4687,4834,3048,5686,3267
4811,4786,4291,2776,4229,4959
4198,5651,4440,3965,4865,6025
4167,3665,3580,4690,3538,2895
4325,6628,3142,3567,7095,5947
6896,2497,7392,3534,4859,6413
5378,3954,3999,5836,4609,3848
4148,2972,4535,4077,3395,3907
2839,2214,2794,1947,3709,2469
4855,4259,6664,6521,5017,5068
4551,5221,5085,5651,5907,4523
6711,7401,5379,6319,7224,5532
6496,3576,4026,6117,5703,3895
4133,3364,2491,3517,2777,2336
5724,7687,6093,5759,6551,5821
3855,3134,4910,4450,3500,5795
4686,4426,4777,4347,4856,5109
4390,4448,2721,3428,4751,3921
7827,6808,6340,5922,7590,5981
4769,4183,4731,3354,4466,5345
9103,6130,7138,6646,6868,6493
4287,3071,7648,4519,5855,5656
6722,4202,4874,6833,4953,4687
6236,5057,4451,6075,3796,4078
3968,3467,2919,2853,3595,3984
2493,2207,1846,2670,1177,1695
3910,2622,4543,2810,4021,4631
7288,6993,7327,7623,6448,7170
4702,3393,4704,5129,3025,3928
5117,3087,5652,3971,4587,3825
4478,4544,3189,4754,3552,1606
3174,3257,2251,1794,3243,2271
6804,5873,5998,5560,5596,4922
3272,2412,2475,2503,2816,2763
6108,5925,7814,5303,6777,6737
6956,6537,5774,7236,7169,5374
6184,5135,5063,3872,6738,3431
3540,5536,3557,4623,4915,6365
5877,4431,5535,5063,4592,4754
4505,4358,5923,4911,3013,4305
3790,4868,2557,3816,2433,4029
5126,5912,5171,5424,6159,5957
5350,2049,5329,4173,4391,4656
3719,7608,5652,5290,6314,6785
3489,5935,4914,5316,6168,5689
4807,5378,5318,4706,4592,4833
5804,5155,6754,5181,7087,7185
3832,6577,6041,3314,5098,7197
2952,1399,2362,3460,3442,2706
6272,4991,6445,6108,2944,4653
3882,3181,3849,3887,4335,3542
6771,5782,5458,5835,4852,5365
3438,5448,4269,5101,3179,6057
5503,5557,7460,7200,5946,5352
8775,9232,8952,8590,9140,8713
5699,4059,4120,7793,5233,6127
6096,6451,4266,4323,5908,5049
5577,3759,5037,4822,5494,4246
6714,6120,4989,6735,5985,5824
4178,5676,5246,6570,4339,3812
4523,7149,3960,3961,3807,3974
3688,5521,3955,5499,3700,4883
6414,7968,6242,4593,6332,6487
6065,2154,4357,4697,3477,3621
6294,5314,5399,3597,5237,3582
4063,6481,6794,3633,6537,6249
5949,6638,5559,6316,6315,5430
5489,5952,3237,5498,6069,4486
6157,6037,3717,5902,5614,2013
7165,3939,5188,6580,5858,5052
6506,1668,6179,3553,4392,3237
2840,3782,3774,3849,2228,3997
3531,2520,4816,2694,2748,3089
5456,2893,3568,2876,5226,3154
7752,6976,4724,6628,7443,5228
5421,5177,4794,5697,4731,5752
8039,8627,6847,8209,8151,8320
4038,3987,6091,4990,2342,5429
5861,4322,4631,2966,5892,4428
4869,3749,5081,3964,3731,6822
3123,4548,3701,5100,2347,5580
3019,5401,4119,5366,4435,5714
4396,7469,6147,4256,6628,7260
6864,8103,6684,6336,8585,7221
6406,6026,6878,7755,6721,7109
6041,3056,7552,5320,5808,5652
5843,6229,6995,4952,7446,5021
5673,8839,2560,4574,5361,4026
4095,6818,4371,6281,5510,6702
6056,7438,5353,6365,5228,6745
4739,4597,4851,3488,6073,3772
2631,5553,2997,5373,932,4216
6752,3058,7823,7671,5580,5992
5659,4606,4658,3947,4578,3951
6315,6375,4666,4904,6024,3639
4812,5276,4272,5731,4399,4890
2966,3184,4004,2912,2539,5413
4377,4431,4608,5294,3405,4824
5087,6170,2688,5935,5906,4053
5808,2934,5698,5519,5259,3444
4471,4877,5949,5019,5033,6975
3820,3417,1911,4457,2456,2324
1724,7179,4990,3609,5650,6964
3074,2794,4859,3436,4040,3713
2340,6136,2948,4180,5681,3438
3060,3198,3265,2850,2715,1843
3833,5123,4856,4491,5356,5402
8026,4536,5422,7057,5756,6374
6326,5180,3254,7964,4525,5488
4533,4270,3855,4985,3643,4064
5078,4850,2440,5998,3751,4630
4006,5552,4605,4842,5242,5935
6717,5339,6937,6255,4931,7016
4299,4347,4729,4974,4341,5319
5043,4490,3033,4390,4920,4259
4743,5207,4470,4886,3956,4199
5554,6983,5644,4306,6873,6508
3302,1263,2056,2694,1792,1925
5239,2544,4363,4060,4045,3974
3020,3596,3329,3388,3914,3317
4300,4789,5112,1373,5545,2663
4372,6994,4576,6306,4737,6251
4179,4016,4589,3794,3891,5848
3910,4258,4156,4558,2469,4411
6951,7372,5379,7822,5827,6354
4888,5258,2114,6582,4030,2939
5277,4764,7880,4990,5863,6807
6230,6313,6730,7093,5597,7039
7192,6575,6892,6301,7850,6393
2244,5763,6022,4145,5409,7186
4418,3222,5304,3929,3418,4521
5543,6522,5308,4827,7367,4258
3404,2510,3701,3087,3846,2230
2975,4221,4711,5298,5187,3296
4632,2439,6149,4238,4493,6132
6301,7259,6060,6997,5474,7157
8174,6637,5706,6414,7242,4795
5976,6002,7570,6634,6387,7064
3678,5696,3902,1597,4306,3046
6450,2604,5396,5230,4487,2837
7335,5928,6091,7337,5718,5908
7334,8539,6668,7589,7823,7099
2367,4058,3833,3523,3267,4609
5896,5097,6469,5800,7845,4720
3591,5678,3237,5641,5020,6086
5978,5059,7524,4976,7463,6873
2521,3113,2391,3607,2430,2566
5029,5419,4600,3356,5452,4564
3859,3244,2877,3670,3136,3593
7263,7347,7733,6501,8193,7037
6243,5014,4920,3866,4850,3717
6478,5136,6422,2965,4326,3908
4681,2624,3002,3208,3823,1345
8779,4807,5893,6724,4695,3936
8969,6002,5187,5918,5268,4793
3283,3822,3503,2062,3856,3243
4836,6768,5733,7194,5095,6838
6201,4768,5392,5929,6341,4050
3419,5322,5982,4573,4306,4723
5442,3872,2942,2646,4583,3427
5792,5297,6907,4974,7216,5669
7860,6096,5785,6074,6211,3772
7808,8171,7283,7359,7082,7701
4466,5765,2147,5769,3991,4689
6969,5698,5039,5708,5114,5323
4985,5763,5037,5219,4995,5569
4462,5707,1796,5901,6370,3136
6882,5380,7009,5880,3968,6361
2332,3097,2242,4247,1936,2745
6441,5765,5347,3492,5076,7422
6636,5521,4103,7330,4795,5398
5403,3330,3601,3277,4357,3302
3227,1836,3688,2896,2305,3964
4821,6075,5777,4579,5081,4626
4822,2517,6543,2953,6244,3774
6708,2461,4641,5478,3686,3016
7193,7643,7204,5931,6251,7299
5862,4501,4587,5964,3854,7280
2428,5709,2728,5502,2902,5589
5118,3041,4435,2937,4367,2626
4609,4820,2230,4202,4649,4314
4916,4002,5641,6477,5215,6099
3956,4783,3590,3981,5597,5105
5733,6537,4592,6575,5306,4303
3306,3402,3180,2577,2940,3742
5230,4711,5190,5720,6358,4697
5866,4539,3245,4487,5791,2787
4266,3225,4288,4232,3805,6114
6004,2628,3847,4952,3058,3117
5450,4097,3539,5511,3954,4764
5092,5526,5797,6449,4717,4675
2586,2938,2716,3924,1523,3664
7118,5925,4629,6408,6284,4356
4428,5504,5201,3981,4903,4182
4040,3415,4217,3691,2334,3612
4270,4399,4340,4376,6194,1621
6854,6852,6626,5490,6742,5162
5716,8100,5499,4297,8315,5527
3811,4480,6242,4650,4375,4884
1740,2918,4806,3208,4681,4072
3766,2550,3697,2230,2922,2636
3755,4895,4399,5331,6421,5481
5007,3265,5235,6095,3465,4416
8171,4709,7047,6988,5811,6070
6238,4916,5220,3055,5483,6627
6477,6212,6227,5279,6436,5072
3055,3213,4207,2801,4481,6298
8070,4068,6881,6558,3963,5866
5256,4174,6950,5502,6776,3885
2194,4872,3683,5157,3541,5087
3326,5102,3097,4589,4425,3859
6273,5845,4786,6767,5864,6487
6483,5014,5621,6465,5887,5843
5482,4186,6999,2070,5685,4607
4262,3100,3591,3273,3975,2464
5173,4394,2670,3887,4711,3857
4138,4651,5110,4482,5045,6801
2161,4461,3292,2718,4245,5118
5299,6496,5503,8349,3783,7034
4706,5988,3588,2910,6861,3989
7341,7035,6726,7875,7685,7466
3285,4629,4464,6146,4859,6011
4942,4038,4472,3664,3644,5077
4537,2773,4709,4735,4445,5653
6792,6690,4153,5566,5593,4449
2165,4583,3069,3708,3752,3324
4594,4473,5573,4573,4067,4521
7503,6185,6983,7442,5700,7158
4084,3899,5031,3562,5447,4139
5883,5350,3278,3692,6861,4004
6094,3988,6263,4175,4814,6362
2805,5039,1761,4178,2960,3946
3485,4321,6407,5605,5020,6656
5075,4723,5344,4155,6434,4597
2738,3448,4533,2982,3523,5481
3381,6228,5505,5089,4428,6550
4332,5928,3593,5578,2720,5507
6466,6261,5555,5152,5926,5447
5035,3773,4302,6250,3688,4446
3922,6916,4285,3497,6902,4920
7293,3391,5732,5404,5580,4964
3097,5390,5605,3084,5975,4912
6732,6652,6912,6203,8587,6359
5761,4483,4051,7767,4484,5753
5397,4056,3927,6622,4596,5012
7837,6177,4974,5850,7756,4855
4035,4216,4625,6065,4101,5074
5104,7024,7123,6141,6164,6746
5532,5660,4397,7577,5173,5595
4350,5076,4733,3948,5342,6041
4206,6568,5437,3191,4611,6061
3050,2841,5085,4755,3079,5199
4500,7030,5412,6053,5299,6498
6486,4274,6599,5720,5154,5675
6539,7596,7697,7729,7688,7758
6028,4428,7194,5997,7022,6012
2738,6550,3530,2843,6372,3603
3534,6152,5165,2572,3481,3775
2841,6706,1993,3992,2908,3312
6911,5507,6216,6232,6127,6711
4350,4849,3537,5093,3986,4928
5889,3755,3921,5595,3603,5716
4561,4231,3856,3919,3216,4751
4351,7138,4517,6552,4791,6388
4507,6175,3747,5464,4277,6591
4247,3632,5525,5437,4669,7206
5849,7078,7614,6084,6591,7800
4026,2116,3291,3248,3982,3231
7075,1474,5794,3143,4604,2598
4375,3856,6760,3794,4974,4886
5413,5853,7089,6027,5463,6706
5798,4639,6504,4151,5904,3424
3894,3814,2297,3960,3343,4284
7161,6463,6994,6409,6384,5978
7502,4488,6992,5868,5680,4700
5860,2813,5406,2738,4904,4648
4491,2504,3113,3163,2716,3166
7822,6601,7955,7492,6708,6985
6284,4333,7401,3861,6555,5024
5829,4731,6768,4377,6554,5404
5495,7033,3940,7544,5397,6297
3536,5874,4734,4298,6251,4897
5105,5103,2863,7086,4752,5673
4766,3521,4589,5336,4033,5131
4782,3883,4478,2899,4138,3316
5103,2176,4436,4578,2564,4892
7154,5905,5260,5306,6771,6062
3924,3219,5261,3922,3113,6397
2052,5753,3652,4727,5535,4771
3414,6695,6594,4094,5921,6285
5237,3980,5003,3717,4622,3557
3906,3252,4465,3804,4581,4018
6224,2674,6053,6619,6426,4138
4526,4535,6195,5697,5871,4990
7740,5075,2820,6523,4068,4296
1981,3847,4256,1599,5036,5276
5648,7670,5997,6610,6791,6397
4048,6727,5874,5737,5734,4857
4639,6503,6239,5676,6028,5116
6089,2832,5581,4218,2872,4482
5617,5807,5229,6131,4037,6001
3013,3104,2258,3876,2135,2934
4866,7137,4951,5913,7443,5673
2608,4473,1341,2838,2991,1989
3993,5433,5112,4774,4967,4698
4947,5666,6559,5535,4611,5820
4230,3034,3680,5602,2638,4401
4148,6937,4785,3889,4213,3960
5405,4575,2673,3938,3441,3013
3634,6117,6281,5477,5222,6595
5113,6537,4810,5886,4610,6453
4487,4481,4254,2683,7593,3549
5862,7121,6262,5980,7663,6499
4211,2024,4550,4627,2638,3262
7455,6593,7397,6462,6826,7409
5227,4851,2566,6702,6307,3918
4049,4753,4382,5436,4080,5393
5732,7445,4048,5626,4951,4956
5715,7999,3866,6811,4611,6483
4554,4210,4885,5718,5682,3231
5708,3459,4794,4668,4854,4696
6502,6479,6677,7562,5720,6181
4007,7098,3921,4975,4898,5633
6312,6351,4081,6031,7436,4702
3374,3714,3546,4152,3999,3401
6716,8435,7690,6121,6718,7612
4422,3668,5498,4247,3550,4891
4360,3944,5324,1633,5041,6125
4700,5172,3550,7967,5314,4167
3727,5269,4222,5803,5054,4905
4026,4452,4859,3186,4183,3236
7772,5965,5492,7299,5316,6613
2362,2557,781,3843,1207,2230
2746,2574,2150,2684,3134,1577
3298,3947,2563,3119,3050,4259
2177,4592,3109,5785,2543,5123
3652,4372,3729,5296,4292,3049
2109,4122,5430,5590,4767,4773
4022,5364,2410,3002,4651,5013
8601,8458,8627,8879,8659,8821
3812,6487,1539,7104,6353,2156
3782,5359,5143,4661,3066,5054
3148,4321,4149,3240,5510,3258
2661,5215,3508,3396,2346,5002
3000,1810,2428,1850,2409,2345
4127,4374,4515,4121,3436,5650
4575,4058,3690,6887,6123,3915
5094,3325,3543,4947,3108,3977
2671,5351,3445,4860,3639,6161
6091,7112,6613,6528,8145,6422
5074,3566,4854,5248,5826,4469
7092,7033,6375,5577,5360,7457
3276,4680,1501,4032,3617,4335
4847,3727,5990,5461,2925,7013
7388,8335,6280,7174,7660,7024
5250,6246,5271,7468,4009,6882
7087,3653,7447,6329,5912,5291
3621,4144,2981,2757,4730,3294
5291,7010,3349,6962,5679,4706
6166,4171,4336,4818,3104,3021
5492,6535,3662,5889,6483,5671
6748,7395,5101,6635,7099,6071
5326,6257,6228,5617,4301,5489
3202,4709,4195,4253,4524,6431
2964,5731,4440,3814,6247,4329
6516,3807,5292,6016,6327,5388
3696,3748,3562,3468,3191,3664
2194,4099,2778,2205,3981,2047
4540,4299,4537,4802,3346,5307
2773,3960,2367,3616,2723,2954
5331,4091,4553,3146,5729,4793
4454,5226,4857,5726,4900,3719
4492,6955,4603,3004,5690,5322
4611,5535,6553,5465,4716,7118
5147,7290,6748,5007,6440,7409
6091,7013,6250,7928,6623,7173
6470,4725,5226,8068,5690,5772
3315,4521,5368,2763,3854,7539
4383,4725,3939,4980,2611,5387
6001,7396,7539,6740,8048,6323
2511,4261,4913,3953,2400,4627
6431,4773,6270,4997,8399,6081
5972,6112,4174,5156,4847,5573
5326,6569,6587,5866,6904,4909
5522,3907,4829,4592,4904,4252
6916,6569,6915,6581,5621,6982
4627,2579,4201,4309,4250,2953
3092,4609,3346,3681,2329,5190
3905,2219,4031,3638,3686,4051
5322,3790,5395,6604,5899,5103
6245,5104,4052,6601,4890,6260
8032,6872,7371,6451,7943,5915
6827,4103,7108,3117,6121,4279
7284,6845,6265,5959,8729,6369
1997,2229,6011,2065,4566,4710
3180,2725,4533,3094,1696,4167
3270,2976,3274,5007,3268,3529
4437,7180,2910,5048,5955,5351
7024,4441,6015,5511,5945,6585
2562,5115,4477,6291,5234,6224
7533,5361,6688,4765,6366,4421
7204,4372,5663,5809,4606,3893
5812,7628,6635,6736,6640,7186
7310,5584,5748,5465,5701,4575
6437,6789,5674,7080,7215,5016
6084,4990,4265,3903,6367,2125
4936,6917,3734,7571,4569,6631
4600,2933,3633,3381,4328,4190
3699,2526,5047,1518,4824,988
7847,7110,7872,6670,7994,7244
5064,3951,4367,3344,4107,4445
3798,4399,3553,3151,4925,3384
5836,5061,5361,5598,4936,2832
7625,7506,7375,7651,7068,7853
5526,4107,4060,5673,5528,2560
3458,3637,3754,5421,5229,2549
5001,6067,2610,4045,3829,6056
4980,4517,4925,4882,6190,3932
3595,4144,4062,4095,3770,4118
5543,5075,6874,6102,5549,5927
3672,4581,6296,4906,5541,6844
2901,2827,4177,3627,3138,3334
3741,8929,4407,3918,7263,7258
6372,2340,6929,7237,4267,5742
3611,3447,3647,2584,4263,1995
5303,4204,3153,4657,2825,4721
5554,6690,6383,6975,6421,6733
4407,6502,5349,5306,4905,4950
5854,3721,4117,3279,2183,6261
7527,7167,7379,7175,7623,7349
7673,4753,6278,5559,6594,5233
7331,4618,6101,4298,6242,5268
5151,2579,5690,4548,6404,5214
7986,5670,4528,6104,5731,4975
3201,3635,5880,2193,4190,4880
5157,4778,4831,5519,4276,6325
4954,4539,4812,2342,4893,3737
5573,5285,4976,4617,5323,4325
3214,7517,3290,3316,5636,4655
6050,6202,6563,5856,7204,5992
4453,5756,6054,4229,5666,6193
7113,4635,5810,5098,4370,5591
5145,6348,5841,5233,6696,6081
3878,3897,3150,4694,3069,3293
4626,5441,3858,4409,4422,4236
3615,4709,3384,2999,5673,2941
5154,6071,4667,4153,5272,4397
6575,5760,7010,6342,6922,6648
5096,5677,6192,5760,5507,4812
5281,3439,3434,3674,5877,3601
7410,7751,8427,7539,8263,7123
5580,4168,5750,3192,7519,3967
5173,3471,4592,5943,3354,5605
5165,4418,5903,5104,6374,4884
3822,2939,3132,3794,2530,2147
4419,4057,3824,2135,2704,2602
4612,4137,7571,5166,4323,7274
6152,4839,7980,5665,5360,8395
4433,2026,6839,4966,4714,6062
2603,4673,3891,4999,3160,6476
3235,5897,6665,3977,3214,5242
3493,2991,2899,3040,2754,2299
6609,3861,4511,5705,4144,3978
5870,5744,3383,5828,4140,4077
5092,4428,5326,3489,5704,6015
3575,4355,5745,4666,2600,6615
4372,5162,4692,5087,5765,5370
7500,5736,5598,5690,7792,3231
6893,7436,4067,6329,4782,6268
6685,7037,5784,6818,3690,6627
7187,5546,6530,6213,7647,6447
6246,4747,7199,5316,4752,7801
5221,5965,6813,6746,4833,5473
6925,6389,5820,6876,6152,7122
4731,6823,5239,4994,5004,4767
3101,7465,4345,2760,6627,4366
6443,3953,6852,7313,4066,5532
3098,4743,5941,2127,3887,3089
6022,2764,3923,5502,5103,2278
6144,5933,6266,3947,6326,4838
3884,5172,6262,3695,3697,5084
3922,5893,6013,4604,4595,5585
2071,2862,2878,3238,2273,2122
6950,7638,8050,7166,7957,7136
4208,3680,6079,3951,4362,6009
3185,3619,3203,2584,4003,2551
4295,3121,2243,4829,3836,2391
7827,2343,8763,2854,4145,3560
1457,1171,1914,1417,1930,1121
5873,1672,5016,6224,3840,5909
2699,5239,4350,2831,4332,5992
5007,6371,5470,3837,5610,4957
6367,4330,6789,3339,4733,6864
3205,4017,4814,3492,4320,4652
3186,3838,3786,3126,4729,2625
5793,5626,5772,6742,4436,7522
6498,4204,3783,6519,6006,3085
7658,5688,7083,5980,7477,5756
7420,6289,6732,6018,6997,6647
4975,2680,7291,3825,5554,5928
5713,5891,4951,5399,4131,2728
7447,6091,6415,6593,7155,3832
3550,4999,3200,5108,4313,4188
5755,5351,4483,4139,5633,5152
2290,4702,5624,3952,3638,7138
2878,3609,3699,4460,3429,3850
7584,6944,7617,6406,7349,6870
3928,5971,3212,5042,4467,5386
1775,3845,2872,2214,3745,4198
3114,3019,3183,4031,3109,3334
8084,6386,6382,7126,6706,7099
6755,5490,6633,5679,6918,6536
2780,2061,3519,2789,3130,3157
5381,5587,4772,5755,4382,2486
2724,3410,3484,3356,2916,3287
4786,4192,4941,3570,4166,4279
4962,5006,5773,3897,6345,6671
4624,5148,6699,3758,6199,4595
3865,4434,4071,3955,4509,3488
7965,4640,5029,4089,4590,4723
7499,8321,8345,8477,7301,8975
5589,6786,3339,6692,5426,6111
5007,4122,5037,3679,4218,3279
7765,7643,7827,7560,7247,7316
2370,4394,3718,3261,4206,3576
2938,4551,3460,5107,2031,5586
4845,7014,6400,6934,5994,7847
5095,5756,6444,5134,6268,6755
6997,6253,6021,5481,6075,6145
7949,6872,6777,6579,8181,5713
4217,3036,4779,3465,3111,2819
4183,4761,4794,3838,4526,5272
7036,5081,6630,5715,6323,6027
6182,4844,4737,4296,7995,1978
2758,5099,3658,4705,4402,3852
6679,4316,5743,4549,6365,3972
1927,6039,3053,3198,6174,2975
4703,3324,5424,5728,4362,3478
2978,3979,3984,2954,4323,3887
2996,3476,3499,2412,3238,3697
5455,3327,4254,4773,4667,3201
4340,3412,3320,2951,4079,3662
5801,4553,3197,6685,3991,5692
4011,2948,6873,3175,4329,5657
1851,1298,2701,1258,1917,2271
3303,2395,2466,1987,3999,558
4009,6695,5316,2144,4824,6798
4598,2943,4563,2761,3051,4194
6868,4790,5183,4646,6248,4442
6987,6130,5605,6248,6074,4975
7567,4068,6934,6644,7919,5563
4695,4816,4886,5504,2409,6487
3863,3377,4113,3744,2281,4470
6452,5293,7740,5976,7136,7106
3532,1938,4380,1325,2932,3188
5344,3347,6376,3781,3920,4891
5780,6449,5184,5569,7089,5334
7034,4858,5739,6875,5613,6780
4396,4103,3986,3214,5747,1547
4931,2278,4775,3220,3056,4149
5947,5078,7524,6413,5259,5145
7752,7846,7220,8823,7057,7583
3145,4163,3192,2948,2208,4123
5087,7272,4923,6678,5999,6967
3193,6434,3506,4918,3860,3869
2495,4536,3164,3143,3623,4720
5732,3507,6219,3421,6804,3175
5734,5571,4943,1874,5976,3487
3579,6852,2799,6322,5187,4276
3711,3220,3668,2209,3966,2967
2716,3705,4508,1895,3326,3211
3713,4752,5970,4839,2159,7089
2680,2325,3159,3577,2386,3174
5050,5001,2917,6607,3005,5166
5243,2543,2195,6190,3830,4261
3264,5292,3786,2569,3665,5171
5745,2388,5826,2808,3522,3184
3995,2500,4263,3836,2756,4454
4860,7313,6554,6177,5543,6683
5338,7838,6372,7030,6509,7092
6706,6695,6665,7716,5826,8042
4973,4516,3273,5739,3912,5127
3436,5389,5052,4062,5286,7127
5783,3733,6594,5490,4823,3989
3749,3255,1782,3474,2978,3924
4099,3953,4203,5658,4169,5559
3289,3969,4427,2601,5112,2452
6204,5314,3518,3856,4367,4123
5469,7409,5456,6672,5492,6247
5906,6085,6945,5637,6353,5222
5478,5935,5022,5864,3874,4478
7671,1935,6275,5792,4751,4428
3635,1024,3966,3841,3285,3046
3895,4675,3571,2470,4228,2883
6347,7655,6369,6869,6890,6653
4734,2317,6379,909,5015,4907
3305,3107,5395,2689,3128,3984
5625,3714,6355,5620,4883,6206
4636,7319,5203,6109,4669,5805
3865,3626,4268,3399,5072,3983
2531,4313,4604,3931,3320,3905
5962,6111,4597,4786,5334,4379
4606,3852,3726,5889,4154,4709
6271,6379,5058,6182,6472,4718
3668,7567,1580,6588,7633,2018
3897,2549,2663,4124,2567,3380
7108,6491,6071,6914,6865,6814
3076,2992,3659,2581,3416,4280
2977,3025,3052,2436,3666,2590
6346,2517,3705,3707,3944,1257
3695,3446,4256,3489,4137,2676
4613,8422,3380,5357,7045,3190
639,3274,2142,1723,2657,2917
5141,5868,5100,6001,6033,5088
5009,4422,5281,6106,3445,7376
5924,4086,5783,3757,3424,5294
3209,3253,4443,3786,3624,3001
3649,3770,6547,3701,3270,4326
5670,4779,7552,6802,6390,5303
5024,4757,4466,5794,4905,4431
5513,5726,4621,5287,5760,5531
3041,5519,4600,4478,5232,6866
5327,7447,4780,6667,6206,5273
2580,2801,3574,4295,3455,2845
3964,6783,3355,6621,3195,5386
7273,6888,6078,5829,7081,6178
6671,6769,6541,6470,7566,5810
5989,7354,4383,7192,6343,5061
5239,5983,3310,5600,5277,3519
5752,5981,5579,6273,7167,6875
6165,5819,6592,7237,5918,6307
6821,4132,2415,5541,4545,6075
6679,5618,6495,8099,5287,8660
5035,3787,5461,3759,4468,4720
5671,5994,3573,6186,4990,3485
6160,3248,5920,5817,3520,5660
6027,5413,5402,6378,5236,6242
2454,4686,3471,3093,2950,3948
3688,3702,3975,3089,4469,5969
6553,7494,6745,6698,7616,7193
2689,3388,3299,2813,2173,2963
5509,2882,5214,2867,4384,2637
7508,5337,5859,6931,4523,7114
1009,4812,4122,4378,3626,5189
6072,6360,4930,6085,4441,6134
4116,6560,2410,5322,4172,3720
5926,3784,5904,5843,5706,4213
3981,3299,4261,3114,1887,3926
5985,5242,5648,5513,6128,6400
4327,3450,3185,4776,3299,3527
6972,6553,7891,5857,4710,4837
6252,4069,5081,4982,5754,4413
3052,5262,3841,3072,4502,5378
5322,6500,3459,6128,5816,7660
6339,5346,4170,5899,7814,4132
7935,4219,8131,5632,6002,6677
5457,7163,4633,6127,5956,6053
6343,3606,5731,4009,4989,4193
6719,6276,5955,6712,6369,6020
6581,6020,5492,6408,6005,5956
3182,5480,4494,4225,4995,5438
6654,6361,6557,6107,6899,5636
6698,5795,6480,6231,7041,5392
4884,5604,5654,6421,6087,5778
3914,2891,2843,2477,3814,2227
3134,3125,3792,3131,3029,4190
2829,7092,4630,6349,6076,5578
5561,5177,4772,4912,6316,4915
6693,5637,7456,5429,6238,6776
4865,6681,4197,7378,4327,6492
6128,5940,6355,6634,4873,7197
4250,4029,3914,5781,4154,4692
5771,6189,5672,4942,6199,4946
6288,6725,5379,7057,4348,5605
5299,6093,5421,3987,5015,4632
5616,6990,4864,6188,7487,5470
3153,1992,5730,3533,3884,4589
6234,5398,4297,6266,4831,5507
3974,4300,4111,5188,6206,3500
5265,3825,3367,4227,3828,4988
2645,7499,6202,5326,4665,8594
6437,6179,6909,7838,5879,7698
2786,2915,1940,2308,2316,2697
5506,5733,3069,4261,4984,6852
4822,5820,6002,4997,5734,4340
4663,5645,6234,6719,2757,6873
7743,7590,7761,7773,6478,6146
5138,5749,5357,5345,5534,6065
3448,4748,5756,3591,6148,4595
3323,2132,3058,2829,3546,2000
6583,6206,1866,8248,6548,4423
5850,4729,6624,5438,4980,7650
4397,4650,5194,3252,6092,5762
6651,7139,6159,6273,6354,6010
4072,5222,4304,6757,4025,6574
2786,2848,3267,2689,3891,3423
4524,4108,6174,2554,6894,4787
4243,3562,3631,2442,5251,4043
4815,4607,6604,3386,6518,5099
3452,3250,3808,4723,3293,3086
8043,4748,5931,5968,6896,3476
4208,3144,2298,4827,3349,2158
2513,3091,2127,1634,2873,3267
6118,7212,4617,8588,4825,7388
5762,3155,8221,5865,3728,5187
3648,6239,4988,5279,5486,6724
2473,4924,2072,4749,2262,4467
4630,4973,2954,4871,5846,4166
6151,6188,7872,7236,6633,7997
5556,4403,4086,4789,4286,4288
4811,5647,6525,7964,4450,7335
2718,7180,7464,4819,5245,7574
4300,6138,5182,4459,3452,5552
5059,6785,4286,5927,6342,7340
7950,6102,7782,6975,6919,6711
6505,6814,6295,5427,5904,6646
4168,7296,6928,4979,6840,6393
2886,4902,4024,5313,5605,6278
7121,5752,5340,6649,3349,7724
3551,5464,3157,5890,4477,4317
3453,4067,3989,3851,2935,3470
5416,5851,5484,3470,5772,4858
5188,5510,5523,5993,4667,4183
4232,6862,6217,4363,6984,5986
4088,3584,3747,5399,2173,4261
2713,4880,4141,4499,3581,3611
5530,3712,4874,3928,6012,2738
3417,2396,4701,2006,2903,3126
3094,5288,3620,3077,4785,3243
5734,3104,5996,5548,3121,5414
1805,2449,2602,1931,2338,2608
6471,6296,7378,6103,6724,7687
4743,3440,3284,5125,2975,5479
5462,5032,3682,4400,4430,3752
8935,8028,7217,8029,8164,7311
1659,3083,4974,2367,3089,4620
5279,3776,4655,6458,4419,3097
4907,6501,5052,5449,4350,5496
5368,2806,4147,5977,2941,3689
4463,5243,5758,5033,3659,7552
2881,3221,3725,2774,3612,3215
6044,8118,5597,7765,5512,7233
5566,4324,5012,4646,3560,4401
3224,4118,3000,5229,3095,3470
5612,5559,2078,4679,2554,2289
6029,5428,7063,4863,7452,4594
2799,3013,4798,4180,3850,3044
6275,6885,8254,6792,6428,6877
3344,3303,3610,3622,1591,4499
8504,6619,7398,7726,7828,6509
5242,3943,4263,4141,2781,4065
6109,3444,4883,4752,6414,3531
4099,5766,4361,6599,3937,7726
4130,2883,4635,3562,3962,4105
3150,7110,4072,6276,5403,5626
7704,5013,4915,5800,7442,5464
5077,4385,3379,4504,3748,2402
2973,4684,5469,3789,6160,5441
2529,2369,4066,2583,2336,2513
4064,5457,4089,4459,3620,3233
4141,4168,2288,4535,3387,3265
6933,5023,5309,4955,6167,4996
8109,3435,6980,4915,4510,3717
7532,7772,7581,7417,7079,8265
5246,5895,3818,7161,6318,5510
6184,4014,6638,5609,3866,4321
5402,5551,5902,7654,5535,7197
5826,5620,7171,6471,4755,6217
3909,3762,3132,2381,4851,3340
4595,6631,6319,5796,6186,6636
6267,7093,5128,5362,4410,5954
3889,6677,2053,4755,3171,4201
5204,3902,6575,4402,4065,5988
8321,8025,7451,8474,7668,7496
2877,4375,3230,2630,3404,2735
4846,5283,5608,5202,7808,5937
6785,5772,8014,4563,7023,5326
5884,6963,6802,6574,5633,5498
6465,3509,6216,5849,4268,5987
5260,5962,5336,6149,6794,4602
1041,3245,1328,1866,1356,2993
2633,5387,5453,5955,8847,4779
3609,4547,3994,5543,3525,6341
6657,4465,4321,4204,4594,4057
6239,2122,7147,1554,7020,4362
5025,5173,4666,4104,5791,4178
4739,3311,5528,5385,3213,6088
2570,3189,1998,2806,2069,3775
3388,3635,2048,2771,2879,2809
6678,6920,7396,7266,7615,6468
4438,4926,4338,4216,3924,4904
4884,3441,4027,5410,4048,5326
6081,6181,4450,2835,7547,3174
5150,5678,3866,4165,4843,6105
4897,5721,4580,5633,5612,5320
5092,4934,4454,6794,7032,5879
3538,2652,3082,4320,2870,2842
4626,4298,3606,3753,4052,3812
4093,4688,3589,4599,2495,3039
4472,7856,5377,6839,4869,7679
5460,5301,4599,4412,5152,5200
4988,4025,5068,4404,4891,4818
4306,5085,4840,5497,4800,6762
4605,2796,6307,3425,4696,6616
5311,4687,6349,6090,5201,5325
5002,5207,5965,6244,6766,4103
7148,1073,5282,5836,1927,3692
5172,5977,6478,3931,6201,5339
6915,8197,6473,8345,6436,7188
4133,5476,5764,4914,4261,4909
4468,3336,7710,4657,4293,5034
4821,7499,5643,6530,5906,6610
4752,4069,6075,2538,6302,5420
5609,5862,6362,4568,4407,5571
2405,4015,2840,2196,2235,2776
4545,3140,4009,5740,4054,4482
2997,3473,3194,3869,1735,4003
5291,4645,5733,5881,5121,5633
5352,6090,5791,4079,5624,5570
5916,4515,4992,5688,4443,4851
6187,8020,7152,6402,7272,8090
4253,2681,4259,3772,3945,4991
6031,2996,6869,4548,5818,6238
2663,7395,4253,4349,4907,5343
5112,6124,6324,4444,5046,6584
3733,4022,6078,4120,4042,4792
3938,4656,6391,2985,5811,3594
3697,5730,5231,4802,6321,4216
7279,7753,7745,7114,8064,7952
4462,5304,4333,5195,4669,5386
6360,2781,4570,5216,7733,3170
5628,6551,5371,6407,5403,5714
6646,6147,6649,6116,5658,5467
8062,6931,5558,6680,5233,6817
5392,4079,3279,4687,4336,1940
4924,6426,6954,6247,5156,5394
6094,7218,7776,7228,5948,6922
5472,3529,6306,3686,5276,6092
3737,6601,5636,7178,4629,5368
4479,4022,3324,3090,3280,2864
5578,3044,6791,2805,5836,2990
4042,3027,2540,3659,4022,1114
2857,6152,994,7099,2763,4555
7298,4097,5175,7922,4831,6326
5767,5254,7452,5587,5608,6862
3814,7242,3746,6667,5504,6407
1483,6050,4219,3395,4950,5665
3338,2740,5000,3245,3891,2886
4265,2691,6155,5655,3211,4260
2607,2382,1508,3430,2622,1928
5915,5748,5839,5544,5686,7362
4641,5295,5994,2012,4446,3757
4200,3285,3427,2211,5055,923
5849,6010,6342,4371,8037,4013
4124,4790,4126,4606,4761,4042
7186,4265,7360,6523,6002,5174
3092,4675,5692,3478,4712,4721
3434,5703,5245,6098,4540,7390
5168,6361,4997,6388,4624,5056
3602,1633,2990,1552,3348,2778
4685,5274,4909,4230,5734,3828
7486,6761,6394,6497,6270,5618
1883,3018,2309,1405,3010,2190
3912,4186,5881,4918,5492,5246
4976,3787,8052,5330,5440,7565
2707,3073,3357,3183,3517,1927
6270,3624,5427,5496,4211,2800
7338,6988,8123,7272,7316,7332
6015,3971,6884,3307,4752,5940
5789,3716,4046,5304,5366,1995
5233,5562,6116,5449,6843,6942
5389,5417,4392,7314,3391,5156
4933,5463,3697,5327,4447,5655
5056,4140,3607,5240,3518,2283
4164,3065,5046,3212,4777,4497
5231,5585,6015,7059,5230,4723
3385,3387,3469,4798,3182,4496
4860,6652,6949,4962,6100,6703
6533,7301,6093,5230,6078,3242
5281,6600,5020,6623,3410,5702
6356,3670,5354,5755,4623,7226
4813,4727,3894,6043,6529,4996
6400,1931,6860,5644,5291,4547
3961,6188,3095,4296,4497,3119
5710,7199,6649,6460,6594,5524
5667,6971,4992,6699,5523,6009
3570,2890,3917,2760,3074,4653
5659,3863,4548,3315,5341,5775
3023,6935,5870,5205,5902,7922
2014,3919,3416,3294,3131,5456
3028,7618,4318,5288,4895,4473
4173,5505,3008,4707,5458,2357
8051,7432,7423,7723,7588,7484
2444,4114,3943,4783,1425,4612
4792,4811,5833,2626,5496,7025
3476,3146,5171,3006,3056,6628
4619,4603,4251,5521,2720,4717
4459,6693,5439,5554,5944,5149
6566,5423,5258,5754,6984,3913
7665,7054,6089,6522,6348,5706
4601,3267,5774,3923,4529,3701
5857,1772,7596,5876,5308,4424
3725,5286,2890,4548,4691,4442
4423,2611,5550,4143,4692,4455
4257,5278,4667,5487,4733,3041
5488,1948,5535,5172,4696,2694
5402,4868,5839,7172,6623,6752
4851,4109,5733,4743,3042,5924
4731,4586,2662,4684,4296,3214
6359,6279,7204,6034,7238,6379
3754,5526,5498,5424,4886,5736
3786,3607,2620,4943,2004,4702
4715,4171,6100,7581,3551,4416
6129,4522,6821,5465,5157,5729
4995,4684,4280,5030,3725,4975
4881,2889,4975,2938,4342,2626
5097,4140,7139,6343,5895,6260
7483,6862,4877,7477,6694,6731
6485,4585,5962,5472,3924,7486
5238,2745,5115,3896,4628,5784
6380,4470,3960,6067,3982,5248
3646,4850,5055,6300,4406,3323
2030,4880,4803,5447,4958,6503
5913,4859,7835,4614,5790,5502
7594,5078,5521,6796,6213,5120
6122,4715,5159,5020,6136,6826
5475,6743,6514,5236,5418,4729
3854,1670,2617,2318,3072,1511
5235,4843,5166,6128,5161,6288
2900,3100,3221,3571,2436,2715
3478,2859,4022,2762,3304,4749
7118,4577,6960,5365,6819,4538
5248,6150,5984,5792,6002,7830
6086,4582,6655,4752,5542,6097
5479,3349,7315,2746,6501,3841
4162,2118,5235,3033,4005,3702
2868,1918,2360,1931,2171,1553
4785,8074,6998,6127,8021,7200
4668,2030,2550,4418,2893,4156
4807,5768,4289,5670,4548,3523
2264,1868,1989,3037,2694,2726
3941,5550,3040,4289,6046,4845
5667,3943,4537,4409,5971,5799
4056,4856,4969,3697,4111,5078
4423,3354,3863,5867,4306,3548
5745,3531,5819,4978,2349,5226
3913,3252,4335,2745,4100,2250
3785,5047,5938,5709,4190,5613
5107,4866,4268,3200,5311,6314
6891,5424,5845,6193,5827,6296
3030,6222,5436,2403,4915,5461
7362,7694,7559,7304,7484,7501
6902,6138,6871,6816,7089,6575
4211,5963,5758,6593,4841,7796
5148,5410,3042,3563,3703,3614
2249,3264,2241,3705,2469,4197
4125,4648,1224,4967,3483,2722
7121,6460,4201,6553,4816,5469
6859,3346,5018,3249,6977,3772
6889,4755,4655,5721,5832,4424
6055,8271,6092,8281,6116,7482
4889,5948,4240,4439,4650,3275
4021,4329,3078,4461,3769,3602
5082,7450,6633,5804,7361,7414
2144,2940,3013,3736,3438,4766
5928,5471,6820,5047,7185,5134
5785,5209,6145,5853,6989,5811
3187,3317,3224,2231,3946,2600
7614,5479,4573,5886,3088,3508
7367,6754,5993,5292,5362,4835
7240,6808,8059,6586,7800,6711
6572,7458,7563,5525,7234,6054
5929,3852,5562,3411,5363,3965
4508,7634,3896,7600,4481,5692
5403,6516,5372,2635,5684,3293
6830,2832,6501,4811,5855,4355
6216,4741,5853,3842,6302,5016
6987,7277,7807,6841,7029,8642
5045,5834,6723,5801,5079,5065
6229,4009,6299,5201,4791,5633
4601,3468,5659,3899,4400,5833
5618,4983,6266,7258,5472,4822
3814,3169,2188,3317,3502,2587
4932,5104,2574,5399,3738,4261
3975,3350,4222,4190,2649,5117
6392,5762,6117,5274,5457,7110
3492,3602,3859,2435,2979,4302
5853,4683,4475,5927,6716,7645
6040,6918,5920,8525,6967,6624
4775,5249,5082,5297,6312,5322
5850,4119,3787,6701,6605,3665
7062,6300,4921,7644,5374,5959
4884,7160,5879,6199,5928,6418
3723,3650,3502,2726,3030,2431
2804,3482,2509,1046,4135,1660
3039,3521,5719,3811,3583,3764
2999,2382,2394,3486,2369,2469
4913,3303,4500,3209,3283,3909
5608,7950,6207,6086,7051,7044
6546,6329,7078,5924,6313,6098
7482,5780,5974,6005,5474,5713
3165,5686,6326,4619,5688,6246
5149,6368,3338,5532,4925,4992
2151,4512,5049,3081,4505,5504
8655,6102,6967,6490,7698,6345
3228,2491,3528,2707,2953,3480
4996,5147,4990,5002,2294,5929
6917,4654,4619,4406,5453,3135
7160,4815,7493,5813,7046,5486
4349,3905,6151,6078,3575,3931
1266,4291,1629,3735,2608,3361
5503,7991,3651,5012,5201,3926
7164,5918,6586,6463,7147,5179
5782,4567,4824,3476,5772,4893
6652,2222,4692,2475,4801,4427
3427,5012,3944,3494,7149,4076
3658,5001,6108,3807,7596,6980
5900,6661,4994,6429,5027,6514
8620,2718,6208,5576,3347,4708
6051,6037,4778,7824,5049,4352
4820,6322,5889,4643,6411,6359
6133,5934,7038,5677,5116,6561
5569,5184,4446,6062,6139,4703
5789,5978,5956,6234,4696,7683
1926,5279,1986,4187,4352,3502
4029,3569,5871,3017,4563,5018
827,5168,4095,3434,2648,6006
4345,6782,3787,5504,3532,5049
4946,5116,3609,5679,3605,5423
6905,5693,6468,4582,5965,5178
3804,6405,4252,4577,5423,6033
3816,3842,3104,3006,4408,2952
3269,4418,3240,4142,4626,3242
1525,4802,4162,5013,2807,5799
1875,2675,2209,3866,2512,2367
3397,6622,3626,4939,3714,5411
4995,4418,3717,6309,4005,4661
5575,6000,4582,6310,6593,4263
7394,6764,5940,6123,5213,6059
6068,7686,7565,7434,6911,8472
4281,3658,5625,3967,4224,4641
4753,5875,4201,3672,6768,1884
5677,3765,5378,4067,3285,3829
8057,8549,7244,8117,8456,7011
3696,3583,3514,4371,5362,2503
6855,2437,4519,6390,4341,2360
5939,2478,4400,4110,4958,3028
7444,6603,5719,8642,6356,5237
5009,3075,4762,4543,4249,3318
5004,3492,4017,4177,2827,4310
7113,5610,6648,4124,6596,7096
6543,3245,4868,4627,3355,3087
4636,3958,4338,4486,3786,2931
6036,5345,5734,6520,5426,6109
5842,5056,3787,5122,5118,3294
9086,7378,7441,8229,7823,7665
3909,5448,5707,5258,3896,5976
6633,3944,4958,7109,4098,6664
6750,5235,6856,6643,6662,6174
3444,3915,3581,2886,5656,5024
3437,5793,6242,5045,3730,7136
5098,3212,3980,4032,4830,3009
5531,4285,4027,3996,5778,3204
4931,5023,6568,3139,4903,4853
5972,5173,7837,4858,5539,6615
3506,2930,4425,3689,2245,3418
4799,3215,3859,3307,3863,2319
5050,3996,5370,4957,3671,6113
6748,5963,7172,6944,5563,7104
5001,3854,5727,3283,5139,6077
5593,5257,3017,6198,3947,4326
4008,4886,3034,4162,5281,3689
3659,4914,3392,3836,3604,3038
2864,2529,2628,2202,3790,1063
4375,2945,5394,3133,3998,4215
2478,3918,1832,4143,2362,2918
6007,5245,5132,4667,5471,4913
5511,5532,6746,3947,7534,3727
3492,4371,5619,3576,5437,5717
7215,6682,6768,8672,6391,7916
6212,4945,6166,6533,5144,5109
3684,4100,4969,4405,4538,5841
6727,5526,4501,4547,8242,3595
4218,6066,6488,5273,5497,4388
4330,2024,4605,3999,4790,4450
5216,6494,6760,4673,8290,5344
5703,3561,6921,4827,6351,3777
6126,5957,5459,6005,6560,5110
3934,2598,3993,3371,3201,3993
5427,6814,5097,7637,6099,5622
5313,3690,5980,3644,5738,3432
3369,4205,6202,3883,4016,5398
6191,5323,5197,5924,5143,5290
8200,6597,5466,4967,7913,5548
5760,5918,8318,5855,6602,7622
5127,3524,4682,2845,5444,4412
5006,4832,7479,3547,5389,6298
7683,3912,4811,7516,5364,3243
4849,4194,6427,4022,3853,3624
6462,5442,6021,7127,8177,4668
6398,6031,3854,5863,4877,3969
6134,3609,4554,8077,6374,2872
4182,3734,3806,4705,3448,2295
7821,6461,8392,6472,7843,7098
3170,5102,6062,4337,4221,5626
3584,4621,4248,3628,3577,3916
4563,5843,4259,6746,4687,5442
4954,4887,3852,5214,5317,4646
3270,3382,2770,3975,3188,3722
4868,4133,5636,4127,5485,4069
6372,3740,7167,4543,4203,2689
5554,6122,6979,3763,5455,7156
5249,4549,4080,5094,3216,4855
8959,7968,7750,6982,8860,6811
4326,7077,6216,4696,5789,5803
4235,4029,4824,4608,4251,5267
4587,4160,4938,5345,6112,2955
6251,5108,6102,5234,4849,6063
3634,4417,5840,3841,4370,5680
7045,8399,7591,7969,8259,8390
6818,7199,5126,7048,7343,6150
3986,5117,4020,4610,4146,5513
3392,5895,5195,4315,4154,7639
3493,2355,3899,1449,3008,2912
7066,4794,6232,5676,4250,4862
5126,3669,5424,4053,4588,4043
4845,4053,4165,5609,5698,4533
7084,3644,5116,4980,2724,3688
6274,3550,5433,5318,4921,4503
4521,6812,4179,7427,3200,5335
5573,5238,8141,2218,5943,3674
3248,5866,3951,5602,4955,5057
5041,5062,4207,5619,5388,2863
5048,5072,6033,4440,7969,6812
6767,6732,5991,6104,5912,7237
4237,5411,6945,3230,5742,6684
5013,6552,4293,7952,5906,4717
6205,5501,2562,4856,6181,4672
6101,7835,6264,6715,7513,6862
7082,6072,6104,6567,6672,6184
6136,6486,5853,5746,6697,7078
7710,5233,3898,4429,7071,3777
4710,4052,4510,5207,3618,6306
5140,6311,6136,4446,6073,5135
3601,4523,5132,8031,5485,5908
4990,4090,5098,7252,3204,5783
5985,5738,6701,3865,6973,5390
4854,5738,5844,4450,4671,4588
5919,4287,6010,4439,4978,5757
6733,5313,4995,6368,5739,4169
5118,3322,3566,5747,2568,3297
4225,5543,6501,5648,6614,5699
5365,6105,7604,6251,4702,6879
6448,3797,3304,6540,6547,2373
7730,6325,6604,7579,6351,6495
1163,928,896,1349,963,585
5120,6095,5937,5811,5141,6653
5420,6437,4956,4619,7432,3392
3248,2563,4140,2472,2927,2717
5821,4433,7162,5521,6971,5441
6872,4250,7578,4789,6864,6419
7168,5207,6492,6389,6263,5826
3476,4617,3442,5181,3554,3182
5236,4574,6124,6236,4426,5440
2366,2607,4426,4341,3070,5183
5851,6996,5621,5239,7353,4718
5326,4754,4122,4555,4913,3527
3464,5654,5098,6508,3338,5526
