4000 3
5437,6575,3778
5855,5396,2739
7549,1306,2759
3923,9644,1438
4491,5008,5321
7150,1658,4213
6417,2951,4749
107,5939,9412
3425,4709,5187
5218,5646,3054
6621,2259,6683
2197,7460,5165
2100,4384,6974
8380,186,6214
7147,2384,6445
7048,5116,2947
4719,8227,1979
5429,4188,3302
2162,7881,4667
5892,1704,6274
6503,4483,2006
3688,3597,8367
4645,9643,2362
4210,6927,5625
2697,6559,4876
833,7428,7965
8830,634,6185
3768,9856,2898
6945,7294,512
6213,2809,7397
5243,7454,483
1629,5312,8174
7974,2768,4657
5424,1690,7835
6969,3082,5575
9582,1544,2774
5735,6308,1859
6651,1971,6971
4909,8466,1332
3820,8514,2654
3286,5126,7301
2943,7863,4927
9209,4053,1643
9074,486,5887
558,8903,6300
5667,7335,1809
6795,8184,1528
1862,3856,8322
3338,2231,8245
5524,2105,5076
2307,5179,8547
1770,5051,9237
3284,5644,6198
7355,822,7195
4233,2728,7296
7140,2104,7152
5324,93,9665
5102,6416,1805
3006,190,9533
4673,3656,7330
4543,5457,3848
4768,3982,5175
1137,7258,8648
9965,2072,2337
3867,6252,7217
5747,8277,975
5509,6205,4568
2552,9350,3636
9642,706,4078
3450,9659,1695
7522,7575,777
8973,5192,579
5571,8502,1504
1414,9997,2948
5149,6909,5380
1275,6822,5211
6756,4989,2574
8813,7552,1087
203,8342,6099
7085,4435,2929
3215,8104,5349
3614,7295,3070
4658,8713,3052
7542,749,7224
9538,2317,4876
3474,6047,4298
4690,4354,6497
7297,1338,7218
3390,830,9023
5892,7101,3333
7263,4600,5375
6183,9456,1985
8909,1276,5148
7109,6228,4822
3643,3596,6928
4904,3708,6322
3856,2509,9438
4593,3646,5020
2547,5212,7114
3719,7371,4354
783,7941,7226
2733,8396,3546
7459,3925,5643
4611,5226,3290
2273,5429,6538
7923,6374,2229
5054,4287,6513
1036,8998,4753
3312,3085,8857
525,9764,5666
6159,2551,7407
3709,5113,6255
4700,4922,4735
4163,8416,2175
6312,4766,5432
5723,6699,2896
8868,80,6855
2165,8927,3635
2971,4577,4853
1680,7949,6112
9523,1425,3041
7977,277,8572
9847,2021,3530
6326,2555,5694
8839,2775,3187
1327,4382,7194
9991,4638,2680
4218,3463,7681
7706,2827,7013
2128,4041,7993
5744,510,6559
1616,2121,8703
4569,3885,5325
6171,1893,5459
7341,4103,4706
6833,202,8973
437,6464,8819
8254,2658,3527
1740,4693,9989
4255,555,9015
6000,2560,7164
4774,179,9559
8228,1809,3936
8499,353,6096
8555,5203,3166
5773,4170,4451
8410,1295,4155
9960,5335,1284
3362,9196,2559
3950,7755,1318
4261,9904,2417
3961,6559,5433
593,5157,9357
6810,2057,4554
6897,207,7906
3170,3268,8254
6322,5500,3074
4345,4520,7458
5847,4426,7354
4404,6760,3948
2079,6352,6250
9906,483,4809
4438,8339,2745
1954,5876,5644
6413,4740,4407
3802,4357,7568
4344,407,9525
3403,9037,3150
1252,8537,5473
856,9243,6390
7572,3222,4793
752,6765,6775
8939,2039,5609
4269,1704,7663
7703,6975,917
5410,9147,1557
5412,4960,5932
4402,5794,3971
9552,2034,3057
2858,4059,8358
646,4531,8617
3247,8518,2445
4995,7633,2488
5502,5744,3816
5391,4078,5749
1278,4125,8647
2262,7259,5723
4133,5750,3738
2546,3447,8851
3746,8158,4220
4925,3480,8501
6292,4778,2088
6178,7327,680
4943,7046,4067
4092,6752,3858
9230,3527,2468
437,6896,7177
2418,5187,8978
1785,7771,7229
7490,3338,4918
8203,690,7089
6846,3409,3966
4115,4019,9099
7145,1466,3817
9344,3483,2651
6359,7420,2624
8447,3805,3452
8591,1392,4747
4004,1244,9123
5760,2701,7074
3622,691,9994
980,7664,7161
9379,1959,2798
2019,4338,7849
5458,2086,6496
7268,952,5614
4697,4687,5862
1254,5369,7080
5196,7147,4458
4774,7662,4341
9810,2001,2562
4425,6024,3168
9167,3894,2819
6266,2563,7477
4229,7905,1458
9670,377,3091
8507,4534,1923
5452,7656,1468
1978,8122,5041
120,8782,4288
3894,7106,4279
2336,4956,7491
2442,5128,5616
1527,9958,4355
654,5615,9077
4930,3338,6665
4896,4207,7239
5694,4125,4059
9262,4589,736
3231,5027,6708
2257,8676,4475
8894,4192,3908
1505,6363,6081
1326,7125,5538
7026,7540,36
8576,3522,3224
2603,5240,5723
8178,3728,2957
7310,1856,5117
5591,3192,6140
6080,7705,624
7909,3005,4583
7591,5088,4033
4764,5568,2183
2344,6629,5508
6983,3,9379
7989,1459,4169
5022,2648,5923
4939,8459,382
5327,5644,6774
4374,7184,4426
5559,3765,5434
8309,4444,3757
3842,6632,2061
3137,5392,6209
6936,906,6731
4258,1473,6996
4516,2857,4122
5389,8021,1713
7164,7479,480
5680,13,9366
4560,9831,2206
3717,5375,7215
5593,4874,3577
3614,8546,1263
5846,6945,1551
2032,7312,5527
6962,1237,6956
8078,4601,1547
4162,7220,4697
7597,5477,3629
9326,2353,4645
2385,2005,9228
1650,5070,8920
4279,4849,4554
6294,5340,2600
5415,5477,6510
2441,3487,7900
6495,3213,5472
9194,3163,3632
5541,1818,7166
3888,2121,6974
7358,3042,3791
6884,4845,1484
9870,1787,5085
8113,1907,5812
6203,3361,3362
4617,3777,7595
281,6841,8624
3651,4354,8943
8343,4753,1489
6910,4586,5836
8547,3468,2101
3269,4600,7146
3258,7015,4400
4808,4541,6631
2627,6037,4578
5259,4204,6910
5779,4159,1400
8144,2036,3518
6627,682,7883
4588,6652,4767
4867,1696,9383
3078,5201,6178
3458,5982,7158
8939,2133,4014
2912,7810,7098
3040,1124,9549
8399,3655,4284
2763,9044,2663
8971,2723,4080
2438,8207,4008
8688,6765,1312
4114,7143,3674
8512,4719,1562
4349,8650,4146
8400,5348,14
6527,4493,3308
2443,5745,8406
3243,3110,7215
6248,1750,8041
2605,2944,8777
3842,2254,9905
3774,9411,2927
5255,3585,6882
8740,18,3204
3785,4482,7909
6047,3201,3705
8883,4965,894
1230,8382,6778
4360,9495,1697
5022,5873,4092
5655,770,8240
3395,4287,5751
4581,373,9478
8308,3929,1489
934,5902,7977
1626,3211,9839
6367,5490,2770
6958,2468,5409
6884,5895,2299
4805,4468,8023
3899,2358,8967
2735,2976,8327
5489,2574,8190
4390,3160,7040
7641,2665,5351
5442,6424,2946
1278,7541,7241
939,6447,9429
3375,3095,8985
4645,2370,7059
5194,5074,3552
229,7746,8012
5071,5617,6087
3412,6151,8350
379,4565,8767
8241,63,8321
8331,1273,5580
2488,8262,4931
4804,4045,4313
2603,4911,5826
8849,3710,2786
6428,4719,4569
7324,2717,3417
2087,4788,8320
4061,2599,8736
2101,3642,6379
9229,4534,1272
5172,1937,7379
7917,595,5550
4612,5681,3628
3707,8804,3921
8854,6166,770
5602,2306,8801
1506,5683,7216
3342,9958,1709
7285,3113,4968
4670,2832,5885
4893,6783,3614
3040,6078,5462
8107,1940,5573
6394,3669,4856
2935,5630,6871
7036,3637,3576
3223,3050,8035
7304,3135,5292
3219,6323,7146
5149,5088,4532
5504,2052,7740
1030,9836,4260
7162,3948,4910
7352,556,9437
4036,7108,6067
4884,1041,7746
3543,9505,3284
2056,4730,6087
1724,8402,4786
6152,6276,4695
7043,7790,6
3368,5847,3498
4001,9893,1105
6545,2780,5222
7905,3025,5584
767,7866,7208
4754,9946,2474
1776,9105,4653
5132,9059,769
6928,1879,5564
4482,4957,5969
8037,5085,523
767,5075,7985
909,6039,6935
5120,2794,6696
5558,4161,4841
7754,1788,6035
2324,3319,7494
2047,5676,6189
6134,961,7484
5804,4157,3559
1351,9294,3706
220,5258,9579
8122,2548,2262
5711,5065,4987
2175,8408,3691
3971,4559,4515
7709,2597,3390
2890,7383,5810
4578,7078,4475
5828,5272,5579
2110,9035,3801
6293,161,7695
6684,6630,3894
5166,3954,7596
2704,5691,8408
699,8332,6597
1548,7982,4870
5862,7002,2122
6410,5920,1639
3137,8450,3347
9514,2099,3567
2067,4420,9511
2651,7100,6752
8170,3524,2869
6443,2024,6848
4376,5774,3775
6262,6801,1963
8231,28,6406
6524,5520,3676
4761,6124,2817
4827,1227,9135
8871,6043,247
4177,1714,9638
2823,3230,6827
6708,1520,5553
2253,7982,5511
3660,5958,7497
3448,2240,7913
379,9869,6121
1372,7304,3758
7366,3254,3152
4103,7554,2475
4599,7384,4004
3733,4358,7014
2849,9581,3444
1055,4009,8610
4908,4370,7863
8098,8072,133
5153,9795,402
469,5480,9428
3641,7698,4930
7630,1859,4410
4100,6512,6078
8208,3852,2800
7476,1119,3470
6434,5632,2514
3313,3549,6048
7815,940,3714
7173,5677,2222
3961,7153,3344
8623,6354,608
4541,4437,6435
9437,1543,3090
9395,4389,1347
6447,4821,7057
7186,8017,778
9866,2917,3081
5926,6903,3135
3131,2740,9950
7882,3890,1790
3476,3476,9759
5822,1691,8531
5226,7069,592
899,8393,3681
9133,5451,448
6165,4617,4396
6208,7735,1388
4359,4897,5528
5220,2739,4863
8890,4122,2903
3949,3468,8153
9098,2075,4887
5601,4966,5010
2587,7791,796
180,2507,9501
3841,4182,8730
2493,3677,8067
625,6700,7391
7281,6585,719
3898,5103,5491
5404,2958,6137
3635,5499,3506
3449,8419,4418
1226,8861,5088
5847,8934,1202
8020,2467,6146
5108,2215,6417
1821,9182,5805
7700,6161,1838
1505,5014,8357
6550,1635,5628
4158,6704,3949
4962,2855,8541
5711,7905,1914
4026,1480,8331
9762,3135,1892
7214,6369,2712
4168,6872,3357
2050,9172,3964
8011,2770,5164
3001,6217,7098
8608,7185,954
3063,7652,5698
5049,2553,9512
8319,2500,4229
1880,3933,5352
8695,5238,798
4351,652,8491
2856,5819,6149
5899,1262,7980
6251,9298,1846
8198,305,7529
7407,3190,5964
112,9952,5739
174,9361,4108
3267,5967,6581
5887,5177,5969
6679,6774,208
9905,4927,1118
6186,5254,4062
5620,859,6173
6467,2881,6060
4846,8333,1472
3478,6319,7094
8606,1206,6414
5282,1107,8985
2422,9724,1868
2940,2921,7888
7853,5164,2678
140,8893,4469
7034,4209,5231
1532,7884,5635
7332,7770,1604
2320,7250,4141
3392,4014,7387
861,9437,6027
6534,3842,7308
5132,1883,8541
8858,558,6417
1043,6364,8532
8902,4722,1639
3402,9411,4194
5215,2872,7556
1927,6877,5224
2117,6586,5073
9676,6968,598
5820,5537,2654
6563,997,9081
8573,677,7121
3109,7959,3878
3820,4610,6754
8130,6863,226
2645,5853,7467
4545,6839,3871
6649,6536,2213
8450,4369,3634
4088,4067,6896
8665,5449,957
3850,7493,5896
6583,2566,5344
3714,3683,9970
7735,2918,5700
7009,216,7477
2676,7871,3785
9734,5615,2308
2276,8594,5458
8034,1351,5947
5357,5360,6428
2168,9013,3959
1648,9624,2209
5250,4999,4105
5701,8199,1382
3919,2576,8083
4784,7898,4863
7086,6624,2309
2427,9861,2663
5629,4412,4259
3035,7210,4589
9494,1860,6291
4856,9381,2062
6165,2694,7160
1193,7861,5969
3397,4903,7102
1100,7483,5665
5595,3116,7017
6883,5123,3666
5699,328,8379
6213,8168,1441
6307,3779,3770
7329,4913,2554
6745,4778,1272
9530,2785,4118
6340,7438,3598
3392,1794,9495
4935,2431,7828
6596,9602,1499
7068,2857,5486
3168,6392,7154
2440,5408,7324
3638,6638,5237
8709,2754,2625
3454,4853,5133
3788,645,8413
9584,939,3343
2032,1516,8718
2998,689,8665
6959,2762,6488
3513,8891,3093
2210,4263,9284
6893,4648,984
3683,4959,6424
5735,5784,2505
4338,6556,5083
7876,6016,1844
3869,5431,7592
5372,137,8875
2711,9722,863
3407,8108,2854
9929,865,3861
2473,4556,8250
7881,2771,4317
4209,5189,5373
5796,3954,5869
1737,5931,8429
4493,6248,4273
7260,7256,1244
9540,6370,553
4951,384,7520
3761,6112,3806
5375,6352,6310
5606,1815,8667
5929,4636,5496
3924,7001,4690
4408,8645,4608
6392,5305,4131
2838,8652,4885
8685,5259,2836
1890,4113,9714
1218,5923,9380
9956,3187,2742
7017,4434,2811
4901,7065,2424
1540,7097,4660
5876,1104,7034
8730,4149,2451
5901,5964,1691
8213,1734,5456
68,9765,4706
8298,350,6400
4044,7055,4951
3783,2543,7111
3609,3445,8090
963,8616,5732
1799,5793,6244
9889,3302,1662
4335,3408,6672
8636,7789,500
5004,6115,3479
7525,7463,1138
5422,4438,4575
8825,5562,1946
5105,5946,4360
9456,6785,396
7525,1921,4627
7291,5409,4037
4420,6614,1860
4878,562,8248
9404,6288,1192
9846,2855,1809
6524,5526,2653
3381,9838,2527
288,5063,8214
8708,4342,1619
5663,1338,7472
6823,3401,6366
6570,5062,3220
6466,2786,5887
7503,6004,3960
8020,6801,2144
9132,1688,5173
1110,9194,1505
9068,4416,2015
4485,4907,7213
6818,7245,621
2753,8827,1456
5532,6581,2848
2875,2855,8801
4999,5876,2030
5824,5930,4385
3291,2488,8536
6969,6647,679
7381,5177,1262
9451,4693,1237
6255,5430,2062
8943,2161,6294
2466,5372,6337
5020,4084,7395
4871,9260,1579
3565,9699,1801
3243,7174,6994
1267,7464,7122
1523,9870,2946
3412,5729,5677
8887,4257,567
6419,2737,5129
8184,6571,1139
5949,6188,4305
5949,797,9534
2059,7770,5059
6151,7424,768
8293,5259,1007
4008,4496,5337
5193,9336,603
4244,1699,9259
3225,6281,3552
878,7047,7799
2046,7264,6974
2142,192,9232
9211,1095,5456
2358,7363,6619
5539,2461,6928
6716,6208,3696
8692,3638,3637
3331,9911,3385
4928,3403,4360
7396,4895,5005
3559,6922,5662
3295,8761,4143
6065,7514,308
4429,8103,1926
3951,1994,8767
7837,5437,3585
6777,2203,5129
6637,2512,6687
3289,5049,8350
9494,4471,1244
4219,5434,6271
6048,7451,1726
6895,719,6532
3557,5547,4909
3238,1769,9384
6529,2674,5387
429,7534,5839
1378,7288,5132
5711,4469,4762
4734,5467,5788
8891,151,6486
5917,2955,6777
4780,5213,4084
8094,53,6630
6344,6876,2111
1591,6400,9148
1216,6790,4590
7005,5913,3092
2120,5025,8151
2812,6619,6037
2758,9899,3064
1017,5470,8472
5141,469,9126
9639,1873,1664
3637,4538,8314
6452,3576,4828
3174,8729,3976
4521,6641,6863
5637,5555,4114
2895,4789,7213
5672,643,8774
3031,9383,1678
2672,8790,2608
5589,4647,8115
4281,1842,7483
4389,9476,1774
6542,3095,5235
6641,1999,4778
5560,1499,6567
2516,6095,5963
2990,6089,6297
4137,5009,5283
6883,3198,4271
53,8163,4036
6387,6076,3114
8656,4097,2893
3660,3396,6988
4748,7791,3307
8228,3875,4386
3550,7875,2460
1607,5346,9130
7317,2580,5007
5771,8728,3528
3064,7956,5668
8154,1508,4189
5161,7500,1540
5274,5981,4909
223,6197,8512
1819,9461,5614
3213,3052,8047
3405,3161,8115
4134,6642,4074
6828,712,7678
3265,3912,6451
1257,4110,7538
6617,2765,3316
7052,5642,2448
6549,5451,3056
2111,4167,8713
4894,6032,4158
2333,3832,7961
5863,2953,8007
8334,2348,6097
3709,3821,8156
5759,6889,1893
9030,5414,1075
2509,8739,4775
6682,8720,708
8368,2920,4450
8194,4421,995
6432,2347,7102
4265,1980,8665
5518,3884,5017
6027,3855,4045
7971,3115,4274
9429,2805,2861
3432,2823,6875
4554,5630,2966
7886,970,6804
1496,4218,9941
6936,4493,5125
4207,5622,8192
6546,5588,4594
7634,2611,5308
1526,1594,9964
7415,4260,1156
2141,3986,7553
6252,1066,7617
1045,8384,6206
3742,4190,4625
4472,492,8997
1715,6150,5268
2663,7626,5760
1978,8885,4811
4895,404,8602
6112,7538,3534
3312,7484,2161
3071,3342,9851
6952,106,5980
7703,890,5642
1603,9644,5009
3204,3211,8622
6264,6392,1438
4828,3315,8157
1845,5511,8754
9810,4265,2734
272,4577,8773
2674,8614,3058
9589,3946,2394
6064,6649,1112
8888,265,4179
4533,2578,8291
4729,7997,2684
7248,5123,2222
6657,2300,6000
6423,4767,3573
5301,4576,7165
1082,6695,7242
2500,1760,9371
5091,4657,4907
6467,4469,3874
2303,8946,2894
4381,2272,7787
6265,3331,5538
6622,497,7538
6391,590,7708
7305,3630,3621
4398,5687,4335
1110,6361,7881
6207,4509,5149
8876,1585,5489
1347,7024,4267
3066,6857,5187
1061,4694,7523
3874,192,8723
6675,2032,8658
3051,9826,1706
2440,6043,5994
8887,714,6756
5009,6532,2556
6873,2079,5514
6868,946,7187
5100,6312,4296
3640,6198,5221
3397,6392,6562
2217,4912,7937
5502,4426,4009
6644,4251,5538
3553,5927,4615
4033,5163,4729
7274,243,8271
7133,2203,6143
5961,6802,1245
7539,901,5972
817,4436,9409
1478,9263,4039
3113,8069,4733
4245,5317,4725
4479,7340,5812
1891,2753,9176
6513,3404,3099
9349,3585,1423
597,8225,5892
6961,1568,3213
2864,9687,3500
4886,1879,5702
6722,6389,1727
9418,4041,1210
6482,1469,6741
7836,1902,7267
1553,2298,9643
3106,6257,5521
9105,2612,5809
679,4348,9445
2016,9393,4639
3253,7329,3467
7998,5712,3429
5626,7378,2895
4382,1105,8147
5506,3408,4118
9494,3290,2624
702,7036,8515
6475,2069,6911
3599,8240,3209
3246,8729,2411
4991,7937,2906
5690,6411,3125
4338,5157,5499
8639,1977,3124
677,9831,4136
5941,3836,6027
3833,2043,9008
9558,4572,1201
7861,5540,620
4631,4313,6115
3684,2964,6745
7310,4901,2954
5234,8809,700
6393,6083,3221
2272,8384,3990
3172,6944,3968
3176,3253,7587
1563,9459,5363
5057,6182,5976
2043,6928,7068
7862,5478,1485
2233,6210,8332
2683,9102,4047
6584,1166,7048
8408,5092,2932
3877,3156,6607
2837,3545,6813
5808,7395,4131
3024,6089,5299
1973,6773,7093
3347,4051,7888
7214,6701,1669
6448,6782,1220
7603,4825,3073
3710,1980,7610
6210,5869,2924
7514,4761,3597
2662,4149,7997
9030,4502,2364
4085,3420,7051
9810,1689,3159
3774,7041,3958
5378,988,7818
5897,7093,1305
7337,3617,4696
7090,6957,1445
4639,5064,6733
5990,7505,1123
5726,5571,4187
8096,5326,1210
8618,1727,5339
361,9793,6779
6659,6410,2691
3699,3652,5654
4599,5031,4339
761,6475,6128
9066,2241,4617
8824,3250,2270
4351,6663,5834
5147,1339,7320
3200,5647,5594
5718,4498,4287
5327,8414,2382
5203,8195,1871
7654,7390,1884
8469,5099,1731
7004,5887,3842
6989,2857,5925
9456,2509,5295
3989,7514,5440
5133,8375,3294
5198,176,7599
3386,7831,2877
8296,5905,1437
7092,6557,2505
6911,6548,2433
1690,3210,8980
4769,6099,5219
7862,3857,2090
5686,2154,4082
103,6621,8690
5485,7003,5282
5372,6384,3088
2240,7424,3049
9478,1730,5066
7389,7300,288
5129,6913,3865
6365,3427,7149
1920,5650,7001
8618,4754,939
2334,4914,6436
2660,1912,9427
6303,5965,3980
9816,4878,18
1313,9957,3661
6047,16,9569
1008,4883,8577
2971,7684,1878
26,5323,9953
4680,4529,6126
4310,596,7776
1426,7809,3478
5717,4626,3591
6364,2015,5119
6993,4084,4742
4002,7781,2381
2274,3570,8651
5287,5626,1933
4253,2871,7174
8906,2719,2447
8387,1028,3859
422,6949,8715
7773,1201,5130
119,8532,6655
5120,5874,2574
244,6767,4932
2115,2848,9877
4137,6176,6222
5521,2903,6250
7098,4667,1807
937,8440,6871
8125,3589,4366
4874,6748,2809
4830,5932,5537
2038,6033,7683
3039,5660,6215
7422,5692,3713
7502,5838,1401
8021,670,6143
6178,3163,6191
897,4339,7609
5026,8297,1964
5574,2580,7001
2135,2078,8531
5342,4831,4023
3351,3203,8340
4163,9290,3791
4039,4576,6438
6215,1374,6763
4376,2215,6403
5091,5864,1719
8683,674,6864
5860,8309,1417
5644,2179,5680
282,7748,9199
5802,7796,1544
7919,7334,941
2268,3096,9473
8706,808,5588
2850,5808,6531
6767,1799,5569
3595,4018,8579
6597,6341,3399
2998,1418,9559
9658,4486,319
3402,7979,3635
6161,5804,3325
5228,7887,2366
5828,2963,4371
5784,6715,1176
7734,3174,5759
3712,5019,6084
7741,2633,3305
4432,1967,7006
2085,6278,3794
1655,9027,5454
1568,3234,8602
3171,2177,9601
8074,2093,4550
5227,9040,1084
7348,6517,2397
9344,8006,92
5910,2608,6008
7705,1133,6832
9070,586,6677
2083,5282,6795
2014,4186,7189
4420,3979,6855
2503,5495,7919
6673,8066,1737
3623,3819,7083
4467,8475,3861
3727,3540,7334
7068,2610,3242
2837,5345,5728
7022,3063,5329
918,7697,9346
5578,3443,7166
4947,1760,6964
2439,8287,4181
498,4347,9863
6607,9293,551
2388,8626,3812
7946,4315,3173
3411,5673,7417
6243,4781,1844
5885,1780,7368
4267,4109,4751
2484,4077,8803
4262,5519,7265
4981,2724,8507
4711,3086,7250
8091,3938,3515
6170,5639,3574
8390,5234,1014
6380,6118,2175
3156,5380,8518
4296,5347,6494
4223,7025,2794
2996,6077,5078
9602,2654,2870
4257,8492,1604
6176,6561,2006
2563,4334,8240
2867,6129,5351
4458,4399,7698
2965,478,9778
8659,3713,3529
5158,6620,3568
5093,2156,9010
8974,2261,4325
536,5544,9069
1929,6297,7813
7984,4812,2364
5824,1593,7673
8882,2319,551
5702,8412,696
3710,3552,7006
1554,7858,5678
9471,2993,3601
6697,7145,2040
7237,1917,6149
3148,7780,2765
4875,1234,8472
5270,4530,6561
898,9274,3081
9059,3458,1076
5598,3785,6358
6013,2643,5761
2049,7241,4587
3060,7764,3735
8488,1789,5888
3844,1830,7690
4272,8627,607
3530,4307,5070
4751,2359,9021
5226,2296,7553
339,5339,9878
4048,1209,6614
19,9216,6089
8736,4582,2904
941,8434,6599
8256,3989,2980
7775,2011,4584
7631,7612,367
208,6148,8283
4951,4766,4808
3960,9636,3315
6135,2083,4629
4700,5943,3961
7863,8000,1550
2075,6256,4674
4271,7319,3146
4870,6033,3407
7455,3309,5583
2258,2856,8857
1190,3802,8542
2211,4850,9202
7914,5239,3979
2578,7290,5138
6236,7532,1353
4478,4982,7681
4522,9660,2299
6440,7689,1106
4745,5173,4032
4449,1020,5808
7406,6832,119
5784,7017,2434
824,6783,6588
4864,9111,624
5253,5737,3249
6669,7568,1632
6979,1992,6351
3564,5295,5577
6808,294,7755
8160,1039,6664
9925,581,3464
4848,437,9398
3877,7536,1920
5896,1051,7640
9609,1114,5319
4999,7234,1778
6062,149,9423
4949,5383,5804
4482,5723,4305
2236,8820,3829
4116,6273,3740
4779,167,9116
8366,7190,228
2337,2761,9083
7286,3021,4149
570,6783,6325
7639,5776,1938
2739,2082,9315
4804,2907,5331
1960,5019,7927
7089,2745,5886
5849,6539,1143
6768,3351,6081
2209,8167,4494
3102,6325,6309
4657,9172,2988
4107,4824,6905
6204,2309,6107
5812,3220,5528
4826,7292,4368
9525,4888,568
3865,9121,3556
9223,476,5788
5699,8000,1439
7806,6793,1686
3275,7095,4930
551,7227,5757
3332,3027,9018
2041,9575,5243
1002,6894,7788
4179,3413,8748
4751,3078,4713
3667,6602,4289
5755,6016,3844
4795,7189,1064
7266,3675,2066
6772,2379,6165
7322,4116,2353
5054,5637,5199
6254,623,6493
6434,6580,1088
9439,4568,1127
4110,5911,4100
6758,1590,5231
5805,789,8186
6824,911,6218
8734,3603,3000
4029,7376,7282
3658,8339,3293
1660,2968,9565
4998,6575,2617
4347,4660,6247
1419,9151,5590
1545,5365,6082
4150,8865,4104
8093,3376,5946
8061,1954,4876
549,9799,6110
1887,5039,7721
5763,1659,7629
3882,7535,3012
5475,6936,1121
1963,6855,4068
9662,725,6413
5689,6645,2726
6060,7163,1868
3177,6532,3806
4696,7704,2386
5600,2363,6464
6825,5409,4377
495,8335,5485
4310,7453,3879
565,7385,6962
2697,8840,3056
8028,4741,1267
3184,5397,6651
8674,2687,4043
749,3483,9478
9412,1373,4540
5805,6545,3586
5906,3451,4642
4377,4558,5400
4885,6506,4458
4129,3063,5828
3410,5161,8952
4305,9171,2056
2877,8657,2978
3831,7291,3388
624,5821,9230
8919,1107,5294
1179,9290,2683
2548,7771,4202
4214,7369,3349
6513,6870,4121
3244,9255,3895
4466,6165,1762
9615,4522,2005
1326,8926,3908
3344,5396,6752
8680,6620,1216
6863,7435,1629
4675,6332,3561
7934,5148,1997
5172,6616,2951
1841,7371,7462
1519,7016,6258
7296,440,7691
1047,4886,9334
3108,3241,9431
3338,6007,7452
310,3618,9268
7575,5640,2165
5536,4875,5858
8614,3657,3453
5752,2450,7171
6932,2200,5731
6813,901,6559
3217,3211,8559
7799,4217,2938
6957,1039,6584
4175,2911,6646
5021,5487,5340
4331,2093,9990
6576,247,7779
5413,5690,2361
4570,3731,6379
3014,7390,4052
6313,6076,4996
7833,1734,4636
7676,4941,914
3459,3868,6633
5026,1705,9763
5165,9079,34
2740,4293,7833
756,5111,6947
6391,7571,576
2767,6410,4161
5537,5038,4911
6809,2663,4032
959,5841,8606
5796,3439,3771
5126,4314,3650
1989,6656,9703
7014,5216,1636
5486,4041,6661
6181,3577,6429
5231,2948,6994
5807,3906,5516
2369,2585,9472
3620,9287,2274
6680,157,6334
2849,6060,4925
5143,3395,4158
5011,8736,1961
5797,7431,2710
5671,7758,1947
8978,4046,1476
7805,623,5439
9097,3001,2662
5282,3963,3530
4317,2213,9008
9372,5666,1167
4319,3110,8238
4415,5556,5285
4084,9296,3837
7611,2477,4097
6401,7256,2661
4500,9252,1538
5219,8386,4136
6756,3591,5458
3232,7490,5008
4185,6330,5172
6129,6160,3916
7360,6569,1911
1083,3066,8973
3806,7798,3635
4304,5798,5406
6396,2529,5875
7763,7872,18
796,4787,8315
3292,7222,5991
6278,3961,4965
3886,6487,4948
7586,1857,4752
3397,9216,1862
225,9922,4338
5372,4319,5528
2844,3762,7163
2579,6098,7532
6981,7010,1393
4239,7545,4375
1970,4673,8463
3366,4295,6036
6749,5337,2224
7114,7796,1206
6058,2406,5229
5158,3342,3202
7147,7184,2300
5944,251,8873
9173,3329,4830
4412,4159,7970
7968,5507,2117
1646,4684,9547
3216,7983,3307
1909,6157,4291
5222,5130,4336
7401,2065,5392
4692,2360,9542
7398,4651,4215
7300,4242,6488
7059,9658,150
6741,8156,213
1394,5350,8703
7621,2525,4231
4471,3539,2775
9382,5076,623
4771,4713,3539
7733,1686,4895
2106,9959,3935
4813,695,8255
625,6629,8032
3389,7795,4999
7941,1381,7414
7756,2009,5350
9894,1424,4417
9412,1146,5119
3771,9347,1367
4870,2540,8484
4233,5651,5751
8383,501,5007
4178,6098,4538
2768,4302,5338
1131,9954,5579
3590,5458,4769
6839,2154,6222
4107,4721,6502
3566,4427,5612
1753,6875,7310
8534,7431,1768
4484,6122,3986
3716,4434,6585
4972,7864,1869
1680,5374,8209
4913,1789,9877
9399,2889,2621
5578,2299,6488
7366,7616,633
5770,4397,4931
213,8166,6592
3755,9999,1618
8351,7185,876
7412,7079,903
4401,3200,8607
8141,7111,726
501,9838,4382
7058,6364,4902
6977,3328,3904
1099,5982,5939
9965,3912,914
8989,4768,2001
4715,6269,4293
2749,5109,5527
8571,3921,2903
4632,2286,7891
3370,2534,9522
1069,9692,4826
6402,5986,2861
4984,3685,6262
8475,1204,5185
6952,258,9009
1520,5864,7102
5858,5467,4171
3310,9478,102
6752,4492,6414
3534,8894,3785
8491,5547,3130
5321,6025,463
6970,1890,6825
914,3987,8993
7329,7151,3479
1656,7121,3131
1931,9033,1872
7117,6902,543
882,6293,7029
4173,2580,8781
6202,8504,782
8382,1602,4395
4315,4821,5523
1286,8211,6092
4089,5792,4087
2392,4908,7713
7427,5054,1993
4084,7861,3542
4123,3123,6490
3382,5662,5665
2761,9144,2883
9565,2475,3307
8306,3495,3224
2806,8274,1723
6054,4770,3893
4938,2568,8532
6647,5632,3868
4571,1835,7636
73,2325,9560
6391,5836,1973
1527,9603,3189
4838,3882,7787
4418,6840,3957
4453,7365,2657
8117,385,7808
1300,4962,7946
7054,4088,4417
8518,1250,6996
1467,5318,7357
2551,5929,4914
1742,4951,6663
7998,19,4102
8622,6632,593
8094,3999,3563
3423,5699,4685
4645,4650,5434
9287,1668,4741
594,8381,5120
4980,1628,9406
7714,5418,2344
7150,6561,1493
3837,2929,8376
9477,3745,1271
2203,5683,8964
7550,1577,7399
2238,7031,3972
2101,2649,9279
155,7623,6774
5604,1097,7365
6511,4609,4334
2043,4927,8059
1078,3948,8898
2895,9893,3599
3010,5965,5859
7262,134,6593
1027,3720,7601
4210,278,9315
7619,4901,2950
6415,4176,4491
6186,4514,6345
1086,7028,8279
7047,477,8690
7619,7260,167
6611,5606,701
7950,2652,2681
3633,844,8955
3356,3843,8511
6412,4192,4663
7700,6325,1845
3636,3733,5920
6434,4176,3231
4972,3218,6387
4894,3253,4415
4228,7770,3553
7033,3733,2369
4192,9580,1319
2545,4723,7034
7652,5863,3545
8365,5499,855
8473,4808,930
6171,5434,4793
9041,4838,1110
3330,6188,6416
3117,5830,6252
2221,5995,6314
4143,4145,8006
4659,6268,2056
3029,5366,8496
1604,6035,8373
5832,8031,1143
8572,5401,1142
5157,5700,2664
6127,4445,4322
5614,3999,7321
4315,9282,2768
4196,3927,7289
8289,1111,7104
9063,4335,631
3002,4246,7001
5113,4108,6390
6247,87,8530
1278,7885,5920
3000,7382,7160
7233,4154,3080
5325,3259,7169
4186,1693,8229
6812,5588,4442
5341,4858,5483
4205,1926,9508
9486,2783,3603
910,6835,9392
5226,4246,4778
3352,7319,5637
3112,5712,8726
7434,4385,4537
6651,5770,1074
4827,3956,6977
5606,4077,5853
5157,9215,609
3640,7155,4237
9697,378,5605
5857,3953,4470
5962,4765,4703
8980,5427,397
5205,5969,6364
3012,9720,1842
7823,5769,2324
7003,2775,6041
5879,7795,380
2814,4208,9330
6562,6803,336
9032,234,6168
6914,4809,432
9126,2665,3677
2918,8962,2656
3668,5548,7634
3582,5054,8946
7278,1,6822
5343,1560,7492
4094,3910,7679
5859,7415,2519
3545,1062,7866
3314,2989,9395
4498,6850,3600
4896,3184,6596
70,8424,7425
6582,8476,1333
7173,6986,2893
9675,960,4872
2861,5703,8335
8906,3293,1520
8247,1718,2884
4300,6776,3061
5307,6409,3358
2056,2346,9565
6602,4063,3045
7941,3263,3487
8675,283,8519
2563,8453,3985
8397,491,5537
8319,989,3056
4797,7126,2933
6666,5053,2570
4826,5436,5511
3798,4619,5076
3876,6737,6521
625,9791,1263
7738,2145,3546
6601,6717,2322
7314,3262,6498
1185,8607,2749
932,9740,3841
9926,5921,558
3075,6603,5648
4732,8434,1240
7296,7180,1290
9244,4054,688
5103,836,8945
7495,7969,894
2236,6729,4738
791,4503,8952
2253,8976,4139
7575,5763,4006
4848,1397,6144
668,4377,7413
3978,5167,6372
4055,6135,4674
6342,7099,3131
1737,7713,6693
4080,7162,1790
6376,2261,6835
8842,5434,2351
5204,6342,1611
986,6786,7385
6169,3297,6446
8339,5417,41
686,7348,6045
2942,8604,3317
4993,2530,8386
4718,4495,5808
4647,213,7845
8179,4046,2951
6927,6151,2019
9006,1250,3901
2785,3207,9878
8454,5663,701
6412,6022,4560
4263,4455,7404
8430,2971,5249
3202,3968,8462
6558,5909,4139
9895,1013,5953
5682,7004,3646
2551,7051,4012
4132,7044,2024
4943,9640,1467
181,4017,8803
4783,8324,686
5773,3978,3216
6008,6955,3656
8750,610,4422
1100,5107,9806
3911,6528,3781
7225,2997,3457
5629,4490,6750
7357,1180,5235
3078,2844,6949
1697,8137,4456
2467,1326,8964
4906,6078,3444
4426,825,9131
903,5260,9770
4903,9138,1539
2906,9692,2027
1144,6383,6189
8376,3709,3058
1309,4289,8131
2865,8487,3285
4600,6000,2294
1328,5580,8947
9355,3811,2361
5525,7345,2660
1910,8403,5272
86,8531,5005
4134,5441,6180
747,3445,8987
5901,7715,2030
6854,5964,2501
6918,1317,5846
6579,1734,8796
540,8391,4860
3233,9516,2950
3655,7223,2421
5596,7938,1616
9881,271,3677
6065,2609,5937
6586,2429,6589
4742,4146,3226
8265,1601,3954
2857,5655,5494
7535,4426,1109
3056,3852,6223
1374,4654,8127
6299,6391,1631
3118,2545,7119
2264,3439,7876
1886,6348,9135
4467,6004,6459
4036,1273,8277
2005,8759,3353
6196,2359,7066
3052,7550,5477
2352,8285,4325
1770,9469,3185
2757,5484,9660
254,5469,7620
3847,4089,7892
6544,2093,6006
2552,6899,7326
1252,7324,7658
5775,5526,1431
3763,7417,4167
8238,2352,4911
1049,9386,4803
3426,7242,5097
7169,5335,940
8265,131,6639
8499,6086,3908
6862,7473,546
7746,3581,2379
6032,3112,6546
9206,416,4409
4295,6142,4044
9787,1695,2897
3397,3449,6343
7425,4858,3481
3532,4283,5988
4234,8768,3074
3801,9105,4066
5382,4093,8583
3538,3271,8404
2448,9064,3467
6964,7234,2387
8063,4771,3373
2869,6833,4151
3,9551,3897
7684,5391,2055
7275,7265,1490
9422,3249,2011
4142,2626,6960
3214,5981,5433
8481,6417,1158
4770,4937,4026
1423,9703,3267
8433,1025,5194
6310,2398,6817
9617,2672,1902
6700,6683,1805
286,7742,6145
522,7908,4172
120,8510,5989
7294,4749,2496
1521,8234,8418
2323,5382,5969
3726,3794,7845
2383,6277,6810
3621,3199,5061
1165,4965,7929
1148,5812,8536
3528,2995,8516
2408,8157,5761
5830,4217,4771
8507,2606,4213
2467,6283,5215
4708,2374,7450
3180,6836,6813
6960,4003,4247
1577,8437,4587
5136,6829,5171
3245,8144,4890
5476,7497,224
1523,8975,2422
6242,2150,5766
7067,3191,5033
4711,6273,5009
1632,8024,5197
4782,4082,6423
8135,2242,7684
5184,9784,1701
3408,1053,9636
9937,3902,3085
397,6840,7278
5725,6268,4137
3873,2016,8267
1008,4682,8622
7520,926,4225
8651,653,6543
4010,8056,4750
3776,4109,5810
5548,2661,9090
2593,5464,5924
1859,4766,7409
7352,3513,4922
3328,793,9091
167,9672,6248
6640,7738,578
2881,6791,5520
5909,5373,3435
7816,7710,649
2844,5498,7041
5476,5752,4934
1854,6636,8590
5459,9005,1897
4323,5705,5805
1526,6397,5060
7686,4736,1806
2828,5406,8315
7299,6701,710
785,5759,4517
3126,5298,6563
5521,7624,3620
7448,731,7065
8910,3131,3014
5174,7264,985
5519,885,9247
3196,6875,5590
1511,3287,9532
2351,7873,3649
4246,7857,3806
8668,2567,3351
2613,5309,6880
1587,849,9448
9169,186,6375
3200,7824,3791
2305,8169,4284
7067,4974,3981
4683,3069,6037
6297,4241,5818
3735,892,8964
5018,6453,4243
4164,5571,4801
7339,1832,5611
6839,843,6929
8422,253,7479
9099,5177,2229
8289,5765,1815
7504,2369,5021
4061,4386,5591
7675,92,8368
3125,6257,2998
2843,6298,4887
2122,3239,8689
5251,8861,1893
6128,806,8841
6443,4307,2274
5847,3058,6399
3078,8144,2772
4896,4188,5282
4853,5679,6918
6501,1095,9791
3716,21,9891
1310,8161,5400
6353,5086,1827
6098,6100,1793
3928,2008,6491
3824,6634,2802
7187,6690,2421
6812,3070,6085
1198,6410,9456
2372,8997,3334
6753,1504,5869
7944,5432,829
3765,4127,6863
1143,9028,5171
5229,1335,9780
5667,2123,6141
9719,6507,290
205,9270,6141
8812,424,6321
2260,6675,7311
7157,3805,2913
6456,3785,5552
3152,4919,7849
4419,2881,7269
3488,9860,1752
4954,3450,7126
7097,5977,521
7380,6168,2084
3611,4433,6449
1598,6976,4705
8672,611,7438
7923,1950,5992
4348,6101,3841
9392,6586,436
5941,3794,4315
9268,4273,4942
4242,9756,2628
5470,5402,3992
3485,7796,3941
9924,1623,2558
7418,2123,5919
4762,3066,8326
4140,7831,1021
6981,6166,1716
9737,4371,2818
1279,6384,9411
5072,7582,2359
4274,2725,9476
4132,6811,4461
8176,4406,3385
7764,292,7550
7037,755,7116
7573,1508,4908
3163,5513,8126
4111,4987,6206
6330,4964,5617
777,5770,9164
2267,8569,4381
6563,3017,5153
7172,7273,418
3907,9805,2423
2354,5449,8450
3776,3703,7184
6554,1832,7564
1901,4640,8501
6239,8583,2761
4446,9126,2045
5574,608,8218
4834,5522,5003
3035,1309,9588
6122,6567,2371
3091,3750,6832
3884,4125,7695
3836,9684,3874
4125,8100,5351
576,7139,7941
7005,6256,1821
7105,5885,3362
5485,1248,9801
8147,2549,4573
8404,7053,531
3078,7738,3283
1419,3861,9402
6432,7736,3606
5850,7293,5018
6908,2959,4275
8003,2980,4918
4253,7913,3584
2289,5045,9138
2232,5553,7749
8971,3549,4447
2893,7119,6664
8966,377,3901
5392,1288,8160
108,6232,5844
6430,4722,5346
6437,2648,4990
5447,3058,5098
4946,5133,4517
1306,6176,6222
1552,3233,9582
6628,3210,5312
5253,7465,4363
5582,5067,2748
1771,5713,8012
4091,6745,3901
8100,739,5050
7531,6972,1355
3367,7873,4246
825,8448,7727
6019,5494,5406
3195,7485,4753
3445,4181,5330
7649,299,7187
7724,7550,1428
1336,8022,5793
8128,6104,698
3090,1222,9711
4407,2306,6959
3158,4309,6522
6771,7784,528
6516,5538,876
8556,5203,1364
5159,37,9967
5035,5877,5626
9748,5662,480
4319,3463,6615
6441,4091,5011
6080,6313,3983
5578,5777,3160
3009,8111,4337
8523,523,6146
7465,5377,2413
7503,3958,6465
2587,9467,2518
5903,3672,5626
4409,7975,2782
6134,3960,3854
6491,3642,7124
8436,3099,2089
8241,3177,3681
803,3307,9451
3793,7019,4973
9988,2279,2057
2544,8876,3071
1162,6537,5268
4845,2556,7820
3887,1391,8012
4337,6079,4438
5214,5765,3073
7390,4765,2733
2937,6033,6340
254,4901,8595
421,9945,4184
2953,3929,6968
678,8255,5603
9880,605,3968
1208,9228,4357
3391,3710,7282
6796,1632,4296
7471,2890,5287
3052,4806,6553
1815,4634,8796
3123,4218,5182
184,9711,4432
4656,9761,381
2131,9359,7014
6940,4299,3603
4616,9940,3286
5483,3997,2619
5682,2759,6992
9761,4793,548
947,7939,7159
3559,6264,6297
964,6585,8927
2573,5358,6658
9659,1636,3826
6181,1377,6841
1696,5236,9451
3266,7500,4639
2893,6296,6939
4635,6578,4049
2275,6740,5897
7094,4018,2995
5240,6136,4242
7453,6494,4
1437,6772,3853
8875,3442,1853
8205,4164,4935
5217,7064,3923
3810,6475,6321
177,7718,5382
3439,8921,1667
4475,8571,2991
3565,5716,5653
676,4990,9309
8,3320,8868
3166,6291,4157
6425,8067,865
4398,1631,8666
7391,2702,5155
9215,3751,1504
6344,6524,1074
1787,7832,4978
3996,6667,2837
3601,889,9230
7361,4259,1978
8458,5425,1223
654,8260,3316
2089,6804,4325
7380,2611,5367
4147,4531,5819
3911,6271,2955
6122,7180,665
6012,5526,4750
2337,3865,8361
5050,333,7634
747,9922,3337
7031,5863,2276
5589,3712,6273
6829,5807,2200
6917,5794,1413
545,7972,5982
1905,6043,8578
5667,6505,2375
5651,8183,1993
5845,5784,5629
6390,4314,7186
6565,5664,3230
2920,3282,8628
3517,5172,7522
9325,3012,2985
6199,2601,7934
3296,6533,4307
4157,8137,4165
4372,1533,9527
4167,3979,8885
9113,1922,2148
3913,5912,6122
4661,6634,2838
8600,4585,25
6736,679,5286
8601,2724,6132
1685,4004,7972
1959,8665,4858
7863,6051,2429
5610,4639,5883
3625,5609,8122
563,2814,8836
2903,9126,3660
7162,6228,3193
8587,5137,567
4367,5149,3852
3616,6264,7826
1465,5808,4914
4386,5286,5785
3374,4344,8457
9032,237,6155
3651,9307,2741
5952,6909,2311
7816,3532,1958
7355,4664,922
838,6159,4196
5392,7133,1022
2860,6660,4058
4431,6320,3648
8149,2338,3281
5896,2674,4757
1600,4931,6061
6720,1386,6479
1986,6203,7906
8909,7004,281
4526,8500,1272
6225,8045,1611
4451,3846,6355
6848,157,7649
3397,7776,4439
6985,4678,51
4651,5706,2754
751,3843,8143
5890,4548,4587
4015,9242,741
3009,3315,9411
4186,1482,9722
6046,3307,6120
3160,2249,9998
6583,3118,4331
2936,7787,5361
4472,4589,4982
5498,6213,2953
4550,6307,3887
3575,3736,8679
1799,4067,7926
8930,6435,199
4429,4800,6462
2537,4640,9818
6357,6003,3726
2728,6996,6501
2953,9344,3540
3271,2854,7700
5334,242,8063
2050,6718,6009
3876,6220,3224
3774,8326,4115
1556,3594,8483
4117,3154,5240
4089,5169,3122
2682,8268,4971
9043,3992,1274
1864,2886,9734
2063,5960,7609
4546,4047,5814
9045,741,4459
5827,5620,3719
1665,7632,5386
7461,2996,5188
850,8542,4904
2159,5753,8923
4377,5306,5575
5017,7099,1109
4701,2806,7918
4712,7726,3796
2705,9831,2635
2108,5607,7857
6587,1236,7513
4021,3230,7052
8538,1809,2487
2188,8785,6028
8402,2010,2261
7205,3662,5247
2360,7142,6111
9540,840,4858
3648,3748,4809
6062,8125,647
7306,5933,3119
4850,2098,9332
5488,8658,2276
6044,1532,9000
3271,1431,8766
3257,5611,4494
7926,8296,1061
233,5936,5805
2956,2750,7019
6547,2756,5455
8071,2197,5803
9013,1628,1610
7299,2763,4303
3454,8399,2630
2174,9242,3028
2320,9714,4606
3677,2808,8149
2680,4913,5211
2038,7036,5937
2538,4421,6328
2542,9638,2027
7104,6808,185
3546,4741,8686
2379,5039,5887
8987,1387,4728
4782,5801,5045
2064,3658,9260
1127,8421,5120
3103,4226,6173
2617,7839,3441
8701,3898,2693
5403,1922,7921
3541,6265,5539
7161,5721,2271
3881,9332,2437
7109,4756,3198
3838,5904,5104
3050,6857,4213
4811,2259,9984
9425,7367,177
5671,3706,5380
6920,5036,3754
3252,6734,6025
2057,6333,6774
3571,7289,4819
697,9897,3063
9382,596,6256
7500,4020,4813
8147,1335,2880
8892,6426,422
52,5861,8341
3003,6109,5721
8664,3155,1785
6792,2374,5140
8725,6981,976
5849,2955,5740
6317,2640,7969
7460,5373,1095
9334,2330,3334
3402,6186,7292
8541,2852,4145
3484,7887,6526
1517,8711,5402
4222,1782,7240
5585,4955,5301
6909,1985,7500
1565,6548,6720
210,8937,5937
4416,9891,161
6743,3609,4594
8673,3995,4231
6336,7302,2566
2536,9348,4122
4655,4521,4597
8056,3982,12
8953,6035,1895
5336,4621,4575
58,6388,7009
5101,5607,3502
1603,5165,7769
7055,2469,6859
8177,2222,3796
8222,3129,2782
5340,4067,6581
7110,1759,5235
4023,7605,2849
5507,6387,2319
1036,4821,8523
6625,2040,6399
2556,7824,2442
3079,4218,7840
9218,220,4480
153,7741,4634
5511,7678,667
9131,1135,4543
3454,8736,2391
5512,5498,2538
5034,2436,7778
6658,4212,3477
5896,7177,3480
5207,7121,1782
5046,4554,6765
8672,2457,3722
9361,2622,4140
8117,7205,269
8036,4417,3606
5386,7351,2689
5330,6683,2378
4310,4798,8754
3653,9170,3749
9597,399,4152
4406,4913,6617
9410,2859,1402
4997,310,9401
7274,6939,1082
3162,2791,7833
6909,6441,1841
7717,3338,2535
4215,5404,4330
4511,3677,7658
5722,5575,4284
6691,2693,5424
6944,1294,6953
6259,7317,2617
6495,694,9696
9121,4626,1877
6306,9633,42
4095,5823,3429
7309,7627,781
4433,8339,2676
6800,5190,5071
2868,9047,4888
8718,5416,1762
3370,4245,8050
3630,6489,5624
1418,8961,4757
1502,3937,8482
6086,3407,5902
1909,5337,8157
3348,6841,5439
4532,5627,5601
9366,118,5210
8241,928,6399
4676,2624,4373
8618,1931,4644
7335,3555,2883
981,9853,3310
8487,1921,6484
5086,2744,9176
1639,7251,5602
6861,3037,5898
4126,6273,5401
1815,6153,9249
6097,8559,2795
4303,5330,5269
4643,5291,4077
6166,7775,2099
2981,4418,7627
6838,4937,3861
5766,3291,7447
2586,6197,6317
1850,8645,3043
614,5191,7269
4022,9616,2222
7806,1805,6052
9975,2634,3675
3042,5289,6837
1506,3746,9472
7734,252,6030
5916,3860,4805
8463,5398,1356
2585,3769,9099
1449,5342,6122
3196,4994,4106
1262,6704,9245
8492,185,5144
5316,1456,9410
6899,5011,2552
4295,4561,4858
7598,5645,3080
4963,8623,2877
3824,7290,4876
8119,2158,5667
3902,6753,3251
9553,1263,6284
1354,9547,2734
6976,5959,2508
3625,3381,9903
1972,9219,5063
4891,5462,2539
462,8320,7106
8004,2000,4705
3267,6369,5052
1066,7267,9106
7147,4894,3315
7780,5750,2049
7925,7279,1228
4087,5557,7430
5550,3682,5780
4668,2513,5660
2545,8731,2576
900,5190,9410
9298,3341,1485
5676,7939,3422
3389,9313,4983
6272,2808,6055
4319,3455,7351
7235,5165,1734
6032,8852,1418
4552,3613,8456
4823,2982,5771
1529,7377,4949
4967,1050,8466
1037,7549,8077
6961,1860,5322
4328,5914,3790
9149,3201,3485
8741,3070,3586
1735,6587,6440
7128,1865,4788
3612,7108,5937
9509,3022,4857
3775,4341,7085
9279,718,7667
3115,5926,5584
8615,4403,3334
494,5328,8136
4302,4440,7057
5930,3261,7659
5220,7193,3709
3455,3216,7740
3695,6528,3591
6292,6025,3675
9160,2029,3674
5380,8119,2102
4426,4276,8678
3933,6773,5814
8887,801,5091
8531,1015,6208
3159,7315,4451
2485,8224,5330
5501,1342,7977
8111,4575,2038
1185,8488,3638
4909,4150,5359
3122,3324,7520
2039,8229,6222
1924,8947,5308
2110,9533,3772
8904,5049,1376
7816,6887,3662
7059,5625,5294
9130,1894,5549
4238,3650,5791
4701,5560,2921
7731,4957,1631
9322,6046,982
284,6767,5771
2245,6035,5657
7855,5251,846
236,5115,7524
4070,6371,6734
8493,3921,1832
5123,6863,4186
4179,5175,6412
131,9021,5443
5753,3279,6395
4901,2900,5809
6911,2867,2252
3215,9076,3609
3698,4330,5624
4447,5229,2274
5318,7655,1764
1167,6098,6464
7580,1086,7560
5920,4758,3305
3999,7997,163
3980,6765,1933
6807,8264,3244
6992,1777,4937
9047,4245,1745
3189,8241,1532
2245,7965,4586
5766,7533,3634
3734,9145,929
6100,3760,5368
3227,2795,7180
9274,4112,3913
7233,4462,2403
6190,9723,1070
7810,1943,5377
624,9941,3235
5932,4064,6880
1480,5321,9194
3455,3585,7825
8541,4574,1345
3197,5193,5293
4407,8191,3368
3108,7998,4621
1472,4837,9401
762,4023,9344
4151,3750,6003
5959,1634,7966
5958,1308,9149
477,6848,4538
9091,1365,4238
3488,4040,7843
2364,7978,3591
2701,4566,9267
827,4603,8404
5058,3771,6542
4010,9925,2183
6050,6416,3380
6576,5546,4545
2433,2958,8706
7468,3795,3745
945,7106,8250
5884,8410,3259
3061,3638,6534
3510,5686,6343
6146,3717,6176
1842,8296,3035
6634,3617,4120
1903,8007,6570
6720,5099,4447
4148,2852,8635
5868,31,9145
7546,6386,1268
5933,7941,1310
6682,1446,7482
4327,583,9714
4042,5500,4791
2975,6591,4440
8458,4943,2049
3127,6704,6663
7414,5022,2715
6925,3153,5249
1599,7366,5222
6842,2062,4844
7455,1243,6014
7612,863,5198
1384,9281,2836
2709,4318,9518
5475,7228,2365
1186,5133,9031
4615,7453,2635
2075,4720,7324
9498,1611,3633
2744,6060,8741
7106,6731,3116
5603,4976,4613
5518,6871,1732
2632,2027,9990
251,8968,5344
5109,5147,5403
6216,3094,5501
5444,4337,6722
1831,6911,3541
2183,8455,4149
2733,9789,4103
5024,6511,4561
3596,4424,5439
4653,2549,6265
2407,5296,7348
4304,2427,6873
6557,374,8695
8335,4203,4646
4480,362,8746
2977,3868,7865
398,5415,8836
214,7869,8103
3664,805,8740
6579,5482,5046
6986,3355,5134
7207,6560,619
4970,2639,6115
8172,5626,2724
5922,3983,8096
3872,5843,6706
8476,2898,265
5221,1372,8951
4059,5919,6467
4079,6899,2276
6635,5462,1893
5065,7169,1773
2166,6150,8157
3710,6663,4783
3443,6491,4627
6227,2123,6027
5056,3143,5159
5147,6234,3831
93,8396,4562
2108,7692,6318
5463,5382,5256
6103,6030,4981
4743,1860,7247
6006,5409,4186
4693,5593,3498
7111,7690,3221
5131,6346,4611
4109,8738,1343
5534,2349,6028
6304,1804,5159
6624,5466,1714
4750,6356,5417
4186,656,9845
2037,6329,7627
3954,4607,7560
3254,5274,6690
696,9352,4619
7442,2908,4197
5380,2641,6622
3544,5314,7923
4912,8999,3011
6894,4902,1739
3960,9018,4491
5465,6296,2407
6145,3113,6747
7244,93,7365
2064,5232,4740
4842,6585,463
8167,5437,1049
912,5510,8536
1888,9737,3813
5567,1911,8398
9480,7284,279
2331,9330,1806
3238,4568,6965
5408,8921,2283
3085,3833,9749
4175,4509,5226
3407,5353,7148
2263,6857,6981
2681,7704,4342
2830,6656,8035
5012,4669,4080
3700,2644,7036
2893,6923,3965
9364,1482,6487
6243,7555,2927
9752,2021,5981
2133,7624,5614
639,9865,4131
4907,6140,4436
7312,5478,3101
5646,6460,2350
228,7188,7528
4800,7802,3442
6270,3970,4536
8419,663,4485
6678,5945,1243
2421,5332,5402
5834,5821,1749
9582,1111,2333
7875,756,6251
9814,2080,3614
7542,3852,2368
1123,6384,6674
4005,3320,7464
3602,8742,1761
9229,4301,1442
9024,2806,1622
8568,6080,1615
3288,1692,8095
6496,4866,5084
4644,5195,5097
5862,6428,4093
4932,4525,5335
6189,2273,8090
8286,741,4196
2037,5078,7358
3056,6129,4526
6376,5925,1512
4725,8514,337
1872,5553,7544
3281,3440,8757
4696,2709,7926
5777,9438,1300
4206,8189,3669
1563,6053,8865
9658,765,2390
990,9112,6097
534,8831,8415
8913,1824,4856
5124,8709,1642
5158,433,8618
4031,144,9793
5421,2915,7762
3858,6394,5405
5651,4773,4121
5988,7094,1452
8235,4273,2465
6584,6422,289
4389,4318,7109
1531,7348,4928
9428,168,4874
2230,4969,7411
3410,5779,4379
9561,271,5929
4317,8023,1940
3671,2495,9524
972,7031,7860
3738,7302,4577
7404,9081,2057
7513,4736,4626
9617,3812,2253
2652,9524,2098
7833,2472,5887
4274,7583,4179
6551,4737,3561
3890,8117,2707
4769,6234,3240
2013,5487,5792
4228,3600,9335
5114,5897,4180
2347,4143,7152
9706,2827,1441
3392,6093,5305
6700,1353,7142
5031,9570,389
6036,3534,4948
3720,8416,771
8637,3714,1555
3,8099,5919
2506,8858,4590
3759,1089,8350
7034,6838,2292
1045,7138,7330
7369,918,6873
977,3871,9667
4875,526,9288
4332,6352,2338
5069,5759,4236
3004,8625,3168
2788,8730,3825
5967,2907,6905
6136,8137,776
5522,1409,9072
5408,7009,4084
5272,4105,5144
5839,1756,5882
4682,5933,4742
6466,7725,1588
1118,7781,5349
6532,2873,4268
3639,5131,6441
9648,4248,2415
1153,9822,5502
6953,3585,4030
9168,275,2715
6887,2589,4692
2980,6700,5552
9084,288,4179
4786,6609,4944
4647,9549,2407
4125,4920,6485
5938,4131,6662
7323,4821,2586
2111,8220,4221
5208,1102,8047
7745,4589,4707
4658,6053,2835
5111,4222,9538
5467,3185,6617
7743,1685,5581
8865,128,7130
1166,7239,7480
3590,4532,6586
2611,7763,4908
5832,9142,1563
6863,6170,2149
7370,2050,4949
1251,4251,8256
4508,7230,2503
2355,7658,5361
5033,2891,7159
5438,2726,6295
6030,2455,7327
2504,9222,4426
9112,2348,5778
2855,9353,2463
4319,5519,2564
2866,3779,5716
7989,2071,3567
3462,3859,7028
7797,1147,8353
8049,7149,41
5787,6349,3673
4593,3228,7249
3856,5206,5819
4809,4318,5046
1567,6610,8374
7552,5231,3473
4988,9274,1177
3228,2209,9967
2676,6259,7224
3801,3174,8017
3565,3404,7345
9670,2193,2216
4591,4339,6870
5544,5543,4387
6734,8804,17
6264,5206,4271
9351,6521,705
4675,7929,3482
1233,6084,4139
4971,3331,5624
5044,3276,6100
7918,2518,3857
1571,3996,8868
166,8532,5621
4114,8534,1478
7456,4871,3812
9595,838,6347
5850,5292,2293
3389,7334,4184
1021,5378,8536
5444,4047,4265
2654,9944,2568
731,5386,7540
7447,3074,4008
2270,8852,3787
9627,1,5880
4088,4798,6139
8384,6549,1244
992,9472,3769
7196,3104,5582
1955,5883,7020
4442,3952,7440
4373,8843,2965
552,6305,9340
3444,8241,3437
3375,9485,2159
4335,8320,117
3761,8619,2649
7330,4753,2793
1091,4120,7606
5186,4471,5613
993,7212,5214
990,7774,7007
5210,2393,7903
3762,580,8246
385,9406,5808
3321,8054,1119
4654,5335,5318
3702,8149,2672
1593,3042,9251
782,6591,9166
8043,5479,2417
4459,1051,8392
3600,8794,4692
8389,3233,4798
878,6860,6928
2508,9202,939
8568,5341,2541
3662,9731,760
7503,3715,2470
1987,6215,9186
3325,1760,9602
8665,3715,3201
5584,3110,5245
3070,6239,6816
6575,2491,4674
6729,7400,827
3861,3672,5148
6029,4862,6012
4868,4362,7409
5932,7020,2692
7255,1652,6016
1732,6917,5582
9257,6097,2060
8103,257,8961
6043,4509,5140
3780,5209,7218
766,6862,5468
4858,5392,4294
4910,5836,2844
3503,8937,3215
5851,6666,1536
3534,1408,8384
8730,1400,5046
153,8452,6135
9484,3383,2468
1977,5109,7513
5643,6899,1118
3358,5697,5848
6234,6961,1940
3807,5042,5669
1358,4900,8743
6020,6873,2351
6339,3891,4062
8799,2041,3192
2634,6173,7128
4560,7759,3660
6394,2509,5050
1122,9003,4723
1928,2586,9273
4028,4777,6618
3986,5549,4235
5572,3094,6721
8112,5419,1168
4541,3522,8991
9963,2663,3316
1523,7943,4496
1372,7794,5335
1187,8454,5334
8981,3855,3654
7218,2737,5562
5688,1344,7050
5888,3977,4493
5013,6215,1697
6352,1106,8448
992,4099,8667
6416,4803,3017
3620,2652,9310
826,8384,6804
3663,4284,6084
1741,4441,6188
8136,3128,3960
2189,8662,1859
1169,6901,5913
7540,1771,7360
8706,1200,4478
4465,2150,8695
7549,1246,5274
5896,275,9132
1503,7471,6596
9972,1550,4256
7215,5612,3304
2607,8742,2993
3238,6524,2598
5304,7501,2231
8938,5547,845
3923,6549,5109
7594,3074,3449
8688,4384,3466
7708,3033,3168
5940,6273,3152
7437,7610,1175
7898,4962,1306
5006,2048,6042
3502,8926,2449
4858,7050,2572
4191,9399,910
5876,3438,3703
1098,6499,8991
2208,1815,8818
878,5199,9217
2154,5996,6866
6635,4031,3346
4737,1345,6983
1918,7736,4518
4015,4182,5441
5484,5121,5707
8544,6438,604
4936,2183,5597
5216,8634,1506
1923,7392,5407
803,5664,9773
8391,2988,2997
2186,8746,3540
5338,1863,8519
6472,5582,2657
852,2432,9803
6503,3691,5391
5294,2089,8695
3880,900,9489
3940,5240,5640
7052,8136,1376
3583,7076,4733
1910,4697,6551
469,5701,7545
8410,1088,5954
8428,1751,6563
6286,3795,7218
9584,1336,3919
2125,6846,6056
333,9175,6530
9629,4520,1914
1388,4800,6262
3587,8119,3723
4889,6597,4846
3811,2973,7987
9375,3195,2434
2207,7889,5267
379,9072,7583
5635,8085,954
5307,9120,3033
3469,7275,5581
7489,4896,1489
2782,2888,7525
5318,8009,4416
2922,4080,5701
8963,3221,3425
6753,3598,4916
7695,2692,4995
5732,5155,3052
6301,5553,2369
3427,5795,6064
8646,309,5579
3572,6223,4661
2020,5628,8197
8079,7866,1733
7194,5601,2354
4631,9751,532
7721,5255,2127
2309,7526,6098
5094,5416,4938
5082,6083,4363
7372,3924,4593
3919,5950,7001
4175,4585,4935
1941,4076,6771
2970,3573,7133
6835,2076,7821
2185,6921,5980
740,7424,8244
7057,1959,4799
5830,5140,5871
4993,7830,3205
2050,9691,3913
6825,772,7165
4911,1078,6143
8743,644,5065
8035,4966,1712
2354,4147,8012
5937,7866,1488
3663,7942,4032
9685,4535,537
8347,2376,3414
6211,1944,8353
4058,3779,7161
1926,1998,9218
3112,6777,4715
7786,4433,5461
2673,9009,5387
6957,754,8524
2050,4758,8394
2836,6466,5436
7213,72,6805
933,5141,8088
5243,4904,4717
6890,35,6731
5217,7918,1922
6951,2141,4351
7841,5082,3191
1458,4123,8097
9881,1939,3179
4908,2892,7706
2138,7217,6395
4939,6166,3941
4268,5175,7292
4983,7435,2987
6313,5152,2685
1274,6311,8032
5670,8780,1157
9515,5219,587
5237,5879,4892
8520,3566,4668
3090,2369,9454
1384,8233,6174
5418,8122,787
4316,4978,6426
8581,2182,1665
3938,5645,2427
9803,5353,1443
6801,505,7707
7854,1164,6222
3320,2193,7261
8451,1843,7662
751,5852,7578
3826,7081,3492
3343,3909,6909
6657,6518,3560
8015,1793,3744
2563,7902,5805
4034,3222,8442
3239,9278,2033
9022,5061,326
2778,3423,9226
2296,4222,9020
5477,3811,6118
6430,913,9175
6443,4403,6030
3610,1043,9489
2373,5282,6669
6847,5494,3135
5203,6277,4126
4531,7990,2401
7966,1751,4093
9039,655,6521
2505,7220,6140
3322,9245,4030
4947,7517,3114
4534,3654,3189
7653,2142,4359
7390,3018,4363
6541,3604,1780
3365,6177,6366
402,9589,4736
3505,4777,7970
9556,107,6070
811,6532,8439
3259,3639,8363
7367,6887,1042
5355,2692,6882
6804,5592,4227
8099,2305,2356
3865,7216,3880
3009,2156,8610
3906,2145,9329
4493,4567,7040
2010,6163,8218
5722,6814,4044
2996,7729,3126
9384,3224,1232
6744,2588,5367
7207,3791,3695
6968,1666,6948
6819,1720,6318
2097,8113,5382
8149,4932,2127
3686,1059,9812
3403,6052,3562
4227,4055,8578
3241,4273,5386
1037,7316,6026
2370,8062,6766
7060,4032,3665
4961,6616,5120
8721,1326,5277
2680,9469,2164
4112,3517,8136
9105,4895,1969
5448,506,7894
7055,458,6097
1960,8622,5065
6698,2623,8501
9373,3344,1031
5630,6858,3195
2865,7545,3572
3143,8071,4700
872,5988,8721
6705,8911,397
525,9652,6597
3725,4787,4878
4481,5433,5273
7767,2239,4872
2000,5044,7381
7199,3541,4411
2981,3626,9352
7163,1712,6098
5655,4143,4474
4525,4172,3610
5925,366,8397
3682,7531,3112
7557,3468,4628
6634,2887,9013
6126,1822,5679
4279,3302,9133
2542,7756,4649
2345,6581,6223
1981,9047,3442
1765,7976,5326
5209,1401,7787
1742,4308,9653
5306,8179,2326
1065,7929,5128
388,7837,6781
3056,3685,9664
6804,5570,3345
7818,1261,5515
5515,6128,3453
8320,471,8263
6671,1425,5606
9626,5343,1584
462,7612,3582
4180,4086,6928
9187,4656,1555
2153,8862,1944
7364,4216,4275
7812,1943,6263
311,8983,2463
3956,6120,3568
845,7632,7805
6737,4955,2816
5472,3648,4164
3637,9283,1132
5002,8260,532
838,5097,9272
2227,6679,4676
430,7924,7418
6669,7216,2404
6054,8673,2105
2902,1598,8368
6301,5800,4563
2455,1528,9673
1154,6264,9289
9397,2941,2959
3521,5917,7281
5222,4772,4696
2656,5043,7563
273,9969,6086
2805,2714,8835
7114,3733,6014
4276,8912,3019
2440,9720,5113
1559,8607,3717
4086,6547,4245
9913,496,4062
5254,2648,5476
6160,3968,5709
103,9385,6460
1976,2770,9707
7027,5229,825
9010,5699,3754
4738,4455,7190
4244,4875,7970
5114,5591,3857
9400,485,6523
5843,7085,1551
5198,2599,7062
8844,3184,2867
7143,6354,3215
2542,9143,6460
7794,5053,1100
6827,8867,891
7048,2279,5725
7091,1687,5657
5809,8127,426
6739,6593,1314
3293,3725,8121
8545,2308,4064
3774,7182,3976
3688,7089,5657
4284,1038,9203
6431,1266,8257
5351,3404,8367
3486,9155,2724
4122,3505,7970
3791,4314,6834
6288,8460,189
2809,8606,5642
6362,4620,3812
4788,7778,1749
5522,3613,6098
1462,6389,8842
1207,6158,8912
9837,1642,4704
27,9277,3775
3603,6924,4874
4296,2601,8368
3058,8034,4672
2797,6171,5711
4514,4670,5225
4690,3135,8625
7557,1592,5551
7442,2776,6166
9797,5069,955
3410,7191,2494
8098,5202,1967
8185,4858,1453
733,4496,9833
5409,8501,2009
6409,4247,3013
8050,4140,1889
2565,7242,3836
1678,9110,4854
1605,6948,5747
4309,7126,3517
3240,4964,8787
670,3064,9454
5227,5911,5063
5238,8944,2379
5430,4944,5199
4448,3196,5396
5465,3518,3862
6097,5203,5536
4971,7063,3391
3426,1772,9869
3899,1775,8205
8799,4647,723
3824,4004,5751
8496,9223,290
3514,6612,5641
5919,2495,5526
3140,9880,3118
5988,8265,2556
3206,2246,9991
1796,7623,4012
2098,9203,3578
68,7778,5256
4547,3132,5679
5239,5390,5501
4887,4181,7998
2414,8980,4718
1994,4521,9319
9493,3331,2237
1196,6279,8859
4552,3444,6176
2791,6923,4152
7905,2630,3869
2787,2310,9162
6705,1158,7238
2075,5871,7463
6812,3921,4671
5459,7392,4689
1184,8581,3629
5474,7391,725
2778,2448,8281
8893,6511,725
4930,918,8726
7092,7969,721
5236,7844,4144
3207,7708,4056
3932,6525,4543
8269,3241,2550
16,5279,8038
475,8018,5362
2492,5464,7870
1690,5561,7192
1859,4331,9580
3894,9048,299
952,8477,6519
6097,3680,4036
4642,6796,4413
7526,5163,2703
9274,3371,2565
7353,4058,4159
5727,1129,6438
5287,1015,7513
2103,9060,4272
1513,7216,8353
9645,2994,655
5133,5663,2818
121,5615,7684
4006,7936,2750
8343,3174,4831
2094,7294,7156
4534,7286,5707
5362,8137,968
7475,7995,1415
6865,6335,2144
3210,5943,6088
8233,1154,6228
28,6697,8230
1612,8136,4653
8098,4783,2769
2789,9370,4786
8015,3607,2487
1023,8564,5547
5999,1056,5491
5924,5591,1851
3591,7579,5167
5396,2113,7190
3883,8517,846
3320,49,9903
8046,3705,1335
4416,6813,3418
5123,6286,5049
3978,6037,6307
6096,930,8103
4851,6877,3576
4768,3520,6173
6349,749,9170
8853,3365,4318
6113,5849,4569
5365,1006,7542
8621,1925,5757
7613,9468,554
6602,6499,3200
5095,4890,4879
6034,9357,242
4827,7075,2805
1890,6413,5010
4286,1932,6008
8983,5015,621
4713,336,8038
4082,7541,5589
5054,7545,3487
4480,6842,5176
5269,5103,5790
4636,3748,7345
4255,5663,8397
5410,7894,2972
4005,3059,6634
3797,7494,3531
2360,1102,8322
1338,9210,3620
6270,2636,5774
7479,6189,2837
5368,6666,3242
127,4854,9241
8507,1613,3679
7197,5497,1229
1594,7175,7085
6979,1042,5899
501,5749,7362
3886,6069,4814
2976,4820,7559
6945,1315,6934
6422,8567,221
3780,4063,5539
8219,1566,7757
3922,7778,5125
4566,6069,4288
4821,7059,3343
4230,6441,2903
1821,6555,5352
3247,6701,4264
7629,2464,5277
6728,6417,1950
9127,3283,2269
2470,7946,4767
5618,1992,6290
3719,2320,9448
3271,4891,4767
3611,6736,4376
3469,9059,4608
5125,4073,6749
2028,9680,4500
6608,1375,7651
75,9999,5156
6683,1607,7943
1679,6474,6318
8360,3028,3489
5103,9155,289
3037,3517,7918
3264,5635,6690
7822,2533,3816
4960,9270,533
8262,2118,5618
414,7113,9976
8133,6045,1558
5024,3733,5773
1226,5172,7846
801,6771,7075
6579,7975,1122
987,8012,5940
7449,1578,5456
1822,8096,5450
7198,7212,202
6736,9035,331
5837,9331,684
1281,5435,4650
4851,6001,5221
5928,408,8933
5610,9319,292
2705,4995,5915
4647,9292,1657
2417,7681,7460
9632,5234,1193
8868,7450,502
3321,3854,8537
3728,9554,1645
5534,6445,3589
5461,3297,5724
9527,2881,5578
2569,3969,7472
1794,4576,7827
3804,2140,9264
487,7155,6731
1520,8551,4728
4224,9816,1680
7693,6400,1740
868,9157,4682
5900,7650,4323
1345,5516,8069
6648,9891,2201
3581,8320,2153
4853,6836,4720
7915,3379,4266
3877,6199,3988
5855,6639,5076
5262,4107,5553
6283,2911,6547
1456,6342,6859
1783,9229,4018
5821,5632,4715
5399,1854,8103
199,6714,6251
997,8984,6526
6360,3296,8705
3588,7312,4870
8118,3754,1440
3201,6771,4639
4487,4989,7109
3393,9593,4506
8365,4746,712
2134,8122,5549
8937,6314,931
1781,4140,8565
115,6561,7472
6233,3479,5540
2063,4734,5936
1881,2798,9476
6960,6182,2401
4946,3181,7345
3956,4439,6299
3107,7222,7476
2549,6966,4831
1529,4301,6618
2089,5612,6162
4942,8184,2799
2355,3585,8532
5008,3806,7065
3486,8106,4545
2354,3865,8133
4169,3318,9991
8891,2920,4895
6818,2495,7806
6830,1036,9102
4746,3728,5792
5569,3410,5534
3711,5596,5223
4028,608,8518
5963,1900,6714
8113,7421,858
5990,8384,538
3526,5130,7540
9108,4722,2003
5012,7146,648
4165,1873,9559
8631,2355,6090
7510,2752,4468
6680,4897,3924
6550,5929,2054
1830,7773,6348
5698,2141,6429
5204,9359,935
1978,2434,8499
8604,4718,1467
1735,3314,9671
2507,9277,1061
2574,6206,5879
7471,4880,2950
1429,8357,4033
5540,8289,1742
1137,9895,3073
7390,212,7092
4136,8012,2822
7204,2862,4831
5460,5783,4302
3051,6647,6893
6771,4227,4977
5137,1020,9542
1831,5865,7666
1898,5997,8845
4966,1595,8376
2432,4161,9568
7925,3044,2713
564,8620,8759
4645,6033,5064
1126,8352,6550
8047,1468,5917
7443,6353,2255
9422,948,4102
6023,2441,7050
7297,1781,7538
5807,5087,6753
5709,2172,6696
8088,2386,3580
8344,1019,5341
4127,94,9354
8142,5489,2725
2432,4056,9159
5619,6842,3370
4532,5503,5969
6088,3621,6252
9075,5297,455
4903,3259,5212
2474,9705,2899
8821,2677,3260
2474,7299,5446
2904,8525,4015
834,9156,3632
8264,1573,4986
4256,3276,6182
9434,449,2453
4843,7091,5021
4896,5698,5544
7081,7192,1438
4095,4293,7000
5709,6508,2224
6887,5821,447
2872,8916,2923
6228,5918,4697
4068,5584,6672
8131,2982,1437
6655,3540,5348
5719,6613,1845
9487,3456,36
7717,1237,5308
5887,9247,1160
8444,3201,3583
5050,2393,8689
516,9333,2938
5777,1792,7254
3479,1933,8089
3096,3258,7391
5684,8809,1680
5699,45,8926
2391,6322,6111
1394,5148,7882
6166,4825,4494
5826,4864,4596
6892,2320,3859
3683,5777,5810
2678,6827,6073
7111,5725,2490
3890,4972,5556
6643,2177,4541
4194,5559,4514
216,6832,7828
5676,677,7888
4565,2924,6377
5313,5275,6645
1599,7673,4467
3651,2738,8355
5149,8314,965
270,7003,7597
7591,3486,3399
7145,633,6239
4076,2588,6352
2834,9955,4216
4838,5940,3422
3295,6566,4206
3042,7413,3484
4181,4161,4793
6073,1577,6454
3052,5399,7398
8939,2029,5055
8578,531,6515
9551,5202,996
3975,6113,3556
4143,5415,3838
7155,4100,4943
8032,414,5364
3071,8817,4185
3671,7097,5890
5601,4094,5765
5911,2453,6325
5271,3223,5533
4481,5562,6375
2448,3756,9376
7512,7185,1060
2741,6954,4450
9445,393,5280
8659,4992,1626
7003,5529,557
5880,2300,6239
9186,4907,411
896,9318,4878
309,1498,9623
5735,682,8105
4697,9184,1348
5182,5548,5220
7104,95,5518
6073,3333,6577
4545,4191,5977
3545,8469,3237
8884,1801,5029
7893,4172,2039
1628,6547,5544
2011,7617,6234
1201,5876,7435
8349,5716,2540
8804,3094,4594
3860,7101,4555
5247,7788,2708
1862,8599,3215
3311,3772,8630
6104,2932,7269
4969,4289,7428
8494,4132,1755
6475,7329,44
8866,2297,3528
8467,682,8004
1599,6773,7962
3439,3311,7634
8938,5253,584
7994,4590,221
4686,8467,1450
9653,3492,2710
5668,4625,3562
8747,4612,2130
484,4719,8189
9039,3876,2204
5652,2832,5645
5120,1070,6288
3950,4623,8129
6595,5928,2908
6225,1440,5763
3275,2587,8521
1182,3884,9189
861,4882,7356
6691,6599,2650
7065,5968,1852
3170,5577,8173
8055,3873,2058
1884,8449,3873
7848,5276,2999
6291,5983,1399
2545,3923,8364
3196,6944,2529
857,5150,8411
2925,4436,6162
8918,3456,3596
8201,2093,3777
919,8919,3819
6409,442,6899
7495,6017,1408
3597,7128,6390
732,5541,8982
7280,3807,2583
8022,4065,2991
4047,9100,4957
6660,5487,3445
4035,4731,4400
2752,5695,4547
6602,7773,2689
5109,6546,5753
5347,7645,1991
4393,7065,2670
9793,5903,982
2304,7061,4917
2844,8383,5714
7227,1901,6404
6345,4750,5362
2495,6719,6462
2946,3028,8756
6400,8932,486
8489,274,5111
1829,5932,5131
2616,5490,6519
3962,3353,7515
8965,2302,2682
2491,4758,9427
2273,2322,9677
7605,147,8036
2575,3127,8779
5536,6323,1522
9274,4255,1375
4520,6878,2830
7184,1208,5863
5307,2114,5925
6285,5941,2928
365,9120,4925
9500,3962,3807
9527,831,3828
4797,9663,1272
5277,6861,2982
2558,6071,6885
5610,2871,7071
1952,8633,2813
6645,4573,3982
3666,3314,7912
1489,3652,9019
520,9436,5059
9167,1282,4035
3097,8153,5098
1448,4645,9540
6255,7430,3165
9129,1288,5757
6430,4402,5554
4583,9648,601
9909,4291,2460
5580,9490,2912
3079,4776,8283
4391,4676,5118
2245,6951,5322
2074,8206,4978
5163,9334,2243
6485,3248,4750
21,6084,9486
4256,7495,3047
9975,3676,40
5322,1601,8456
4855,5756,2318
6694,4171,3764
5803,3428,4047
8769,7095,2584
6667,6454,2282
5685,2372,5481
5795,6684,1498
5383,3920,6124
6260,3285,4843
4033,4678,6910
1843,7268,5401
7001,5125,2524
6115,6820,3381
6112,7248,1271
3762,7396,4358
1743,4977,8132
6212,3227,5627
6747,4231,3427
8494,6501,687
7386,1173,7285
3472,6699,6498
5583,2434,8566
3714,9809,2581
4366,7322,2043
4785,7214,1066
6648,30,9415
5839,4166,5681
5163,6550,3401
6719,2489,6933
5994,4716,3716
5072,7170,3415
4603,7184,1676
5839,3211,5446
6778,6458,1094
928,8446,5275
6613,1767,8789
1221,7182,7098
5131,419,8591
1356,6887,7255
3839,9076,2697
526,4972,6313
2076,4420,8717
6166,1309,9087
1795,6420,7203
7694,7660,354
8041,2692,6243
3543,1140,9611
901,7046,6721
5035,5871,6114
5891,2301,5258
5124,5171,3421
5222,7898,790
5585,7687,1333
4328,2649,6421
5080,6988,5718
2654,5730,5443
8071,4912,4841
9128,5432,1012
3057,4390,6179
5276,5458,4671
1995,9774,3068
7416,4235,3787
8585,1499,5586
3163,2693,8289
856,9713,4171
9799,2751,1647
1878,2954,8027
2220,6588,6574
9479,2318,3483
7227,2522,7135
7002,7469,898
4223,2297,7297
2895,9381,4400
2384,2798,6873
6935,34,8344
3797,5590,4698
5414,6923,3260
4970,3479,6424
746,6464,8494
450,8247,7238
2554,8119,5380
3850,347,9375
743,7677,5710
6748,1285,5307
7659,6534,600
6323,4365,3693
9316,3725,2157
4757,4967,4676
7326,110,8798
5816,3660,7483
7636,4065,4289
7062,9455,627
8541,140,5817
7216,1047,6940
4245,6887,2768
4661,6208,4070
2027,6478,8257
3434,3868,8680
2863,4970,7791
3530,7430,3346
6676,5839,2873
4442,2565,6259
3996,6010,3843
4984,6604,4898
8649,2903,3260
6366,7928,545
4596,3236,6670
5044,4588,5852
523,5380,6087
4669,6455,4163
7341,6300,1334
4062,5512,4947
5529,8927,265
936,5569,7287
5652,5725,4766
6953,4789,4232
