100 7
0.550780 0.098611 0.939074 0.002517 0.677544 0.446388 0.482481 
0.438879 0.326058 0.401695 0.691381 0.608704 0.845620 0.331193 
0.491208 0.968869 0.110371 0.258506 0.511580 0.065951 0.467232 
0.474605 0.645491 0.272453 0.983633 0.320746 0.256477 0.376042 
0.329878 0.454658 0.240931 0.562045 0.651264 0.513872 0.533096 
0.645867 0.237074 0.738717 0.567166 0.551113 0.252968 0.472189 
0.119003 0.062775 0.437855 0.905823 0.478190 0.467275 0.747084 
0.543328 0.390992 0.468385 0.389825 0.664547 0.133269 0.865669 
0.558603 0.040306 0.767228 0.616467 0.214000 0.546667 0.866751 
0.302350 0.708179 0.265653 0.780594 0.858626 0.460243 0.115360 
0.446282 0.220632 0.547005 0.471672 0.973894 0.476819 0.136954 
0.685462 0.777419 0.220718 0.832863 0.002409 0.903691 0.616930 
0.733168 0.447625 0.991484 0.573177 0.517846 0.606935 0.177859 
0.528361 0.264917 0.194795 0.595471 0.931947 0.611873 0.204577 
0.055799 0.522547 0.799894 0.965776 0.378641 0.629093 0.935152 
0.384690 0.899559 0.566349 0.166092 0.850121 0.294092 0.053847 
0.043228 0.692758 0.353473 0.836310 0.363644 0.583918 0.947776 
0.884987 0.390672 0.422827 0.601313 0.693117 0.954201 0.082276 
0.892900 0.347729 0.282444 0.597002 0.096995 0.748115 0.424402 
0.402354 0.816586 0.137452 0.554403 0.243677 0.388944 0.876515 
0.718981 0.235507 0.767852 0.420434 0.432601 0.854667 0.729195 
0.955201 0.393046 0.120023 0.634951 0.452900 0.334314 0.967236 
0.399007 0.967324 0.273775 0.357035 0.407541 0.391842 0.583886 
0.213945 0.849264 0.780080 0.551130 0.919221 0.540384 0.665062 
0.191445 0.554926 0.836008 0.216435 0.100912 0.635800 0.303053 
0.317786 0.983063 0.510784 0.321000 0.493089 0.103900 0.324362 
0.728266 0.455865 0.191777 0.723245 0.594424 0.070480 0.419244 
0.125452 0.304250 0.426545 0.459333 0.624245 0.716490 0.616492 
0.379823 0.871681 0.396042 0.158267 0.404230 0.356330 0.549375 
0.075996 0.714525 0.891515 0.702003 0.409828 0.444351 0.531517 
0.148055 0.973126 0.587567 0.150686 0.724359 0.448447 0.603787 
0.875932 0.559142 0.596611 0.095911 0.523698 0.331370 0.926066 
0.264749 0.711828 0.344963 0.457379 0.697417 0.228956 0.738408 
0.090164 0.262283 0.354801 0.697103 0.799115 0.626311 0.628846 
0.532776 0.379226 0.522963 0.554801 0.854208 0.103441 0.601483 
0.738246 0.123961 0.824446 0.524188 0.246017 0.610510 0.996282 
0.362731 0.168578 0.591822 0.546901 0.427681 0.185955 0.868120 
0.891441 0.418316 0.190820 0.972009 0.372936 0.272860 0.749820 
0.858218 0.228609 0.636580 0.732192 0.451751 0.452369 0.726386 
0.970299 0.487667 0.019151 0.749440 0.599964 0.119050 0.385870 
0.185381 0.895310 0.728647 0.226544 0.779712 0.173093 0.450053 
0.513912 0.304293 0.598322 0.772103 0.801590 0.483260 0.255817 
0.079972 0.537004 0.602687 0.350760 0.777935 0.125648 0.684813 
0.564101 0.359029 0.827398 0.991487 0.423592 0.079641 0.558456 
0.653374 0.056751 0.156377 0.989580 0.433353 0.056201 0.706186 
0.100752 0.963127 0.185027 0.318864 0.904004 0.863648 0.652316 
0.833950 0.052240 0.542992 0.712929 0.182659 0.298259 0.947955 
0.949753 0.496152 0.542897 0.066998 0.152847 0.586000 0.511818 
0.568581 0.027646 0.904558 0.303203 0.424441 0.643292 0.814972 
0.462003 0.856573 0.102699 0.560893 0.010495 0.465731 0.870662 
0.502026 0.183991 0.752634 0.730157 0.485849 0.546888 0.482897 
0.950643 0.223743 0.445772 0.004906 0.836870 0.549324 0.622362 
0.576413 0.623818 0.558199 0.392991 0.095975 0.661861 0.823469 
0.551904 0.681066 0.590166 0.156128 0.807604 0.678357 0.330397 
0.093237 0.416745 0.694026 0.786963 0.283284 0.889708 0.384034 
0.272903 0.824241 0.436656 0.467446 0.395801 0.713933 0.515880 
0.079375 0.573039 0.892101 0.729385 0.573183 0.493072 0.624961 
0.604553 0.359596 0.275330 0.441725 0.982243 0.353134 0.198523 
0.510163 0.842310 0.073248 0.845225 0.473871 0.334589 0.597214 
0.537188 0.553421 0.431140 0.603008 0.774147 0.545034 0.819100 
0.469441 0.128836 0.135937 0.686513 0.446893 0.718697 0.514735 
0.798196 0.549257 0.898328 0.344317 0.073119 0.410020 0.488353 
0.649119 0.345731 0.892987 0.468964 0.076673 0.847458 0.302933 
0.057881 0.980519 0.413503 0.712246 0.176706 0.765195 0.729169 
0.894387 0.317904 0.592595 0.280682 0.970946 0.776163 0.007804 
0.186843 0.325185 0.636210 0.895820 0.552388 0.556221 0.773341 
0.470819 0.059974 0.366391 0.730314 0.321324 0.974325 0.409854 
0.210412 0.191440 0.539683 0.622864 0.520716 0.162178 0.942920 
0.219367 0.932969 0.433050 0.158715 0.338615 0.992249 0.223247 
0.300173 0.371319 0.269347 0.266357 0.907988 0.038468 0.776872 
0.588020 0.484577 0.138182 0.640119 0.299650 0.610104 0.104861 
0.621107 0.744041 0.268454 0.836680 0.198354 0.304099 0.430488 
0.637565 0.675021 0.024516 0.728497 0.552132 0.305357 0.712319 
0.952753 0.155441 0.515079 0.853392 0.848002 0.337348 0.290270 
0.517805 0.987754 0.341644 0.742215 0.377609 0.231974 0.182450 
0.488275 0.853354 0.162094 0.706604 0.640212 0.575987 0.641299 
0.372847 0.849005 0.357394 0.671492 0.280271 0.820105 0.098703 
0.516274 0.160657 0.770838 0.867258 0.078046 0.541387 0.820111 
0.187591 0.118289 0.933835 0.312411 0.473811 0.276954 0.689267 
0.514869 0.590921 0.308980 0.073159 0.960184 0.612345 0.595873 
0.970980 0.404589 0.618657 0.088959 0.698459 0.242774 0.326833 
0.725600 0.609381 0.355938 0.941096 0.693851 0.105316 0.417677 
0.845675 0.774096 0.659113 0.187085 0.510214 0.264367 0.303750 
0.781212 0.048094 0.258562 0.650236 0.799905 0.752647 0.448140 
0.585955 0.210863 0.905256 0.453587 0.029598 0.231106 0.857205 
0.468241 0.397322 0.507019 0.109072 0.674789 0.586389 0.684206 
0.073413 0.265391 0.837643 0.344286 0.988556 0.407940 0.354690 
0.352356 0.900807 0.008483 0.891599 0.363731 0.716386 0.615403 
0.466810 0.113759 0.569793 0.822874 0.702799 0.796076 0.067232 
0.441946 0.033229 0.834340 0.738294 0.209057 0.306606 0.873357 
0.396880 0.341990 0.253139 0.754887 0.416315 0.158715 0.686876 
0.218262 0.761123 0.204723 0.286659 0.689665 0.412648 0.734253 
0.409110 0.216892 0.722075 0.905613 0.196502 0.279519 0.916216 
0.153747 0.202448 0.688242 0.373691 0.258659 0.530003 0.815343 
0.208369 0.558898 0.359995 0.618487 0.982288 0.212421 0.726485 
0.232197 0.905660 0.074312 0.909470 0.530714 0.890612 0.163526 
0.508409 0.267088 0.678119 0.855240 0.485736 0.223935 0.581861 
0.811879 0.445301 0.418565 0.598945 0.763972 0.073563 0.655576 
0.128968 0.539479 0.790973 0.565060 0.752279 0.577502 0.608515 
0.922088 0.680113 0.109411 0.600654 0.253755 0.724826 0.500300 
