100 7
0.743775 0.841867 0.703021 0.079978 0.024784 0.214897 0.649465 
0.736573 0.984250 0.404651 0.589332 0.068269 0.049333 0.170553 
0.024227 0.555990 0.906984 0.990642 0.425037 0.402422 0.489315 
0.253975 0.733987 0.854913 0.359634 0.257104 0.178375 0.659929 
0.869955 0.074574 0.504640 0.613730 0.916442 0.207661 0.693708 
0.941226 0.422559 0.343173 0.677799 0.406809 0.747825 0.267130 
0.475078 0.797158 0.437683 0.499305 0.353148 0.344667 0.489947 
0.778186 0.747089 0.979262 0.032160 0.481077 0.834175 0.391795 
0.738180 0.012550 0.051724 0.608135 0.087125 0.556364 0.221865 
0.003566 0.764026 0.915573 0.944792 0.186584 0.258747 0.622591 
0.593393 0.006572 0.889721 0.068471 0.803730 0.327404 0.567776 
0.156878 0.672071 0.057722 0.935064 0.419161 0.036984 0.967224 
0.900237 0.871159 0.359019 0.638418 0.883710 0.410743 0.246553 
0.970834 0.967107 0.468418 0.974401 0.731133 0.383991 0.919193 
0.917717 0.642738 0.541784 0.511110 0.649310 0.431505 0.579581 
0.453040 0.758910 0.147356 0.609918 0.430981 0.205079 0.544981 
0.850142 0.242063 0.512205 0.750379 0.113222 0.871224 0.388797 
0.996931 0.281967 0.635350 0.967766 0.249074 0.103768 0.942166 
0.980207 0.487759 0.861359 0.897923 0.130497 0.403143 0.409033 
0.779807 0.834649 0.988614 0.232847 0.593559 0.135970 0.842764 
0.024540 0.341049 0.387745 0.874682 0.583112 0.899950 0.625061 
0.696334 0.771174 0.013858 0.693265 0.053140 0.649207 0.661031 
0.302214 0.752975 0.603197 0.282421 0.240734 0.464556 0.180344 
0.371231 0.867700 0.589377 0.151038 0.702349 0.577991 0.383884 
0.295908 0.713961 0.226649 0.320448 0.055010 0.614394 0.195130 
0.638122 0.514344 0.820191 0.334456 0.285517 0.834048 0.027721 
0.338658 0.483256 0.688752 0.640872 0.236231 0.291949 0.923293 
0.476964 0.756505 0.103637 0.848195 0.624205 0.693014 0.999233 
0.326554 0.271005 0.383118 0.622462 0.984967 0.609766 0.942910 
0.039977 0.224160 0.138040 0.678099 0.738504 0.958231 0.012555 
0.024021 0.792279 0.040276 0.362679 0.275535 0.729028 0.003551 
0.511765 0.020977 0.926843 0.988730 0.777482 0.030480 0.836925 
0.401688 0.723495 0.836158 0.728242 0.994500 0.219276 0.350704 
0.979467 0.829042 0.293614 0.019444 0.053202 0.431654 0.697543 
0.791706 0.389885 0.710099 0.815727 0.182164 0.750375 0.178406 
0.457699 0.479403 0.181956 0.969464 0.500380 0.108800 0.958194 
0.277862 0.139280 0.795119 0.679550 0.862775 0.631277 0.407792 
0.857275 0.850553 0.758496 0.836741 0.679596 0.052110 0.856185 
0.732798 0.483764 0.553729 0.524504 0.873649 0.263827 0.340231 
0.055813 0.014202 0.518637 0.513511 0.493605 0.700593 0.482975 
0.993984 0.809393 0.441169 0.271846 0.948673 0.236287 0.951396 
0.811447 0.867564 0.359188 0.668722 0.718118 0.117684 0.505463 
0.397713 0.169795 0.361649 0.130511 0.653559 0.915378 0.655015 
0.527208 0.179205 0.995246 0.583020 0.193407 0.513883 0.096532 
0.687012 0.214475 0.579507 0.680996 0.023868 0.020675 0.952843 
0.972541 0.256963 0.904239 0.783988 0.124527 0.263427 0.452710 
0.842645 0.381112 0.958173 0.240358 0.550906 0.319822 0.370869 
0.204465 0.235200 0.025884 0.731673 0.414405 0.021130 0.314694 
0.607812 0.535013 0.411225 0.294824 0.749488 0.990732 0.975820 
0.773356 0.011407 0.928663 0.745897 0.268370 0.832902 0.529885 
0.392897 0.096330 0.982595 0.235542 0.477442 0.940769 0.475899 
0.028348 0.260591 0.846768 0.232813 0.495790 0.872653 0.964486 
0.910195 0.893783 0.279180 0.518006 0.428796 0.690405 0.812830 
0.178284 0.681137 0.788650 0.951641 0.692544 0.717313 0.697538 
0.960914 0.550215 0.227423 0.353811 0.646545 0.210018 0.589353 
0.123987 0.150787 0.065252 0.152335 0.411377 0.912020 0.385148 
0.907168 0.784673 0.349634 0.817362 0.678456 0.628814 0.335369 
0.107252 0.319219 0.148199 0.285536 0.000356 0.936849 0.237177 
0.692900 0.654162 0.934714 0.653813 0.204377 0.162137 0.007624 
0.850923 0.372156 0.596977 0.974909 0.522943 0.662229 0.127244 
0.934320 0.574249 0.512392 0.841488 0.358922 0.862026 0.658850 
0.037378 0.490840 0.994218 0.144630 0.810059 0.142417 0.430166 
0.810414 0.079266 0.667343 0.503314 0.733428 0.602057 0.157127 
0.937805 0.764195 0.164752 0.788728 0.136351 0.761728 0.763637 
0.659293 0.423957 0.890881 0.593613 0.998207 0.403272 0.435101 
0.357129 0.265298 0.093951 0.394508 0.756138 0.088169 0.539138 
0.566196 0.230586 0.969304 0.376611 0.309852 0.636647 0.879924 
0.043279 0.238705 0.037052 0.981084 0.002900 0.201803 0.769812 
0.139250 0.963532 0.533449 0.798543 0.387489 0.424329 0.392157 
0.385696 0.827602 0.827257 0.742825 0.092900 0.921208 0.137332 
0.849038 0.009377 0.676470 0.415234 0.239963 0.645775 0.791845 
0.549814 0.282422 0.671769 0.593093 0.521127 0.708821 0.574178 
0.524027 0.910624 0.343990 0.663277 0.874156 0.877439 0.461821 
0.261645 0.301768 0.853977 0.647340 0.129370 0.681235 0.390165 
0.222270 0.602443 0.527498 0.071308 0.611820 0.203968 0.486542 
0.851782 0.849743 0.278387 0.401596 0.132165 0.950157 0.994690 
0.653293 0.658978 0.568868 0.177320 0.569602 0.912857 0.840597 
0.443758 0.790296 0.302418 0.705402 0.092064 0.156395 0.352743 
0.221434 0.837630 0.742908 0.443704 0.440073 0.270405 0.515012 
0.051893 0.474374 0.001555 0.903675 0.324117 0.279942 0.305271 
0.456282 0.230099 0.299961 0.109574 0.889077 0.868829 0.286894 
0.458679 0.781686 0.127491 0.902436 0.571982 0.429909 0.607839 
0.664046 0.586304 0.960581 0.885481 0.423934 0.703489 0.329185 
0.864007 0.973894 0.844197 0.915899 0.448268 0.845752 0.819574 
0.772384 0.125694 0.124845 0.228666 0.355793 0.424806 0.338241 
0.244870 0.293634 0.625135 0.703549 0.075320 0.752626 0.605985 
0.647303 0.182534 0.213824 0.311349 0.768838 0.174405 0.196830 
0.192772 0.877894 0.526015 0.056779 0.851788 0.370212 0.972678 
0.300056 0.215964 0.792252 0.072440 0.341658 0.917097 0.301106 
0.697452 0.341903 0.639347 0.942322 0.635538 0.264482 0.645871 
0.710858 0.017108 0.251856 0.358161 0.199642 0.465680 0.669510 
0.968480 0.640085 0.866339 0.161252 0.517978 0.392354 0.218031 
0.369766 0.762566 0.190709 0.669822 0.978531 0.982961 0.742262 
0.320189 0.900059 0.043368 0.017641 0.241962 0.682715 0.959963 
0.877500 0.947197 0.605834 0.588358 0.964305 0.857690 0.946518 
0.163947 0.323370 0.616028 0.132427 0.963454 0.482368 0.293679 
0.481432 0.874722 0.511710 0.851198 0.637288 0.702419 0.521020 
0.615819 0.685380 0.263282 0.936008 0.585439 0.306650 0.953649 
0.827401 0.989365 0.913612 0.704900 0.936562 0.519446 0.293258 
0.900867 0.377135 0.239777 0.064813 0.700505 0.855805 0.197240 
