2000 5
6495,5568,5376,7122,5084
3570,6208,4750,4858,5300
3351,4934,4222,5349,3928
7093,5655,4568,7456,4758
4073,6189,5702,5079,4171
3247,3245,2893,4023,1843
4599,4751,3660,3718,3299
4970,2661,6052,3632,3889
3219,3641,2846,2962,3210
7388,7532,6318,7951,5966
2926,5667,5133,4693,5249
5369,6684,4155,6103,4691
6651,3897,4961,3667,4514
5846,6657,5718,6318,5028
4962,6453,3862,4874,5208
3397,2785,3314,3415,3617
6504,5144,6159,5337,6370
2791,4775,3076,3616,3899
8493,6633,6455,7093,5694
4322,5009,3711,4697,6538
3891,3340,2984,3040,3247
6383,7083,6126,7183,5490
6105,4232,4707,6632,5114
4489,6705,5440,6665,6500
5183,3599,5089,3733,5724
4743,5380,6164,6620,4745
2991,2954,3612,5338,5393
6872,4998,7359,7261,4423
7599,7830,8713,7057,7925
5693,5666,3972,6165,6317
6868,7246,5837,6569,6110
2786,5833,2382,5803,2773
5423,5635,4208,6322,5945
3665,5371,3640,6861,6311
5147,5903,3417,6165,6366
7538,5560,6813,7179,6899
5006,3108,3945,3246,3481
6515,2296,7195,4477,4913
3443,5943,4065,5155,4695
7223,2828,5400,7153,3548
6029,4467,4141,4617,5768
3973,2267,4021,3810,4063
4224,3598,4162,4906,3393
7435,6813,6376,7461,3922
4660,5723,3664,6766,5843
8129,4495,5374,4724,2706
2675,3787,3148,3756,3837
5378,5709,4763,6328,6249
3010,2280,4068,2745,3287
6620,3654,6342,4935,5668
4404,4805,4045,5297,4779
3351,4066,4433,5462,4203
3237,5109,5142,3055,5048
2208,4713,3787,2256,5559
4921,5364,3251,4867,6755
4660,5750,4183,7505,4311
5244,4764,5966,4896,7541
6341,5977,6930,5667,6119
5201,6880,5465,5122,6135
6762,4489,3645,6466,3424
5479,6262,7337,4839,7203
2642,3784,2617,2171,3207
5473,5546,5354,6292,6569
7232,6833,6366,6665,6362
2968,5442,5242,3342,5514
6090,5816,5284,6837,3412
6421,6312,7113,8297,6920
2205,1362,1226,1914,1188
4217,7011,3997,2508,7256
5529,6475,3870,5565,4878
6884,7007,6830,5861,6294
4874,6800,5459,8181,5890
6457,5291,4879,5614,5276
6178,4336,6313,6681,3971
4137,2876,4244,3714,4559
3097,2840,3002,1582,2261
3330,4681,4067,5890,4120
6418,4682,4674,5842,6147
4503,5953,4628,5412,5581
5479,5847,5686,6022,5591
7256,6776,7465,6322,6291
3453,2381,2700,2999,2386
2872,5592,4427,2648,4006
3996,6789,3795,4076,5261
7340,7678,6716,6823,6931
4174,3374,5452,4044,3617
3490,6007,4818,5424,6555
5289,5533,4891,6768,4895
6850,5325,7300,6501,4830
3962,4498,4224,5625,4784
4869,3193,4275,2116,3611
6508,7583,6792,6758,6744
3247,3828,3761,5429,3577
5472,4345,6585,4504,7092
6051,7519,6779,8099,7174
4504,5839,5553,5409,5898
2418,2483,1755,2508,2364
5082,3996,5410,4606,6400
7601,6467,6738,6525,7895
5235,2634,6179,5159,5242
4230,5767,3265,4684,4973
4962,4979,6196,5210,7480
6757,5773,6866,7817,7056
7178,5122,5283,6041,3139
7392,6399,6491,7049,6142
4811,4240,5228,2505,5284
4211,4913,5944,6007,5344
2956,4274,5697,3612,6144
2807,2884,3065,2975,2993
3018,4000,2678,3153,3461
5126,5945,6453,5627,5417
6932,6456,6441,6885,6876
5766,5946,2791,5100,4001
6798,5493,5377,5217,6032
3227,2973,4147,5146,3976
4583,5686,4860,3640,6121
8111,8154,7603,8134,6801
8479,6250,6022,6571,5058
4427,6242,3103,5232,2821
3358,3605,3546,4129,2965
4568,4217,5323,4732,3829
2499,5284,7055,2934,6124
2523,3589,3866,3582,4206
2800,2632,5139,4209,3822
4161,4472,5473,5011,3919
4673,6878,5511,5164,6710
5229,4234,5971,3231,5930
5085,4065,5125,6674,4869
4138,6340,6167,4087,7086
6740,5696,5682,4545,6554
4961,5203,5269,5588,6801
6893,4192,5783,4402,5368
2458,3722,3710,3072,3319
6378,5182,5548,6821,4453
7253,7434,5926,6799,4903
5860,3751,7088,4099,4660
7336,5399,6385,6808,5647
5969,2325,2383,5484,1394
6464,6517,6564,3917,4914
2344,3400,3481,2213,3938
5659,5877,4522,5708,3071
6026,6895,4761,6222,6138
2783,3319,3120,3885,3078
1487,1438,1873,997,1627
4516,5776,4454,4041,5958
6445,6129,3522,6086,6323
2561,4701,3768,3418,5421
2311,1468,2499,1804,2113
6442,2467,6083,3557,3357
6357,4769,4152,6837,7125
1131,3148,3075,4902,3836
3699,5039,3308,3625,4560
5444,3451,4163,3604,4358
8504,7933,7867,7446,7436
4812,3803,5052,4259,5623
2059,2621,2672,1792,2872
5634,7964,4778,6983,5071
4260,4586,4726,4280,2883
5227,6221,5200,4095,4164
9176,8055,8411,8353,8080
3679,3584,4012,2718,4878
4239,7901,4403,6727,6401
2595,2383,3390,3113,3563
5015,7975,6535,5983,5902
5484,5501,6148,5054,5356
3836,2234,5183,3540,6285
4056,4457,6103,3803,4008
3947,2593,3019,3918,1809
7255,7826,7298,7868,7365
4811,6755,6757,6163,7351
2519,5885,4551,5358,4984
5289,5665,5619,4581,6394
6813,6420,7477,6011,7934
6705,7868,6500,6418,8063
1827,1766,2952,1697,2760
5969,7056,4631,6792,5482
4581,5922,4973,5556,3380
3639,5581,3054,4999,4992
5000,3167,4927,3171,6709
3002,6761,4773,5262,4820
6218,6201,7175,6049,7364
4433,4005,6049,2423,4526
7371,7107,7769,6768,7411
5248,6757,3149,5629,5114
5317,6314,5012,3955,6906
5589,7351,4220,5825,6446
3264,4303,4539,4683,3440
2803,4866,4331,4070,3979
5093,6887,6695,5957,7226
4986,4867,4017,5266,5646
5119,2982,5751,2821,5340
6783,4697,4113,5068,3590
5523,4079,4477,7392,2526
3811,3374,2452,3275,2960
4022,5164,5894,4181,6362
3475,5164,3217,3535,4391
6802,6296,7292,5957,6094
3671,4997,3653,5345,5201
4586,4374,4917,4630,3325
4551,3766,4255,3121,3509
3751,4645,5038,4856,2400
8134,7126,5792,6978,7075
4060,4648,3885,2825,5124
4308,3435,3721,3322,4242
2803,4412,2899,4987,3511
5167,4527,5307,6817,5097
3668,6815,4608,7194,7578
7540,1913,4708,6411,2989
4322,5272,4773,5805,7806
2803,5060,2487,4348,4317
6434,4372,4658,7469,3643
5801,6284,6001,6257,5935
5572,4773,5299,7710,5666
6974,6766,8887,6593,7304
2198,2896,2949,2846,2844
4409,2195,3699,3102,2771
3732,5961,4102,4789,6799
2385,3315,4283,2758,4479
3439,2852,2903,2265,2820
5065,5714,3089,6527,4377
2203,1899,1361,2941,1908
6248,5732,6279,5632,7557
5182,3753,4494,6479,3239
6426,6643,4056,5182,4653
2280,3942,3107,5071,3551
4271,2940,3480,5080,3156
5361,6345,3877,6009,5531
2689,6086,2976,4857,3863
4835,2623,3196,2930,4023
2741,4196,3815,4922,5791
3255,3371,2382,4086,3324
6155,4786,5761,4038,5046
5813,5710,4103,6604,3856
3761,4192,5892,4757,5465
7611,7297,7984,6829,8295
3480,2163,2875,2250,1914
7101,5854,5242,4273,4755
5582,5240,6270,5361,4556
7342,5862,6197,7065,5710
2048,2904,2119,2721,2307
4402,4583,6422,6080,3541
4347,2883,3401,5143,3963
6237,6275,6242,6316,6526
5156,4327,4631,3990,6970
4421,4909,4818,5263,2507
4929,6416,6372,5762,5038
5697,5006,4775,7523,4800
4799,5435,5103,6412,4921
6608,7005,5754,7106,5423
8162,6054,6266,8840,5852
4103,3173,5169,3249,4876
5616,4333,4268,5653,3630
6592,4255,4570,5614,3957
4318,4057,5644,2999,3516
7227,4209,4969,5135,4660
5850,5049,6042,7220,4688
7473,7623,7646,7997,7996
6861,7007,6147,6676,7365
3764,4898,4442,4927,4725
3905,2815,4371,3542,4820
6193,5085,5217,6905,6761
5458,3559,3208,5108,3855
6088,6390,7309,6403,7784
4643,6628,4758,6804,5697
8041,6092,6449,7557,7574
7776,3949,6426,6481,5454
2930,5198,4654,3369,4560
5230,5916,3990,4865,6461
6781,4099,6620,7077,6675
6223,6285,6140,6580,7465
3105,2347,1516,2613,2529
6525,3800,4644,4334,3155
3590,3726,3493,2639,4322
5096,5829,3620,6331,4306
6619,4146,4687,3328,5209
7614,6680,7213,7084,6924
6210,3532,5683,3597,5651
4734,6681,4970,6094,5452
3462,6406,3890,5255,4974
6585,5540,6252,7505,5118
7453,6015,8066,5039,6219
4017,3498,3455,3969,3235
2503,6575,4595,5118,6562
2993,3790,2661,3500,3920
4604,4446,3927,3656,2466
3081,3108,3465,3773,3653
6716,7732,7158,7361,6556
4963,7131,5936,5801,5860
6244,4902,6759,4910,5531
1955,1720,1844,2906,2780
2453,5056,4862,5617,5131
1289,847,1434,1644,1450
5585,5226,7162,6428,4592
3766,3899,3818,3371,3390
3196,3013,1481,3399,1143
6665,5774,6631,7352,7079
5368,6853,4880,6861,5326
7626,7435,7449,7721,7768
6321,7372,4952,5790,5086
5918,4219,5074,4816,3059
2978,1923,3342,2032,1511
4943,4899,3856,2640,4345
3318,3595,3431,3896,2595
4369,4713,6349,4316,4622
6146,4983,6699,6787,5309
4983,2134,3994,5629,3979
2500,4001,2836,3131,3739
1797,4069,3955,2316,4415
4645,4741,4005,5005,3617
3446,2872,2217,3254,2264
4956,4879,3465,4572,3787
6725,6460,6034,6581,7072
3012,1344,3203,2963,3347
6639,7657,7272,6573,6046
3422,2445,2618,3824,3904
5854,4989,4011,6954,5782
1698,2490,1387,1945,1402
6254,8039,6718,7336,7335
5425,7084,5105,5442,4412
4010,2635,3737,3462,3735
7556,5791,4432,5869,4402
4151,7138,4766,5757,5582
5641,6442,4545,5892,6767
6100,4424,3233,5042,2982
3588,3082,2468,4082,3768
2604,5880,3366,5487,4620
3210,2708,3121,2277,4257
2931,2361,3828,4347,3707
4543,4958,4115,4155,3497
4141,7599,7327,5041,8593
5169,4317,6783,4563,5780
3633,6123,3936,5533,7471
4566,3209,5960,3167,4340
6169,5584,5079,7254,4042
5097,3211,4355,4653,3594
8192,6138,5821,6394,3177
5663,7296,5575,6794,6615
6049,7084,6013,6927,6488
7134,5411,6565,6567,7813
3037,1582,4031,3210,3239
3270,4037,4512,3885,4144
5241,3997,4573,5912,4074
3019,3835,4102,3974,1987
5824,4374,5739,6771,4119
4659,3477,3564,3087,4498
5176,2434,4207,4139,2875
4308,6733,4237,4337,6486
4627,4289,4488,4355,2943
4625,4331,5424,4030,4985
6864,5023,8610,6850,5157
4301,2977,3585,2663,3456
7267,7603,7581,6841,7348
4187,6970,6431,4947,5098
3093,5928,2737,4189,6151
5628,6469,7713,5861,6971
1781,2145,1853,2257,2629
7044,8865,7138,7013,7118
5404,2654,4605,4818,5125
6482,7456,6932,8527,6941
3473,5324,3178,2969,5036
5021,3604,4345,5018,2001
4137,6071,7612,6281,5795
5518,6979,2241,7744,3915
3008,4096,2188,3674,3166
5296,5845,6704,4450,6379
5785,6950,4648,7292,4663
6548,4717,6304,5386,6567
5338,5755,4981,6835,5597
2337,6033,3342,3570,3613
4852,4583,5041,3265,5058
5661,5567,4997,5467,6008
6083,5030,3661,5179,6407
3591,5754,4761,6500,6677
3099,5917,3795,6143,4359
5519,3159,3593,3629,3712
3564,4729,4064,4826,4653
1933,6706,2125,5853,4650
3516,3255,2157,3688,2921
1288,1662,1431,1414,1345
4614,6696,4795,5870,3072
7101,5882,7260,5767,4950
3965,3757,3259,3518,2619
4218,4612,4668,3214,2979
5101,6709,5151,4182,5322
6039,7407,5596,4107,7502
3972,4620,6741,4077,7227
6742,5481,4844,6908,5068
5940,4982,3266,4430,3814
7001,4798,6647,5133,3599
6098,6379,4214,4982,5740
5626,4459,5104,4072,4985
2506,2487,3053,2622,3605
4115,5737,4530,5320,3720
4543,2869,3175,4087,1237
7172,7253,5641,7885,7475
4717,4805,4662,5740,5710
3807,4114,4507,3871,3907
4225,3180,2728,3813,2674
7239,5673,6122,4759,6144
5929,5776,6369,6349,6260
6679,6131,7637,6673,6907
1828,2623,1747,2060,2286
6923,5585,5865,7288,6086
3272,2619,4267,2488,4051
4094,5485,5225,4784,4299
3895,5239,4272,4334,3883
5564,6660,5854,5686,6861
8708,6400,8007,7523,5921
2943,2737,2179,2896,3207
7141,5455,7085,6974,6046
6041,6527,5459,7507,5993
4093,5772,6218,5426,4061
5697,5021,5055,6082,6722
4643,5187,5366,6545,4428
6174,4011,4925,4125,6598
3946,3696,5195,3030,2897
7748,5040,7559,5298,8179
7837,6029,7658,6723,6765
4486,3399,7684,3453,5221
3572,5207,3738,3378,5039
5094,3460,4366,4475,4988
2036,3516,2972,2085,2609
6024,5563,5871,4832,3713
3768,4476,5593,6271,3479
3252,4186,3914,3594,4802
5182,3881,3291,4538,5510
4011,2309,2257,3804,1277
6754,4148,5021,4238,4664
7166,7145,7076,7298,5276
5506,3668,4325,3372,4562
2965,4163,4622,3531,4321
4011,2703,2776,2765,2613
4898,2853,7084,4558,5206
7911,6562,8789,7130,7934
2582,3570,1870,2806,2301
6004,5866,5432,5174,5984
3125,4531,3500,3689,6167
5919,7375,6567,6009,7704
5810,5746,7429,6331,5830
2061,1684,2914,1634,3197
4625,5695,7659,2846,6898
4484,5549,5855,4017,3943
3681,3039,3257,3057,5423
4955,5671,7291,7527,5605
7166,3276,5105,3295,5755
3053,5352,4654,3885,5603
6069,7557,4252,8207,6457
5725,2409,3677,4476,4845
4248,4451,5046,6121,5139
6112,6301,7371,4895,6345
6876,6640,5831,6220,6037
5480,3970,8238,5420,5593
1967,1952,3092,2188,2325
1827,7447,1932,4426,5080
3290,5682,3482,4098,5323
7232,8076,7128,8403,8103
6147,3414,5354,3219,4641
3219,3234,3667,2766,4356
1625,2023,1179,2296,1318
3879,5822,4154,3137,4600
6862,6135,5877,7004,5422
6088,4269,6706,6376,6264
5810,5360,4911,6298,6103
3960,4511,4899,4989,4919
6611,5481,7214,4571,5791
2856,3005,3125,2510,1875
6972,2312,3910,4659,4333
5000,5467,6588,4941,4649
6770,4757,4797,4950,6319
6232,4714,6123,5017,7148
4488,5154,6069,5107,5701
5469,6246,8170,5551,6800
3816,5043,4135,5692,4065
6004,7166,6471,6172,7530
4461,3816,5032,3637,4954
6861,4449,6145,5849,4253
4990,4870,2615,4465,3711
4892,6915,5583,5179,7890
3924,4505,4065,4730,5106
2087,2889,1416,2853,2140
5508,8070,5769,7537,8084
5473,5321,3674,6671,4287
3635,3068,3503,3689,2580
6017,7579,7600,8104,8332
3983,2665,4314,3722,3103
6864,5591,6413,4764,4264
6111,6771,6792,7689,5974
7237,6341,8008,6367,6172
4847,4625,6426,4511,6685
4050,5865,3502,5405,3836
4687,4518,6198,5379,8590
5485,3905,3294,4960,5969
7888,8008,7595,7931,8330
2038,2639,2594,2410,3224
3953,4258,6161,4598,5148
4063,5606,2976,3720,6588
2724,3804,1988,5034,3611
6535,2252,3299,6788,2984
2397,4042,4005,4318,4220
7117,5574,4450,5556,5350
5220,4454,5261,3958,3335
3254,3985,4795,5232,5684
6206,786,6277,3917,3148
5826,3660,5112,7277,4251
4243,3067,4544,3424,2591
7488,6527,5226,7125,6158
6362,6053,4175,4397,4890
1425,2029,1419,1743,1875
5608,7671,5709,6722,7596
4144,4563,1984,4677,2833
2391,2860,1952,2685,1903
5029,5141,4835,6506,4887
2100,3556,3264,1848,3594
2397,4619,5160,2281,3815
5090,4530,3954,4327,4767
5653,6368,6096,5311,6464
4501,6200,7144,4659,5924
8298,8933,7483,8335,8333
2108,3640,5983,1784,6046
4907,5836,5924,5720,7080
7761,3409,7100,4592,4363
2377,5367,5615,5613,4767
4935,6231,7221,4776,8861
4805,3307,3027,3196,3293
4394,4470,3506,3924,5204
7213,5904,6732,7943,5789
3337,2329,3127,3193,3271
5606,3152,2310,3861,2497
4929,4301,4834,6831,6183
4540,5837,4385,5492,6348
3527,3796,4449,5363,4680
4743,3982,5652,3316,4547
4883,3359,4663,5440,3638
6070,4854,6743,5225,6927
5385,6110,5109,5402,6835
7300,6505,5617,6415,5278
3225,4828,2197,4972,2914
5502,6511,3309,6727,4964
7515,5604,5994,6256,6013
5665,7336,5297,5982,4472
3394,6027,5527,4792,4388
2117,3323,5172,3406,4470
5641,5444,6131,6426,5325
5106,7117,6083,6786,7179
4569,7432,5493,5985,8705
4078,7142,3746,5069,4799
4872,4245,3496,4589,3617
5028,8080,5563,5530,6924
4063,3087,4971,5493,5172
4012,4315,5067,3267,3842
3259,2778,3055,2309,3814
5305,5808,5995,6418,7363
4750,7623,6838,6562,7134
5528,5507,7530,4552,7093
6883,7255,5710,6576,5053
6488,6817,7626,6359,7047
5108,5629,4945,5993,6200
4609,5829,3404,6618,3742
4094,7091,4090,5661,3719
6611,5408,6040,6545,3964
6573,3883,4847,5938,5092
3942,2714,4907,3447,3953
7292,5495,5109,6848,4293
4408,3596,3532,5515,3215
5637,3988,4700,4036,2729
5861,3377,3618,2996,4226
2489,2443,3107,2788,3909
3260,2190,2818,2618,1921
5544,6249,3767,6606,3804
4995,3529,4956,2923,2704
5448,5639,6551,5283,6838
7792,8370,7531,8209,8204
6389,7692,7023,7597,8096
3531,3902,4365,3348,3438
3349,5930,6633,2814,6857
6872,6846,6706,5349,6352
6063,4775,7549,5271,4837
4631,4443,3391,4703,5779
5716,7367,6009,6911,6920
2561,3173,2459,2458,2775
6535,5982,6683,5926,4753
4097,1804,3571,3423,3448
3721,4972,4666,6154,5885
6788,4634,5920,4465,6248
7081,5318,6343,4717,5092
4950,6501,5305,6162,7258
4799,6357,4820,5752,6145
6653,4231,5723,5829,3043
3381,3996,5746,4035,6229
3787,4525,4761,6143,4312
4904,3814,4619,3889,4483
5568,2922,5841,3485,3449
9117,8097,7464,7464,6988
5219,6921,3504,6301,2895
4238,2950,3117,5121,3350
3897,3022,5854,4699,5734
1610,2913,2170,2105,3680
4063,2724,2390,3511,2698
6081,3812,5662,6422,3756
7951,6755,6250,7261,6454
4662,3652,3929,5138,3612
6705,3778,5390,3121,5474
6711,6873,6632,7767,6539
7863,5488,4101,6976,5250
4103,3575,5957,5149,3609
7215,7945,5123,7125,5159
3443,5736,4425,5288,4488
7483,7850,6332,6306,7418
4265,3960,3298,4107,2175
4652,6672,5075,6563,6469
3041,7033,4135,3658,5059
5236,5650,3882,4907,4726
4592,6176,4907,1875,5114
5751,7953,6296,6393,7527
2765,6925,3052,5983,4722
3773,2968,3201,2470,2371
6826,6651,3640,5665,5540
6406,5768,6228,7187,6395
5248,6168,3346,7410,5652
7260,3432,6642,6063,3975
6784,6835,7290,6982,6849
5671,7209,4481,7650,6444
4529,5673,6194,6357,6768
4202,4029,4879,2327,2527
7293,6370,6998,7161,6357
5863,5160,5898,2605,6223
4578,3832,4877,4532,4031
3577,3644,3811,2392,4459
4211,5999,3787,4545,5719
6381,4658,4261,5096,6377
4322,4582,6135,6185,4776
6182,4918,5082,5764,5575
5570,6066,5062,6579,5523
5534,4928,8395,2733,8080
5151,7818,5557,4541,6451
7219,3220,5961,3893,2797
6304,5219,5276,5365,4394
5812,4376,6927,4816,6043
5464,4845,6518,3297,5336
3885,5026,5433,3331,5471
7827,8432,8110,8450,7398
2651,3736,4944,3186,4865
4841,4130,5657,2285,4077
6027,4877,6330,5300,4820
5392,6324,5374,7826,5160
3648,3110,4274,4401,3285
5351,8029,5330,5447,6309
5595,6120,6541,5848,7571
5571,5028,3307,5437,4027
4878,4490,3156,4430,4610
3639,4571,4754,4279,2812
4911,3566,3985,5269,4550
7481,7873,7683,8993,6837
5214,5561,6841,5855,6369
5518,5380,4749,4754,5951
8346,6060,4172,6239,4060
6327,4733,6453,6311,4826
6935,6603,4969,7444,4687
5064,5076,2654,7289,3389
4670,3883,3923,5240,4178
1605,1326,2757,2033,2050
4059,4995,4427,4044,5483
4856,3482,6145,5385,5695
9558,9201,9262,9240,9311
2722,6706,4472,6512,3218
3084,2978,3051,2426,2744
8450,8102,8407,8596,8789
1885,3128,3732,2333,3455
6963,7172,8429,7324,7805
4431,7374,3812,3667,5393
4191,7938,5290,5646,5890
6140,6601,6563,6694,4748
8428,7147,7448,7783,6555
4961,6112,5521,4782,4764
6830,5656,3630,7202,4976
7247,7863,7309,7276,7025
2209,3554,2989,2600,3523
6539,6505,5759,6949,7442
7387,5043,6091,3869,8054
3216,2962,4214,3273,4634
2800,5259,2999,5434,6330
4985,3997,4095,2651,4652
3142,4758,3649,3016,4651
3257,2993,3988,3358,2727
3457,4351,5810,5474,5553
7843,7217,7514,7231,7044
4224,6900,3606,5315,6511
5595,4387,5518,6157,3744
5120,6403,5296,5981,5549
3243,3854,4813,2440,4887
3789,3315,3312,3218,5349
4011,2556,2341,2732,2751
5819,8732,3524,6240,6512
6044,3733,5374,4725,4170
6337,4783,5165,3902,2742
4624,4304,4141,4660,4986
3477,4452,5053,4376,4714
4139,3313,5450,3794,5509
5646,5462,6441,6766,3377
4770,4223,6129,3992,6657
6716,4232,6274,7433,4395
3003,2438,5366,3255,2059
2515,6468,5458,4872,6980
9211,7942,7832,8697,7361
6827,4271,5768,5555,3694
5181,7099,4999,5112,5491
5087,2840,5569,2136,4621
7021,6925,7348,7263,5796
4707,5598,3953,7396,4715
6788,5093,6465,5913,6498
3339,4188,2937,4157,2074
8815,9121,8845,8639,9123
4962,7452,6411,7079,6981
5469,3267,6203,3717,4731
6725,4313,5271,3212,2875
3721,4932,4594,4151,6169
2360,2664,2966,3328,2848
7548,6742,7175,7268,6820
7357,1498,6919,4860,4507
5140,4524,5392,5165,7027
5628,7501,4076,4391,5286
7118,6529,6776,5854,4582
5106,4382,7686,3181,7732
5324,4648,3646,3349,3716
7416,6683,6830,5933,6781
6599,4505,5963,5934,4413
4473,5115,4620,4354,3715
3026,3040,2795,3021,4166
4618,4639,4998,3611,5031
4938,4053,3531,3712,3704
3960,4313,2973,4256,2355
3135,5386,4355,6573,5686
6012,6842,5756,8137,6545
5487,6342,6508,6962,5859
2459,5110,2750,4204,4795
4074,3409,2247,2609,1864
5727,6533,5834,6773,5557
6630,7769,6889,6846,6575
3601,7078,5334,1499,7183
3502,4940,2639,4959,4932
6943,5826,4207,8296,4083
6267,4564,3544,5766,4148
7168,7909,5805,8584,7713
6184,3546,5252,2338,4211
8195,8451,8565,8073,8571
6644,8021,7076,7717,8534
2711,5027,3614,4084,5001
5650,5889,5451,7571,4759
3515,4671,4897,5762,7494
3442,4637,5985,4842,7191
7015,4929,5206,5255,3678
4137,4294,3394,4069,4153
5390,5934,5383,6600,6146
2488,1888,2195,2074,1788
6256,6908,7465,5688,6839
7703,7282,5616,7291,5615
7697,8607,7063,8209,7378
3344,2780,3486,1412,4226
3183,3788,2736,3245,3559
4083,5328,4168,3482,5579
4129,3433,2675,5749,2501
4002,3381,6530,3730,5562
6022,5733,1464,7568,3843
1348,3295,2390,2721,4916
2935,1509,4220,4312,2885
2370,3508,5353,3005,5151
7754,7951,8317,9049,8249
1637,4695,4515,3946,6084
3132,2388,2610,1657,2605
6706,5376,4521,7092,3749
1714,2881,1553,2295,2716
7064,6544,5923,7121,4654
5676,5454,4363,5702,3362
2680,3413,3837,1972,3281
6929,6852,6822,7055,7735
5866,4513,5978,5147,5037
3865,5283,4698,5638,4763
2593,5419,3572,4857,5610
5507,2119,4509,2429,3050
3693,2610,2422,2632,2113
2254,2664,1640,1959,3692
5080,3638,4593,4205,3103
4191,2749,3968,2084,5011
2376,3379,4653,4013,4538
6888,6966,7365,7313,6567
6729,6300,6673,6192,5898
5113,5050,7407,4552,7760
4667,5127,6724,5003,6083
5549,5848,7027,6061,4592
5031,6984,4223,5002,3978
7883,5270,6003,6792,4514
5005,2796,4185,3484,4452
3651,5905,3822,4702,5652
4303,5110,2772,6381,3872
5415,1542,6857,3942,5008
5080,4293,3332,3905,4567
7093,6001,7559,7334,5208
4322,5498,8353,5607,5546
3213,3870,3514,5595,4212
6551,5757,5183,5410,5468
2300,4098,3602,1632,5093
5014,5018,7318,4440,5892
2743,4174,4918,3891,4885
6368,5647,6504,6108,6824
5764,6586,2420,4883,3533
2927,4609,4223,3597,3511
5630,3828,5202,3440,4144
5520,4308,4934,3700,3519
6445,4899,4566,5153,5322
4683,6549,5402,7351,5370
5864,3759,4013,5156,2799
6512,7384,4815,7614,5609
3313,2138,5534,3874,2998
4091,1832,3417,1429,3072
7034,4277,6986,5905,3832
5251,5571,6889,3757,6788
3034,3896,5955,2683,6958
2506,2980,4207,980,4262
6925,8098,7809,7155,8316
3184,4910,4435,4403,5114
4365,4676,5350,5283,3473
4797,5587,4939,4212,5024
4474,4531,4483,3665,4805
6195,6658,7160,5571,7566
7430,6309,6360,6958,4370
6880,5525,5428,5642,4521
7508,8166,6051,8308,7008
4235,3421,5372,4262,3101
5092,4497,4560,3326,5322
3504,3789,4180,2902,4268
4960,3915,5968,6247,5583
6564,6635,4568,6211,5531
5336,4747,4479,4148,4328
3635,4070,5324,3578,2616
5670,4636,3386,6348,2378
6271,8749,7318,7009,8019
3487,5216,2852,3882,5243
4328,5491,6161,4758,4805
4924,6968,5309,4675,7618
4855,4462,3176,4285,5541
5846,2858,4467,5573,3805
6260,3726,4571,4977,1640
3202,3528,5002,4260,4488
3133,3722,4892,4914,4546
7035,3796,5968,5155,4777
4204,3620,3951,3875,3014
6512,2333,5923,6436,2893
4957,5017,5662,6132,5452
5433,5961,5643,3476,5756
7171,4670,6709,3788,6632
3456,7735,2171,6136,6914
4656,3173,5268,3513,3936
5950,6102,4748,5085,4771
2903,9048,2900,4143,6678
4604,6102,4357,5668,6602
6179,3409,5187,4366,5228
5439,5496,4874,5184,4760
6999,7347,6939,7004,7647
2295,3004,3893,2503,3995
3073,5842,4798,6158,5740
5528,5024,7545,3651,8834
7203,5172,6440,6119,2705
4626,2856,4783,4156,5455
7695,7160,7972,8154,7866
7486,5013,4718,3155,4963
6943,7639,6445,6254,5875
5034,5121,7629,5551,5936
4608,4746,4559,5463,4679
5489,4923,7301,4863,2782
2844,3042,3176,2180,2741
5200,4211,5171,3766,6054
5611,6199,5640,4790,6326
3384,4050,5632,3060,6515
6774,4738,4631,5716,4573
4598,4849,5421,3911,6024
4332,3132,4159,4201,5094
5447,2990,5123,2524,6754
4486,5779,3505,2958,7383
3425,4657,4759,2616,5814
5606,4843,6602,4952,6015
5525,3833,5986,6050,4561
6414,6952,5962,6377,6467
4097,3466,3990,2987,1805
3048,2900,5626,2339,4407
4756,2632,5316,3101,4513
2264,4745,4739,5078,3514
4568,5753,5364,6623,5198
3694,2026,3012,3427,2791
7298,5801,7616,6883,6843
3511,2676,2944,2133,3550
6922,7263,7141,7475,7068
6838,4539,5457,5049,4364
4214,2413,5440,3751,5350
6598,6489,6912,6410,5817
5101,3407,4677,4369,4090
8123,6454,5330,6489,6025
7101,7870,8418,6706,8155
4931,4766,4545,3732,5297
5921,5204,6293,5269,6365
3433,4734,6160,474,6121
3166,4143,1695,3790,2886
6221,4098,5005,7133,5021
4574,4367,3858,3348,3563
4537,3987,4649,4811,5089
8503,6808,7872,7319,8034
6224,5676,5798,4963,6539
2478,6462,6141,5050,6603
7311,7935,7177,8365,7355
3983,4818,5063,3317,4221
4623,6965,5177,5505,3430
5260,4673,3470,4481,5944
5725,7296,6519,4543,8006
7428,6583,5219,5992,6152
6108,5403,5709,6953,4776
4164,2692,3533,3969,2714
4422,3907,3356,6668,3828
4097,5595,6623,3424,3558
3885,5268,3617,1865,4868
3340,2725,4203,2144,3456
6548,5240,5532,4841,4361
4314,5151,4484,5835,4169
2732,2659,2836,2584,1933
3798,3345,2956,2513,4348
6517,6129,4969,6967,7185
3207,4501,4906,2386,5479
5823,6763,5195,5005,5429
4588,5016,6724,4960,4017
5700,4819,5775,6029,4444
5917,6899,4628,7607,4851
3519,3752,5994,4866,4399
5202,3628,3449,6417,3397
6153,5908,6179,7201,6448
2603,2113,2616,3130,4048
3785,7836,2620,6073,5003
6227,6146,6137,6133,5563
6202,7488,5369,6570,6778
3040,4588,7583,4714,4295
8467,8809,7828,8168,8738
3482,3879,3075,4164,4780
4731,5328,3145,5648,6599
4916,7936,5870,4090,6215
4786,4275,4163,6660,5584
5002,4017,4155,3633,4156
4085,4710,3232,3903,5420
3360,4932,5474,5540,4630
3701,2233,4632,2998,4286
5746,5957,6030,5553,5927
3727,4234,4149,4038,4596
6601,5133,2445,6830,3861
4106,3001,4694,2658,3120
2714,1640,2585,3813,2553
3470,5204,3003,3717,3511
7529,6132,8058,7028,6933
2824,2265,2982,2443,2902
6153,5888,5034,6744,4273
3355,3108,1766,2668,2731
4621,4080,4340,1922,5983
7000,6742,7125,5875,8053
5463,2010,4460,3425,4077
5686,4073,3177,5499,5316
5041,5721,7690,3137,7165
3703,5106,5491,5220,6075
5226,6101,3787,3241,5391
5728,5733,6104,5987,6603
6150,2503,7154,5596,4692
6184,6182,3094,6553,4009
4260,2379,4060,3812,2032
5904,2196,6220,3564,3964
3488,2383,3766,3018,2764
5136,7012,5856,5577,7260
4701,4019,5428,5936,5002
4298,4250,3360,4993,5625
3050,2681,2474,3201,1908
5136,5615,6668,2246,6102
7345,4626,8284,4819,6139
4859,5597,3689,7678,4821
5068,4421,4192,5356,3264
5842,4204,4361,4282,6359
3320,5790,3829,3401,5210
7203,4598,5354,4841,4681
2947,2449,4216,2663,3459
6886,6625,7309,7152,8114
6682,6078,4521,5023,5513
4127,4139,3830,2722,3803
6404,5088,5674,5334,4054
5360,3767,1975,5710,3235
5275,7408,7032,5888,8195
4361,2304,4297,4220,3700
4818,4754,6139,6070,6252
5241,6476,5737,7063,6535
4515,6453,3828,4314,5055
6002,5750,6121,4682,5341
4481,3689,5536,3272,2781
6592,4934,5329,5059,5778
7871,6640,6359,7238,6431
4498,4916,3415,5096,1103
4318,4342,4859,3788,5312
4965,5727,4817,4454,4638
4773,6624,6353,4768,5304
4472,5051,6488,4205,4438
1635,3490,4653,2349,5420
3910,6939,6220,4785,6252
3416,4860,4151,4771,4393
5655,5498,4995,6289,4406
5014,3382,3520,3898,3250
4909,6925,5395,6474,6461
4700,3611,4281,3660,4315
7705,5649,4137,7775,3889
7608,4725,4887,6424,5024
6502,7562,6329,9186,5661
5170,7196,6073,7172,6398
7005,6487,6778,7565,6500
4905,4889,4571,3349,7505
4897,5332,4113,4639,5410
5160,6819,5655,5656,6538
5702,3576,4274,6134,4329
4753,3126,6886,5402,4144
4358,2835,7979,5704,4372
6861,7054,6239,4522,5861
4101,6659,2051,6645,3631
7952,6232,7201,5203,6186
6544,5774,7472,5388,6714
5475,4697,7501,5342,7788
3622,4269,6400,6066,3736
6265,3594,3033,4309,1922
3443,3276,3442,3643,2147
7089,5097,4271,4997,5476
6631,7089,8275,7193,7744
7147,8430,7376,8384,8073
7325,6038,6859,5997,5126
4370,7176,4006,5599,5519
4686,6412,2992,5976,6298
5113,7131,4204,6697,4945
7389,8116,6505,8430,7473
5685,5759,8023,3420,6603
7359,6291,5547,7151,5657
3855,3844,4794,5116,5634
3308,3959,3761,3596,3520
3709,4791,1759,4793,2957
3211,2373,2864,2308,3062
3085,3501,5615,2958,3440
5611,4100,7361,5797,5501
3280,4072,2006,4153,2772
5764,7681,5721,5276,6418
5837,5902,4214,6123,5640
5949,1622,5989,4274,3725
2714,2691,4743,3875,3440
4161,4135,4226,5390,4011
4385,5947,6000,3997,4893
5746,2965,4958,5190,5077
7026,6931,7210,7873,7890
3230,4434,4628,3518,5223
7558,5790,6399,7813,4566
6945,4511,7682,5716,7155
7736,4385,6965,5377,4244
5135,7039,6152,6447,6223
2648,2341,3693,3212,4110
5276,4468,6639,4647,7795
6965,6705,6716,6115,7079
3150,3433,4658,4053,4712
6030,3854,4532,2716,3620
5996,6353,5127,5889,5111
3582,2422,4555,4877,5160
7336,7540,6599,7809,7081
3975,3200,4986,4993,4707
6723,5467,5283,3194,5724
1926,5317,1548,5695,3571
3594,4162,6760,6756,5542
3766,3726,1548,4600,4184
5983,2921,6990,3126,4138
4635,4800,6208,6179,7978
7276,7047,8172,7024,6336
3738,6626,7454,4440,6254
5129,3114,6287,6666,3218
4520,5563,6489,5621,6426
6656,5314,5882,5314,5897
5431,5042,6854,5714,6932
2591,3762,1271,3022,4382
4256,6046,5167,5569,4910
6271,6185,5478,6213,6974
2820,3514,2301,2601,3440
7803,7475,8116,5820,5831
6704,6654,7429,7512,7519
6538,3669,6235,4178,3380
7078,6713,6768,6982,7157
3421,4772,4267,4443,4691
6798,4929,4983,6184,4941
7463,5573,6787,6539,6004
3400,7134,4442,5535,4334
4416,6371,5867,3398,5902
7399,6949,6884,8147,6439
4148,5251,4713,4148,5712
2667,2231,5530,2096,4268
4699,5842,4143,6203,4527
5804,5090,7340,4697,8001
4391,5339,5310,4104,4669
7540,6816,8765,6140,7505
6533,6830,6652,7955,6579
4626,7997,3978,4747,5120
5349,5288,4176,5761,6507
7136,4040,6047,4446,5142
3914,2555,5573,4694,4684
6612,7839,5768,6813,7488
5288,3415,7594,5807,6799
4610,7476,3488,6468,4093
3874,3923,2252,6087,4273
4737,4395,4706,3203,4525
3677,4770,4284,5269,3070
5695,3793,4102,5108,4041
6770,4602,5027,6597,3426
3550,4658,3596,3295,4403
6413,7148,6393,7281,7037
5512,7870,5155,4920,7801
4758,5890,6359,6000,6810
4134,2566,4000,2923,3120
4905,4043,3856,4293,3245
5418,8014,5778,4062,6641
5192,6093,4479,4439,4882
2560,3826,2395,2092,4036
4334,5572,3066,6130,3548
5653,3902,5079,4613,4388
5531,5543,4977,5891,3802
3026,1958,5107,2273,4732
2694,3625,2460,4133,3177
4880,5429,4980,5366,5388
3760,5109,3852,4781,3372
6862,6156,6886,5456,7605
3284,6023,4723,5532,5860
7096,5817,6598,5521,5788
3790,3318,4014,3273,4185
6221,5367,5768,5489,7104
5908,6145,6032,4304,4807
5114,4587,5654,4869,3841
5008,7619,5249,3352,6441
1374,1057,1134,702,1417
6337,7866,7375,5817,7609
8225,7124,6997,6601,8161
4178,2260,3284,3441,3861
6027,4033,4153,3684,4339
4764,7560,4184,6046,5074
5969,3116,3374,3832,5466
3645,4774,4838,5635,5169
5101,6208,5367,5968,4763
7905,5500,6428,7374,5674
2943,3836,2679,2957,2422
2881,3953,4192,3085,4527
1808,3370,1863,3108,1646
5677,5137,6828,5496,4335
6464,6240,6009,7045,7483
7128,7408,6645,6760,7337
5936,3399,6226,7660,4171
5099,5508,5867,5285,5079
5382,6279,4694,6970,3833
4268,3093,4061,5218,4394
6977,6123,7246,6769,7475
3758,4003,3437,2937,2901
5075,4307,3602,6191,4504
6273,7163,8861,6956,8099
6785,5928,5166,6142,5808
3140,6143,5739,3164,6229
4582,6659,3999,6213,4480
4405,7553,3338,6203,5484
3701,5533,2620,5353,5832
3947,4281,4985,2964,4801
7847,2476,3847,4785,2979
3663,5222,3698,4641,2776
5737,7536,5974,4487,7456
6742,3257,5426,5689,4850
7287,7800,7902,7162,7961
6882,6179,5259,3622,4473
3951,3137,2930,3694,3013
7097,6521,6595,6664,6784
2185,4141,3203,3583,3976
5216,4724,5870,5182,4135
2860,1867,1735,3266,4215
4520,7267,5412,5510,7127
4004,7518,3995,4964,5457
7866,6898,6350,7390,5372
3822,3074,2838,3216,2003
6017,5644,4572,4380,6796
6088,6189,5235,5351,6298
6270,5517,5959,6763,4977
3600,4584,2217,4367,4089
4553,4644,5559,6755,2822
5897,4648,7551,6318,5717
5364,3866,4998,3742,3550
7328,8182,8003,7708,8014
6740,6607,5820,6977,6015
6861,5166,4584,6385,5224
1644,1526,1585,1499,1376
4141,2470,3581,3180,2967
5548,6948,5661,5661,5371
7599,6525,6975,7552,7541
6326,2267,6611,6459,4501
5497,7532,3342,5874,6502
6787,2344,6112,5872,3040
6319,5936,6964,7180,6026
4961,2503,6497,3755,3744
5434,4732,5365,4010,4160
4629,4083,3945,2864,6431
3296,2408,3589,2784,1950
5434,3611,3951,3125,4435
4273,1896,3207,4204,2911
3125,2710,3789,2299,3188
6544,4183,3516,5423,5215
3758,4210,4942,2697,6249
5494,5026,5563,5084,5127
5116,3715,5842,4857,5136
4857,3626,4153,4017,4188
2007,1806,1416,2560,1842
1938,4102,3456,3683,4099
4691,3606,3981,5584,3327
6964,6280,5144,5145,5512
7667,5128,5918,8242,5663
6011,8239,6613,5534,5008
1655,5331,3783,3382,5466
7527,7060,5166,6547,6455
4587,3427,5964,3894,5587
3917,3467,4141,2350,4067
3861,5624,3231,7865,7065
3648,2522,4005,4358,3081
7474,6046,6877,7940,6993
8149,3012,6574,3499,4062
5723,7047,6212,4800,5256
7017,7062,6153,7540,5330
4484,5733,3052,5382,4193
4791,6178,4981,5998,4386
5773,5430,2827,8307,3195
3434,3799,3469,4798,3447
4685,4377,6464,4803,2713
4528,4464,3449,3183,5132
3864,2890,2359,2945,2475
3367,3066,3969,2516,4052
6954,6617,5749,6264,6366
6907,6147,7025,7216,4914
5417,2436,6897,6311,3900
7490,6274,7987,6328,6387
5694,5947,2871,4433,3823
2027,4413,2916,4919,4741
7351,4513,5582,5516,4732
2430,3684,4926,4271,4412
5579,5850,3412,2789,5857
4294,3329,5192,4094,4693
5247,6076,5252,6221,4059
8401,7513,7529,7570,7562
5056,4986,7731,3486,7081
3967,4393,5859,3796,6976
4433,6428,4739,4932,4176
3411,2840,4690,2286,4656
2618,4555,2224,2906,3469
6545,3101,4620,7292,3782
1140,1496,1917,1392,1206
5665,4308,6341,5781,6316
4440,4214,4300,2958,4790
3847,4104,6283,3696,5623
5878,6808,5070,4928,6512
3100,3630,4581,4246,3655
4077,3740,2290,2367,2887
2201,1449,1639,2256,1875
5158,6832,3523,5648,4614
6824,5921,7333,6020,6862
6249,6619,6286,4990,3690
8283,7771,6946,8651,6846
1682,1096,2145,1145,2508
6242,4905,5730,5620,4872
8616,6536,8074,7360,6747
5302,5881,4469,5254,6670
3456,6087,5467,3904,5137
5300,3404,4889,4137,3979
5452,5523,7049,5603,5909
5897,6494,5230,6540,5275
5971,6336,4695,5681,6060
3659,5088,2626,3913,2243
7902,6924,8035,6949,7779
3178,5563,4743,5321,7376
5322,7590,4662,7644,4656
4127,3563,4373,3193,3462
6934,6498,6435,7878,5930
5041,6123,6448,6565,6145
8313,3871,6034,5640,3571
2881,2692,4593,5117,3919
3190,6202,5288,6364,4404
1623,5954,5794,4541,5310
5246,2976,5320,4881,5964
3795,1351,4480,2239,2946
2967,5157,3987,4975,4531
4388,4234,5124,4386,5577
7778,7160,7472,5731,7350
6355,5504,8130,5705,7597
7261,6123,6101,4544,6240
6150,5213,5438,6907,5676
6115,5643,5815,7353,4128
4666,7049,6117,5450,7504
4968,7040,4885,6577,5336
6937,4459,7701,5021,7613
3281,4297,3203,3313,2995
3728,2683,4617,4900,5902
3545,5244,2964,5064,4282
3944,5224,5393,5246,7036
4888,4953,2970,3735,4915
3231,3616,2170,5152,2432
6449,5243,5629,5513,5955
5626,5976,7479,4559,6763
3899,3311,4354,3895,2649
6359,5697,7525,4966,7481
4788,5437,4983,6466,5640
5713,6409,6945,5239,6829
5298,6755,5301,7046,6539
6709,3384,6573,6235,4693
4952,4813,4272,5242,3469
4533,5352,6488,3632,6810
2894,1962,1832,2565,1918
3881,6258,5412,5534,5536
7050,5168,4517,4657,3092
6850,6100,5421,5122,6423
3053,5680,5673,4618,4534
6908,5438,7060,5348,6918
4937,5554,6107,5762,5221
4912,4505,6918,2344,4605
8685,6747,8355,7194,6644
4469,5567,5907,5788,6240
4871,7899,4938,4773,5239
3746,3305,6187,3097,5865
4217,7524,4017,8115,4795
6333,7122,6155,5855,6785
3045,2496,2104,2336,3731
5903,3070,4646,4497,4454
3727,6162,4030,3746,3932
2035,3261,3269,2019,3136
2515,3061,1233,4138,2952
6778,5698,7368,5152,6564
7581,7993,6972,8304,7241
5187,4820,5778,6948,5847
6533,6764,5925,7366,6908
7014,6995,6318,5153,7293
5133,3604,4832,5800,4296
2140,2795,2703,2306,3220
5219,6702,3226,6266,5531
3658,2333,3578,2839,1834
4301,3146,2051,6142,1869
7803,7967,8170,8006,8345
4870,6413,6692,4616,7846
5554,6266,5710,5259,7036
4109,4153,4199,4145,3607
6068,5413,5316,4850,3680
5105,5309,4770,3592,5734
6849,5175,6167,5622,6837
1312,896,2854,1879,2574
6517,5753,3664,6451,7110
5202,4969,5346,5085,5073
5289,4700,6499,5000,3838
6863,5917,4135,6112,5148
7725,5575,6931,7514,7038
4973,5979,4978,5736,6658
6794,6950,6389,7508,7948
5218,6249,6442,5678,7151
5744,2205,5761,3283,3635
5277,4806,4888,4457,5948
5128,3396,4146,4597,4186
5937,6954,5587,5802,5939
6557,6464,5836,7441,5457
2742,4095,3805,5675,5072
1621,4423,3234,4630,2577
7042,3921,4474,7269,3455
5841,3328,4016,3598,2804
7764,5773,6367,6142,5788
5716,5878,6308,5040,5915
2513,3959,3123,3395,3554
3407,3484,4158,4379,4417
2512,3778,1818,3863,4239
4665,3414,3589,3690,3309
8577,8109,7626,7622,6537
928,2389,2121,1140,2284
2825,3341,5189,5154,5389
3074,7312,5133,4830,5702
7094,5884,8572,5537,6280
4036,2541,2403,2990,3031
8622,7394,8065,7446,8087
3443,6571,6559,5099,5195
2515,2678,2432,2684,1550
5177,6414,6088,6284,7885
5045,4308,5017,2900,4661
3527,6564,6832,5735,5735
4887,3712,6543,3371,6346
7882,3759,7173,5029,4569
4270,3623,4657,6327,3215
5313,5246,3074,5277,6313
6179,7039,8180,7945,8066
2970,4999,2985,3076,5542
6843,3600,5342,6666,5842
5832,7833,3326,6045,6512
5694,2890,6549,3733,5254
4576,4231,5069,4722,3817
3117,6267,5542,4291,6064
6811,5266,7053,5544,7897
8683,7039,6737,7553,7702
5018,5113,5390,3796,4165
5362,5668,6517,4888,4277
3235,5126,2547,7465,2827
6464,1927,5627,3364,4327
3751,4288,4794,3773,5761
6225,7678,4534,5875,5799
4228,4364,7102,4821,6168
4542,4855,3865,3909,3423
1386,3999,3485,3139,5600
5512,4805,3829,4997,6169
5849,3747,6237,5869,5313
5702,5407,5868,5938,2643
5903,7480,9060,5575,8437
5705,4596,4298,7917,4506
2644,5297,4451,3081,4202
4836,5304,4655,2078,5960
5732,4322,8729,6186,6165
3476,3582,4704,3579,3261
6327,6947,4064,8548,4105
6021,3782,6110,4504,6214
3016,4322,3612,3943,4396
4958,5143,5160,4287,5734
5378,6753,5314,5302,6913
3588,2541,3747,1615,2080
5332,5921,4686,6127,6857
7262,6025,6861,6259,7245
8003,4101,7131,7482,5043
3377,3474,3408,4625,3496
2390,5133,4095,3135,4587
4163,5896,4086,4724,5049
4496,6674,6338,7782,6291
2977,3372,2934,2992,2768
3048,3664,3091,3076,3773
3073,3208,2989,6142,2605
4624,3876,5497,2343,4362
7229,7037,8160,7318,6574
3090,4783,4951,3479,5421
4371,2424,5040,2973,5379
3913,6162,5128,4862,5076
5877,5764,6515,4826,3955
3506,3800,4132,4320,4815
5440,5279,6721,4929,6796
4060,5760,5520,3894,5011
5064,3866,5435,3704,6322
2373,6964,3080,5007,3998
4655,4063,6973,3596,6161
1310,6578,2933,5613,4957
3080,4427,2220,5354,1683
5739,4648,5228,4635,5075
3379,4367,1925,3541,2513
3691,4479,3732,4826,4053
6141,5901,6505,7573,6054
6160,4992,4766,5830,5230
3114,4455,4043,4154,4398
4237,5157,3101,5012,3691
4245,3849,3377,4139,2496
3631,4693,7626,5007,3912
6076,5515,5404,5417,4156
5011,3622,3070,6563,2917
2737,5291,4290,5901,3057
7518,6595,6661,7803,6347
4497,2095,4354,4311,4730
3297,3889,2573,4484,2981
3242,2758,4524,2549,2945
5507,5009,7450,4891,5726
6117,3658,4243,6479,4553
4957,4790,2581,3651,4359
6299,7780,6039,7298,7221
6793,6203,5591,4407,3164
5901,5638,3589,5567,3061
6922,3944,6435,6310,4705
6674,5620,3905,5889,5315
4866,5473,5494,5699,6836
5200,4556,8523,4768,4539
5541,7090,5250,6470,4846
3829,3229,4999,2958,2032
5631,3532,5066,4772,5136
8034,4989,5229,6848,4654
3706,4927,3976,3348,4404
3899,4010,4036,3347,5185
3031,4158,3461,2612,4004
5628,6864,5735,6863,6325
2844,6019,4371,5383,4581
2456,3433,1997,3093,3415
2635,2981,2246,4169,3024
4688,1754,2758,4262,1821
6610,4923,3999,8659,3411
4594,4745,6055,5761,3669
5175,4799,5013,6623,5092
5875,4603,4967,4429,6005
4265,2998,4970,5420,3506
6006,6585,5950,7730,7384
2720,4388,3961,2681,5410
6143,2981,6408,5511,1483
5291,4727,5300,4789,6994
5477,4109,6815,4876,4483
4779,6153,5053,7676,4563
7260,5098,7365,5065,5810
2727,3627,5025,3653,4965
4752,6116,3784,4642,5265
6538,4750,7697,5533,8271
6294,8906,7069,7258,8464
5026,2764,4415,3263,3297
7574,6955,7729,6314,5702
7022,5456,4648,6632,2120
7460,6675,7050,6166,5598
6195,3224,4364,3478,3278
2174,2709,4032,3686,6583
3842,3425,4990,4266,4877
5515,6028,6610,7726,6258
6002,6347,3385,8407,3917
6733,6184,7008,5781,7470
3014,6651,4788,3795,5757
5912,5297,3998,4952,3899
5450,4847,3473,4492,5246
3203,2822,4095,3024,3227
6797,5235,4709,7535,4593
5848,4187,3476,4412,3833
3874,4978,6638,5671,4951
2472,4088,2517,2766,3151
6403,6345,4065,6952,4506
3016,2666,2980,3133,1839
6089,5384,5556,3887,4459
3476,6651,2411,4943,5903
3292,6038,5423,4219,4653
3523,2644,3578,3356,3390
3145,5514,2600,3920,3325
4458,6747,3228,4770,2871
5974,5539,6557,6052,6769
4194,3979,4652,4257,4750
8372,8836,7794,9194,8256
4543,5389,5603,6518,5279
6250,3410,6057,4751,2943
6410,3025,8408,3319,5354
7672,7608,8400,8270,7149
5517,7652,4818,7571,5532
7302,6421,6316,6972,5402
4304,2976,2999,4028,3361
6877,5317,6512,6010,4192
5283,4449,4645,3857,5385
3174,3155,2817,3390,3989
2553,2804,3400,2181,2895
5958,6356,5558,7652,6087
2761,3915,4431,4558,5857
5461,3140,5439,3685,4169
5857,7186,4599,6843,4943
2427,4704,4076,4216,4045
5424,4008,4433,3301,2498
4113,5150,4232,5661,3235
2843,2306,2865,3531,2073
8133,7077,6969,6830,7200
4162,4845,3275,4891,3820
7208,4368,6293,6447,4895
5318,5925,6111,7520,5550
2796,4114,4202,3286,3931
3882,3914,1665,4562,2938
5108,6609,5103,7274,4714
4459,7184,7585,6324,7742
5944,6153,5236,6540,5583
5707,6553,7250,6497,7736
4429,2920,6727,5751,3414
4641,6273,5641,5275,6778
2688,7432,3013,3507,5839
4087,4737,4895,5812,6491
5363,6436,7115,5551,7709
3857,5741,2747,6847,5514
7475,4469,6708,7010,5952
3804,7967,4636,5425,7020
6768,5133,3473,4180,5007
4153,5169,4633,3617,4944
2547,4665,3677,5574,4808
3881,5328,5080,5088,4900
4569,4036,4026,4223,3893
8157,6039,7756,5329,5986
4021,7220,4007,6510,4791
6617,5423,4079,6809,4907
5031,6714,5895,4737,5912
7075,7203,7340,7040,7293
6585,5232,5936,3893,3970
5061,4697,4678,5334,6228
7978,7970,7874,7316,8614
8862,5341,6240,6273,5171
6296,7337,6030,7292,6502
5003,4046,3853,6516,6036
6708,5958,5400,7381,4020
2234,3992,3935,2132,3714
3351,4725,4222,4113,5563
6154,5553,6417,6770,4831
4296,6249,4324,7303,7456
4150,4560,3100,4014,3560
1984,3727,4975,2645,5637
8890,8246,8175,8163,8227
5135,6894,3439,6779,5450
4051,4087,5980,5374,5989
2970,6714,5745,4996,6065
6057,4167,4205,4237,4397
4940,4207,3664,4750,3218
7486,7664,6530,8472,6927
3869,4065,2273,4052,4058
3727,3647,2989,2411,2322
2976,2919,4103,4065,3131
6023,4081,3673,5101,4291
5420,6485,5178,4210,4698
5964,5798,3950,4625,2700
7013,4455,7186,5371,4599
5178,6561,5338,6032,5748
6235,4266,5925,4849,6135
5947,7218,5364,4912,6161
4501,4673,3998,5599,3294
5815,5900,8135,6486,6649
6242,6034,6926,5706,6186
4339,4711,5265,5964,4971
4079,5057,5350,4244,4478
6075,2777,5336,3531,4173
4930,5573,6252,5707,5680
5430,5428,5378,6450,5629
6343,5997,5946,5930,3807
4873,3838,5072,2678,5020
6963,5907,6500,8341,6180
5749,4251,4720,5343,2369
3915,2279,1365,3448,1327
7316,5078,7335,4750,4983
5792,5850,4851,5208,5274
4501,2890,5028,4336,2457
7045,7340,7146,7471,7075
5467,7605,4565,6503,6303
5204,5903,5397,8224,3629
4801,4792,6444,3724,6499
2237,5753,3471,4565,4909
5138,3898,3555,2396,2869
7033,5064,6851,4903,5154
2241,2272,3036,2170,2509
4661,5018,4639,4759,5816
7736,3260,6804,3749,5056
3206,3520,4619,3976,4279
2076,5208,2903,5302,5925
3920,6374,4868,5802,3969
4608,4092,6475,4239,6541
6178,7037,5962,6816,5267
4843,6486,6263,6083,7471
5644,4960,4952,6031,6927
3740,5216,4623,6197,3828
5749,5652,6369,4828,5232
4480,4959,4584,5972,4474
6628,6663,7281,5741,6482
2091,2323,2399,2336,3359
4955,3061,4205,3776,3017
1852,4647,4589,3142,6543
3229,3462,4036,3822,3524
3271,5515,3457,4354,5857
5833,3781,3417,5147,1965
5394,4165,4065,3046,4085
6556,5961,5416,5573,7189
3857,6245,5116,2305,7732
4351,3351,3544,5570,5364
7456,7636,7220,7936,6059
3182,4480,3767,4003,5866
7492,7526,6879,8284,7660
2668,4925,3704,2557,3758
3651,5240,4304,5308,4936
5599,2954,4178,3141,3015
5993,4507,4447,6407,6180
6272,6373,7410,6606,5862
5817,5226,6453,6232,7246
5207,5042,4747,5618,4982
4829,4734,4082,3760,4986
4953,5598,6578,7298,6443
7666,4316,7054,7700,5922
5105,6331,5776,6022,4431
1300,2594,2337,1499,2487
7114,6103,4205,6858,5192
1555,3477,2532,2218,1798
5050,5502,4967,5265,5418
5529,3794,5379,3520,6895
4786,3688,5747,3807,3875
4897,4216,3964,5304,4387
2713,5512,1885,4778,4009
4747,4958,3404,5814,4718
3855,2975,2913,3837,2375
5795,7151,3445,5536,5735
6130,5764,7157,5701,6683
3215,1742,3130,2500,3176
5973,4325,4960,7032,6271
7032,7212,7875,6893,7856
4738,8307,4716,5779,6072
6258,2423,7026,2743,6827
6344,4285,7111,4121,6332
4908,5505,4527,3762,4363
3260,7348,6674,5677,6124
5747,3759,5720,4187,4735
3260,8346,5765,3803,6200
1897,3560,1786,3328,4517
3314,2193,3477,2993,2730
5477,4827,3725,7485,4404
6244,7733,7276,6864,7486
6347,6126,6071,4520,5621
5466,8026,5494,6828,7709
6441,5598,4892,7032,3272
6872,5374,6211,6997,6157
3509,5412,3499,6300,4371
7614,5661,6019,7248,5688
3613,4635,3745,3467,3028
3481,5340,4862,4462,6277
7056,7709,7417,7045,8133
4464,5179,3235,4906,4804
4389,3804,5005,5216,2540
3263,2692,3992,3894,3536
6244,5414,6233,3729,2510
772,3035,2409,2921,3117
2961,6843,3774,4366,7011
2660,2397,1255,1707,2437
5583,5368,4669,4076,4593
4934,4954,5142,5536,5617
4380,5774,3403,6649,3578
4255,2700,4481,1340,3454
5476,5195,5496,6632,4858
6315,5108,5021,5849,4672
503,1015,933,947,1035
3120,2659,5433,2473,3610
1678,2424,2328,2997,2734
5571,4783,5994,3760,3785
4449,4309,6267,5184,4279
6672,5889,6789,5635,5503
5478,5081,3522,2976,5407
5043,5142,3977,5546,2368
5334,4529,4040,5999,6191
4868,5823,4541,5233,7221
2686,5287,2029,4180,4938
4402,4286,5175,3920,4055
4952,5265,5322,2649,5080
4282,5918,6137,4715,5890
5150,5703,3722,5404,4217
6629,3563,6044,6757,4882
6730,4761,4621,5309,2199
6594,7010,7095,7326,8042
2113,3009,3449,2973,3741
5483,4069,6180,5995,5426
4768,3819,3498,6730,4469
5831,5696,3489,5618,3853
4028,3237,3215,5568,3989
7703,6821,6170,6889,6568
3709,4349,4415,4198,4970
6115,8433,4787,5424,6622
4626,3879,5805,3793,8484
6229,6642,7241,6897,5780
6453,5376,4656,4429,3921
5874,8404,4439,6164,4444
3995,5597,4817,4662,5330
6350,6225,7377,5790,8820
4653,4202,4131,4569,3438
7006,5968,5319,6948,5658
6557,7183,6185,5815,6126
5369,7175,4467,4296,5967
3330,2313,2602,3042,2074
5860,5487,5384,4443,5657
8052,6002,7487,6686,7301
6581,6909,6304,7088,5620
4008,3576,3510,5130,4212
5036,6855,5659,4988,6914
5806,6624,5774,7229,6345
3110,4423,3149,3870,4501
6074,6079,6917,5510,7053
3902,5993,5573,4726,7958
4824,5469,4300,6727,3054
5484,4674,4224,4972,3488
5959,7034,5519,7350,5734
2921,2803,2614,2354,3660
6563,4123,7282,4566,3441
6456,6816,6455,6679,7761
2904,3705,4274,2122,4714
1501,4372,2615,2521,2203
4696,3222,5198,5003,3468
5469,8486,5776,7278,8101
3207,3120,3031,4425,3474
5039,5817,6364,5227,7288
4637,5408,5940,5693,6719
7057,5509,6395,6653,5257
6096,6397,7769,5550,7364
3444,4705,5185,6214,5141
4901,4400,3366,5578,3523
7323,6638,6730,7654,5703
5921,6612,5807,6021,6082
6407,8227,8081,7042,7418
5751,6601,6962,7237,7960
6571,5248,7053,6556,6956
5659,5968,4347,3611,3843
4315,5004,3499,4771,3915
7011,3767,6814,4112,4163
3191,3791,3680,5414,4364
4354,4852,2312,4138,4387
8429,7537,8881,8344,8332
2578,3288,1448,3183,1625
4794,3626,5568,3266,5570
5914,5680,6634,3054,6318
2661,2905,3293,3735,3510
5679,6480,8018,6058,7837
4893,3630,4139,3011,4374
3380,3999,3208,3967,2240
7291,6356,5181,7827,4217
4198,4177,4202,4347,4827
5379,4386,5727,6075,4020
5503,6158,5398,4971,6473
5002,6886,6047,4734,7318
3944,5983,4781,4670,5482
5379,3815,5207,4649,5606
2665,7184,4155,3571,4129
2912,4837,3029,3786,2409
3889,3385,3953,3210,3049
5779,5963,7897,6383,7200
7586,4994,4825,6097,2589
4179,4191,3394,4442,3965
4783,4043,5149,4887,4485
3710,3138,5287,3062,6217
5065,5671,6477,5141,6853
4261,4977,5324,4601,5034
1966,1737,2464,1432,1708
3734,4007,4092,5450,4917
3468,2622,4113,4103,1857
4684,8089,2998,5014,5161
3584,2100,4017,2275,2668
3471,3777,5641,3229,6780
6991,5229,5767,5961,5948
3016,4638,3753,5538,6306
7262,6298,7685,5746,7170
1986,1206,2078,1746,1193
5374,6994,6114,6104,7087
3986,3451,3721,5084,3256
4061,3920,5341,4150,5227
5771,7047,8134,6427,8999
6058,6128,6678,5749,6958
3430,3039,1954,3542,1821
4076,5366,5396,3579,5034
5438,5053,5926,6165,4865
3994,3854,5259,4374,5012
3326,6954,3688,6621,6044
5068,5276,4654,3219,3881
6567,3961,5787,6621,3562
5590,4771,3872,5765,2531
3570,5563,6646,5745,6086
7306,6693,7402,6924,6942
6052,6263,7925,6591,8756
5774,7060,6095,5849,7372
5159,3341,7383,2419,5374
3003,3526,4099,2361,3765
6233,4798,4248,6922,4588
6227,6166,5649,6200,5036
6606,4201,7127,5967,5207
5207,2950,7186,4383,4912
5420,5601,6284,6362,3743
7476,6886,7020,6432,6295
6809,7397,7107,7820,7142
3583,3446,3333,2685,4863
7060,6116,7262,7639,6547
4050,3504,4801,4185,5837
5862,5667,4733,4815,7150
5582,3363,5661,3476,2951
5361,7211,6841,5380,6601
5062,5828,3867,4354,5478
6782,3688,5247,5803,5082
6695,5995,4889,7011,4645
3479,2473,2370,4681,3219
2828,4279,2931,3703,2932
5381,6115,6249,5230,6449
6185,5401,3819,5999,5642
4831,8039,5036,4952,4932
5468,7677,5811,6328,6069
4094,2495,3704,5829,2604
1430,2085,2358,2053,2764
6536,5109,5821,6618,4574
3098,2957,3349,2912,4432
5806,4831,7048,5644,5162
3200,3842,4455,4816,3075
3641,3355,4522,4995,5139
4362,5380,3884,4636,4168
3688,4494,4351,3736,6259
8007,6065,7995,6963,7284
6109,4560,6490,4031,6880
4194,6123,4211,2877,6647
2002,2607,3702,2325,4387
3594,4994,2653,6512,4752
6529,7163,5645,5843,6166
5863,5670,6133,7670,4627
6297,5287,5269,3410,4969
6519,5143,6208,5522,5619
4960,3432,3564,3735,3762
5187,3697,4216,4585,5808
4572,4041,3140,3284,3501
6011,6053,4024,6435,3914
6906,4814,7589,6962,7150
1103,1331,1306,1518,1756
5706,5225,5023,4244,6247
5812,6327,7282,6438,6233
5701,3673,5082,2611,4688
7469,3519,4660,7397,2897
6596,5003,7808,5649,6839
3138,3209,2600,4095,3159
5475,3112,5887,6381,3200
4928,5976,4271,4531,3394
4750,3929,3242,3673,3846
3949,4684,2705,4295,3486
4509,5859,3730,7405,6291
6287,6189,7055,5314,6855
4392,2563,2616,3852,5062
6187,5205,5915,3215,6040
1649,2465,2483,2009,2392
8202,5543,7576,7800,7031
8041,4510,6274,6956,5011
8141,7631,7713,6368,7840
6946,4684,1940,5359,3784
7263,6765,8055,6654,7903
4982,5836,3188,6302,3623
4119,3105,3545,3429,4001
6989,6246,7075,6959,7210
6446,5600,7037,5927,4744
5819,6071,4950,7596,5616
5737,4618,4690,5046,4472
5393,4721,3963,3289,5762
4157,4265,5613,2782,6069
6557,733,7081,3101,5043
7011,5561,4881,5812,4991
4270,3936,3890,3951,3136
6542,5148,5219,6223,6749
4290,5523,3175,4127,5003
3869,4869,3905,5982,4686
7139,7855,8097,7380,7900
6819,5587,6968,5509,6476
5145,6957,4578,6239,7057
5953,6594,5625,5843,5030
5568,3909,4510,3883,6371
7076,5651,6640,6920,5284
5583,4915,3903,4459,4078
6240,2630,5045,5715,1611
7258,5763,5570,6313,6222
5488,6156,3544,8082,3538
5163,3139,2769,4915,2927
4427,4631,4123,4006,4067
5006,3556,5872,6747,4209
3686,5748,4619,6425,6375
5452,3517,5084,3835,5409
3048,1821,2851,2671,2650
3919,8540,2309,6321,7416
5522,4530,6501,5967,5337
5803,6325,7224,6317,6610
5619,6580,5900,4642,5954
4536,5198,3660,5946,5194
6714,6352,7147,5912,7887
2634,2534,2411,4099,2491
4408,4805,3537,4897,4067
4132,5287,6079,4054,4168
4945,3338,3131,6572,2392
4616,4731,7267,4164,4979
6143,7732,6384,5963,7362
4451,5607,4705,3123,3656
2402,5592,3527,5405,5541
4539,2595,5035,4871,2544
3446,2740,3913,3367,3535
6197,6410,4981,5982,4488
8034,7531,7780,6933,7749
4772,4368,3217,5496,3368
6311,7222,6343,8929,6340
5109,4545,4894,3547,5476
4175,5878,6013,6337,5313
4402,3881,4958,3288,5162
2326,7190,3345,5765,7920
7343,6044,5982,7518,6921
2907,2715,3236,2451,3509
4817,5279,6086,5718,5775
5000,4849,5907,5077,4596
7181,6748,7063,6455,6427
3086,3974,4284,2076,4385
4387,5453,5933,7222,6689
5923,6881,4655,5127,4647
5716,5593,6280,5532,6721
6159,4663,4094,5819,2522
7000,6375,5895,6626,7580
3429,5543,3719,5941,4463
5404,3222,3163,4502,4582
2795,2654,3070,2460,2866
6540,4164,4080,4618,3432
4538,6108,3974,5358,4825
3838,2526,3796,3913,3962
6161,5513,5664,5833,4049
5461,6974,4811,5338,6320
4543,6146,4163,4287,6657
3894,5634,3935,4241,5205
3844,6507,6005,6102,4918
3137,7272,2339,5088,7614
4524,3208,4969,3954,3998
5701,6641,6540,5575,7834
3536,6204,3690,4585,4847
7459,7312,7256,7160,6585
3946,4639,6369,4522,7089
5663,5737,5679,6866,6341
6148,6740,6287,6767,8081
5769,5129,5417,6245,3695
4516,6594,4168,7779,6481
4830,5074,5616,5314,6108
7263,6762,7533,7875,6944
6062,5446,7331,6280,6073
8456,4079,6828,5395,6047
2376,3495,2818,3877,5348
3096,1747,2594,2342,2543
4162,6773,3219,5329,4911
6797,8281,7349,6189,7959
