500 5
0.477626 0.218542 0.482153 0.288347 0.168631 
0.352685 0.373832 0.273546 0.371659 0.389939 
0.414739 0.223875 0.463214 0.282888 0.274893 
0.291524 0.409427 0.390167 0.400445 0.406960 
0.690748 0.470707 0.367952 0.650719 0.345569 
0.298183 0.375111 0.486839 0.256454 0.456886 
0.810682 0.491421 0.607730 0.598237 0.598360 
0.500043 0.206882 0.413568 0.523856 0.299053 
0.364398 0.660818 0.347332 0.535293 0.671355 
0.492627 0.718850 0.444222 0.450074 0.489161 
0.662298 0.761983 0.753195 0.716426 0.692342 
0.550024 0.710217 0.478198 0.557853 0.302587 
0.425679 0.644279 0.402784 0.473982 0.576013 
0.666890 0.712720 0.627470 0.486980 0.666743 
0.729388 0.797157 0.724675 0.667278 0.811186 
0.294106 0.498261 0.210726 0.401744 0.429669 
0.479165 0.497918 0.326544 0.328367 0.643291 
0.440752 0.218402 0.421617 0.547535 0.316268 
0.830368 0.792186 0.832848 0.691137 0.713853 
0.331970 0.398515 0.596333 0.250754 0.571037 
0.737828 0.774329 0.514792 0.819737 0.566355 
0.673204 0.637585 0.690461 0.852479 0.674307 
0.530749 0.651634 0.699263 0.545960 0.666435 
0.466488 0.462071 0.348857 0.459168 0.491028 
0.579276 0.850645 0.591390 0.712690 0.767283 
0.307878 0.216545 0.166844 0.324276 0.302598 
0.397240 0.586344 0.531571 0.327731 0.695023 
0.613156 0.494946 0.404333 0.683451 0.519996 
0.710065 0.501736 0.604188 0.551075 0.521854 
0.786679 0.484169 0.625258 0.691722 0.630270 
0.089037 0.501892 0.223549 0.337556 0.348503 
0.479601 0.568407 0.511272 0.581352 0.643131 
0.331190 0.387636 0.427581 0.276425 0.462692 
0.729926 0.566587 0.834093 0.698012 0.580541 
0.639363 0.397824 0.451607 0.474349 0.375166 
0.470376 0.463755 0.423927 0.425703 0.501236 
0.709518 0.659244 0.713136 0.746620 0.743145 
0.314902 0.494506 0.441515 0.336028 0.498426 
0.593047 0.763559 0.598439 0.736220 0.547919 
0.538499 0.561738 0.487315 0.729267 0.240643 
0.430460 0.527579 0.364085 0.452168 0.347139 
0.491612 0.509902 0.667749 0.400292 0.645223 
0.697152 0.540335 0.708244 0.524271 0.542171 
0.719048 0.768676 0.797934 0.640396 0.832683 
0.684247 0.520862 0.806072 0.657879 0.807564 
0.510348 0.354183 0.340102 0.568087 0.506724 
0.386875 0.490643 0.542148 0.402981 0.523288 
0.676512 0.277382 0.689077 0.630162 0.401947 
0.343527 0.397802 0.241403 0.411814 0.213882 
0.448336 0.534318 0.461592 0.586370 0.505971 
0.326331 0.356631 0.225046 0.402032 0.295391 
0.383164 0.555565 0.392804 0.194176 0.519185 
0.401030 0.691296 0.504163 0.589849 0.619026 
0.303741 0.426499 0.449184 0.523707 0.448774 
0.274743 0.351018 0.330277 0.385295 0.399956 
0.660661 0.646307 0.586237 0.731932 0.674582 
0.580608 0.616456 0.482081 0.494807 0.493938 
0.717750 0.544915 0.569262 0.708312 0.464798 
0.588666 0.727669 0.580356 0.598586 0.830137 
0.682533 0.345690 0.529869 0.337953 0.465033 
0.239320 0.409886 0.454215 0.498435 0.401747 
0.769078 0.581477 0.579595 0.728995 0.550866 
0.384299 0.311964 0.235122 0.300243 0.347911 
0.125143 0.307045 0.281874 0.205939 0.306123 
0.613771 0.592512 0.317101 0.788125 0.464653 
0.595600 0.548262 0.608040 0.634131 0.803366 
0.429568 0.486296 0.713341 0.423855 0.579562 
0.357634 0.329240 0.519210 0.339548 0.572975 
0.607807 0.586243 0.447656 0.441684 0.295247 
0.559185 0.557266 0.318978 0.468988 0.657413 
0.507890 0.599783 0.407975 0.459459 0.099267 
0.355839 0.251390 0.376406 0.340217 0.225393 
0.708934 0.518555 0.665282 0.688504 0.564927 
0.275868 0.343441 0.660710 0.435631 0.335243 
0.358780 0.169875 0.306296 0.349551 0.388467 
0.478300 0.389694 0.469740 0.344339 0.348256 
0.566651 0.283815 0.477184 0.462872 0.425895 
0.404894 0.515186 0.508910 0.552898 0.372123 
0.533085 0.475468 0.680629 0.550185 0.531955 
0.448554 0.339157 0.454076 0.346022 0.476393 
0.583423 0.677364 0.461009 0.613309 0.635229 
0.562468 0.490539 0.593174 0.691155 0.427555 
0.194908 0.173976 0.223664 0.222027 0.172373 
0.411034 0.529756 0.395492 0.492762 0.449433 
0.725396 0.560178 0.729236 0.563462 0.694439 
0.567133 0.448628 0.747943 0.469457 0.549305 
0.674420 0.569410 0.675194 0.460448 0.472780 
0.345380 0.581276 0.469308 0.639787 0.413465 
0.565547 0.678889 0.606989 0.441397 0.341085 
0.689571 0.630518 0.397568 0.679768 0.496508 
0.732539 0.560422 0.625265 0.717517 0.663287 
0.280081 0.133599 0.244446 0.222120 0.136965 
0.501889 0.250590 0.481815 0.459285 0.489296 
0.350303 0.386440 0.288351 0.342965 0.335758 
0.480529 0.646790 0.596141 0.631862 0.560714 
0.472312 0.385438 0.589987 0.603013 0.412088 
0.159960 0.397375 0.301317 0.286434 0.400445 
0.373738 0.387333 0.646494 0.460075 0.374270 
0.625908 0.722503 0.517011 0.734571 0.688939 
0.761294 0.593770 0.665710 0.747257 0.499643 
0.591249 0.718694 0.590780 0.606152 0.615359 
0.647755 0.724707 0.563925 0.689668 0.616209 
0.565287 0.530150 0.412231 0.635533 0.384082 
0.478795 0.654633 0.283407 0.678667 0.476465 
0.686080 0.654413 0.608034 0.517679 0.585474 
0.345162 0.471471 0.315500 0.365276 0.320234 
0.489853 0.386445 0.455292 0.422836 0.323159 
0.244643 0.396867 0.595017 0.313986 0.704666 
0.293609 0.456889 0.274251 0.315337 0.302303 
0.458750 0.215135 0.315025 0.490963 0.250169 
0.701520 0.513971 0.703599 0.598866 0.579918 
0.434773 0.658771 0.722578 0.369904 0.659933 
0.356558 0.452379 0.252991 0.386498 0.426336 
0.790912 0.836370 0.782839 0.749041 0.679249 
0.515176 0.661723 0.650125 0.780380 0.646832 
0.667100 0.698465 0.583038 0.679568 0.675840 
0.496352 0.457796 0.565768 0.425764 0.351784 
0.603490 0.520288 0.358079 0.539546 0.587079 
0.743745 0.606982 0.675036 0.540728 0.654401 
0.479098 0.436461 0.616987 0.542126 0.541195 
0.660486 0.410694 0.457918 0.495217 0.420656 
0.624150 0.767244 0.501516 0.673289 0.688168 
0.573910 0.258731 0.488372 0.548732 0.442255 
0.344852 0.495803 0.262009 0.354705 0.404092 
0.496290 0.325118 0.210254 0.656659 0.357026 
0.687968 0.430829 0.464388 0.701624 0.505595 
0.404473 0.495149 0.538606 0.316134 0.574984 
0.327163 0.419247 0.280993 0.467790 0.382896 
0.534635 0.527557 0.416435 0.550962 0.374977 
0.309572 0.487568 0.488812 0.231584 0.509918 
0.243157 0.723077 0.481010 0.413173 0.758277 
0.364416 0.467799 0.375570 0.540127 0.424721 
0.600594 0.626993 0.723042 0.544061 0.652842 
0.480067 0.570025 0.425970 0.777311 0.652075 
0.401089 0.306680 0.375681 0.342329 0.348521 
0.253784 0.557649 0.337665 0.341697 0.570428 
0.485896 0.483860 0.788303 0.484884 0.725795 
0.572186 0.641893 0.532452 0.659422 0.545925 
0.493709 0.479386 0.760364 0.396775 0.597462 
0.257652 0.277536 0.377048 0.425482 0.450986 
0.437418 0.537217 0.611257 0.626498 0.586427 
0.437996 0.280804 0.539096 0.348021 0.502390 
0.436817 0.460006 0.325959 0.367087 0.316622 
0.540208 0.497354 0.363564 0.327546 0.392633 
0.532075 0.691595 0.529807 0.590178 0.597850 
0.678632 0.434675 0.350440 0.494367 0.353707 
0.353544 0.290440 0.263077 0.208140 0.171482 
0.442229 0.780796 0.419944 0.682192 0.466204 
0.781783 0.434475 0.727216 0.512083 0.555923 
0.271933 0.369780 0.391779 0.286540 0.257614 
0.631607 0.627772 0.774581 0.730566 0.590466 
0.432032 0.485113 0.399519 0.401627 0.535739 
0.724554 0.641765 0.743868 0.597663 0.611652 
0.338904 0.540280 0.441960 0.464948 0.336961 
0.527693 0.444238 0.377148 0.327803 0.522933 
0.741636 0.544472 0.870479 0.493465 0.702140 
0.599909 0.569965 0.766804 0.564572 0.573373 
0.416415 0.614974 0.299926 0.556902 0.235469 
0.601431 0.365841 0.665189 0.507166 0.788516 
0.558836 0.294241 0.422240 0.494054 0.639458 
0.737643 0.546940 0.580855 0.505873 0.729862 
0.479491 0.521175 0.411873 0.714549 0.429390 
0.684923 0.731225 0.617612 0.796464 0.661642 
0.393194 0.359747 0.425428 0.548462 0.487854 
0.420595 0.367643 0.259645 0.482234 0.163707 
0.475212 0.547467 0.456381 0.602790 0.510170 
0.147182 0.112479 0.121638 0.130913 0.092918 
0.565390 0.290319 0.403939 0.528588 0.325728 
0.647814 0.783327 0.674142 0.699658 0.795779 
0.357825 0.390696 0.256350 0.301150 0.239625 
0.166685 0.250400 0.111783 0.243109 0.187205 
0.550221 0.565237 0.463005 0.550030 0.380892 
0.763253 0.370124 0.650472 0.531874 0.594694 
0.551589 0.623669 0.716486 0.550516 0.718561 
0.188579 0.308133 0.136875 0.371933 0.117500 
0.589855 0.569234 0.359748 0.492166 0.395911 
0.753229 0.786090 0.633223 0.871289 0.638320 
0.605546 0.273743 0.496412 0.443737 0.582316 
0.624650 0.782441 0.730304 0.690250 0.694762 
0.561155 0.640158 0.556962 0.421713 0.571681 
0.511486 0.633730 0.546197 0.667062 0.694842 
0.449396 0.224350 0.405909 0.392882 0.394605 
0.653622 0.362771 0.602655 0.437611 0.489965 
0.260594 0.291173 0.208604 0.281242 0.234553 
0.536053 0.408170 0.607623 0.556041 0.355084 
0.380626 0.364218 0.301504 0.375100 0.286265 
0.448264 0.324278 0.269313 0.497486 0.315801 
0.661792 0.656035 0.405431 0.618958 0.560991 
0.363785 0.323514 0.408710 0.378147 0.369490 
0.282830 0.323001 0.363943 0.148407 0.384864 
0.327782 0.619739 0.332789 0.333337 0.501392 
0.310761 0.478952 0.390685 0.352252 0.432611 
0.377088 0.483626 0.321389 0.670871 0.338967 
0.571346 0.456082 0.539212 0.528599 0.561163 
0.687261 0.579220 0.623487 0.632698 0.504485 
0.737389 0.610631 0.603096 0.728301 0.746325 
0.589161 0.643950 0.699690 0.611490 0.550819 
0.167125 0.261913 0.164030 0.224020 0.184439 
0.653174 0.582784 0.537961 0.630559 0.400685 
0.506777 0.552679 0.565381 0.224727 0.628077 
0.319383 0.284401 0.210129 0.488201 0.195738 
0.781099 0.678463 0.561641 0.597044 0.730125 
0.764702 0.522499 0.713388 0.755573 0.639334 
0.632803 0.546808 0.500282 0.530238 0.504000 
0.629835 0.603444 0.628081 0.527646 0.759300 
0.601654 0.578183 0.791640 0.517306 0.757986 
0.690525 0.664775 0.535638 0.805532 0.459443 
0.724207 0.826027 0.693600 0.898641 0.714934 
0.186767 0.280306 0.320113 0.435138 0.372758 
0.411213 0.608969 0.505915 0.356664 0.554558 
0.718535 0.543775 0.361478 0.492343 0.496594 
0.484402 0.509179 0.500786 0.381511 0.737911 
0.673217 0.544476 0.711558 0.637753 0.556426 
0.423310 0.430830 0.566551 0.369361 0.655908 
0.539328 0.568044 0.623540 0.439681 0.436099 
0.325839 0.274444 0.355960 0.102111 0.265797 
0.583075 0.589170 0.570677 0.495021 0.574295 
0.376958 0.455638 0.519575 0.487961 0.528037 
0.498882 0.727682 0.606047 0.493693 0.604209 
0.651082 0.676975 0.745405 0.680494 0.683402 
0.376460 0.362078 0.417803 0.283637 0.500192 
0.326399 0.508645 0.349574 0.488233 0.524343 
0.535894 0.420180 0.502723 0.435017 0.538936 
0.258710 0.247134 0.290715 0.224026 0.271030 
0.360735 0.544741 0.451534 0.439837 0.633394 
0.437566 0.631124 0.337868 0.735110 0.489973 
0.303399 0.617366 0.306492 0.463768 0.452936 
0.551970 0.229651 0.539435 0.347065 0.419633 
0.326223 0.364527 0.184228 0.441196 0.353967 
0.576018 0.541619 0.616060 0.595925 0.689854 
0.197359 0.215632 0.287120 0.109860 0.218771 
0.239968 0.253815 0.310119 0.283507 0.216398 
0.644470 0.565900 0.621716 0.570585 0.828757 
0.411043 0.209936 0.399689 0.386221 0.293681 
0.715996 0.740614 0.457881 0.683090 0.424369 
0.690290 0.580126 0.756502 0.625296 0.812104 
0.354830 0.594690 0.304622 0.594619 0.720121 
0.549818 0.329339 0.729021 0.511639 0.459259 
0.427651 0.600066 0.498402 0.553798 0.588546 
0.630378 0.633270 0.419596 0.463977 0.138250 
0.274116 0.676573 0.090730 0.551838 0.469429 
0.548516 0.512865 0.598561 0.518481 0.359853 
0.164107 0.383696 0.242690 0.342490 0.227067 
0.599004 0.256563 0.703731 0.456558 0.535036 
0.664436 0.715838 0.719226 0.717181 0.775136 
0.459311 0.267617 0.303913 0.281732 0.488796 
0.534878 0.426932 0.714421 0.635454 0.330393 
0.333174 0.563131 0.298684 0.510277 0.386220 
0.525423 0.218504 0.584872 0.554726 0.359287 
0.653108 0.415209 0.488195 0.500084 0.483268 
0.536706 0.663293 0.414128 0.521415 0.608820 
0.320436 0.388603 0.357795 0.241374 0.333994 
0.651131 0.724753 0.678788 0.828749 0.550721 
0.328612 0.494556 0.717760 0.521997 0.729982 
0.581268 0.766077 0.687350 0.582633 0.823723 
0.421107 0.376321 0.346068 0.426901 0.410162 
0.303756 0.364493 0.376226 0.356494 0.283402 
0.483366 0.497747 0.623716 0.516375 0.322623 
0.341405 0.318068 0.369536 0.278362 0.325235 
0.326521 0.360089 0.346644 0.356903 0.436144 
0.601937 0.445594 0.426991 0.493777 0.314344 
0.425440 0.565067 0.532309 0.456580 0.803209 
0.336907 0.282653 0.346353 0.338116 0.311517 
0.377158 0.288215 0.277232 0.323044 0.323088 
0.347549 0.303797 0.514958 0.352936 0.504152 
0.455447 0.534263 0.595267 0.432105 0.679404 
0.316014 0.649421 0.259199 0.719986 0.451685 
0.552058 0.726260 0.597420 0.533246 0.488296 
0.448776 0.345766 0.458099 0.437985 0.385937 
0.480411 0.500652 0.620439 0.609238 0.475591 
0.553867 0.568409 0.596314 0.474665 0.750932 
0.615018 0.510773 0.640811 0.566435 0.591795 
0.299588 0.538016 0.687164 0.426467 0.645378 
0.388441 0.270309 0.316583 0.303128 0.355117 
0.617588 0.488565 0.454713 0.526144 0.520285 
0.412139 0.578287 0.521950 0.390308 0.531340 
0.225342 0.367870 0.488546 0.401555 0.475294 
0.295798 0.374936 0.288498 0.478695 0.268532 
0.590654 0.697412 0.684278 0.614328 0.565707 
0.197498 0.246489 0.157838 0.248520 0.136264 
0.417044 0.583225 0.619625 0.366260 0.679549 
0.675726 0.466699 0.386674 0.527081 0.328228 
0.475629 0.711073 0.415617 0.487613 0.276631 
0.398932 0.391694 0.440413 0.434601 0.290122 
0.465862 0.583102 0.428285 0.603029 0.498257 
0.550355 0.497621 0.465503 0.727776 0.616206 
0.406838 0.611994 0.328612 0.447097 0.542648 
0.524353 0.765256 0.569040 0.578668 0.957115 
0.351027 0.400947 0.420444 0.538524 0.239174 
0.428005 0.584660 0.448382 0.476917 0.397797 
0.413337 0.149559 0.274067 0.248747 0.246581 
0.717402 0.799860 0.780119 0.755635 0.819107 
0.582927 0.558225 0.529439 0.548720 0.655947 
0.768071 0.593667 0.604354 0.613938 0.752535 
0.409417 0.579846 0.488955 0.600851 0.487334 
0.646394 0.564126 0.255408 0.775545 0.451137 
0.463878 0.328520 0.337683 0.436094 0.354681 
0.459061 0.451739 0.537388 0.394231 0.650241 
0.247998 0.385181 0.358497 0.202816 0.450708 
0.448076 0.491610 0.577167 0.648384 0.556850 
0.608725 0.753980 0.460724 0.584338 0.344575 
0.574706 0.609835 0.742326 0.532227 0.696094 
0.595836 0.550260 0.534021 0.619159 0.554562 
0.543576 0.616185 0.346599 0.528511 0.608673 
0.722049 0.563134 0.749642 0.677967 0.539987 
0.357118 0.474989 0.429372 0.418343 0.556678 
0.489260 0.452590 0.400062 0.428007 0.436066 
0.135685 0.126782 0.139474 0.124223 0.154656 
0.702016 0.448222 0.576674 0.344492 0.669244 
0.355919 0.649908 0.301460 0.518999 0.537862 
0.660237 0.564445 0.813545 0.656956 0.644983 
0.490410 0.406244 0.522063 0.501549 0.380999 
0.644191 0.368374 0.555196 0.475763 0.488351 
0.704598 0.566625 0.397986 0.468634 0.572831 
0.531574 0.385633 0.387018 0.405093 0.455116 
0.533559 0.393194 0.638932 0.512367 0.516396 
0.629951 0.716771 0.628960 0.777876 0.744857 
0.368800 0.481061 0.488848 0.398363 0.327787 
0.317508 0.330108 0.426392 0.503372 0.248054 
0.281102 0.400405 0.579882 0.284993 0.418425 
0.335526 0.426045 0.387398 0.365581 0.322618 
0.751619 0.752561 0.733124 0.654108 0.467589 
0.633445 0.434374 0.532547 0.457585 0.558545 
0.621934 0.694795 0.703557 0.499238 0.608894 
0.454933 0.285907 0.631690 0.412714 0.623074 
0.487855 0.489450 0.612814 0.387648 0.608393 
0.588024 0.376684 0.603436 0.376481 0.637944 
0.315856 0.359555 0.526818 0.250609 0.390955 
0.684688 0.504477 0.659304 0.613257 0.649217 
0.422130 0.299574 0.725427 0.295035 0.547712 
0.487691 0.719067 0.381904 0.680913 0.647536 
0.367786 0.380944 0.417187 0.392847 0.242685 
0.288382 0.584922 0.340079 0.676783 0.437024 
0.359719 0.382364 0.317859 0.411581 0.399489 
0.264074 0.215543 0.301677 0.428699 0.328710 
0.285799 0.453946 0.451066 0.243357 0.468482 
0.441094 0.532452 0.544316 0.472725 0.673414 
0.639496 0.318206 0.740997 0.586213 0.443890 
0.303119 0.494026 0.449026 0.305345 0.522516 
0.092874 0.077751 0.091223 0.108455 0.050439 
0.452559 0.541823 0.468667 0.535842 0.533993 
0.515982 0.208049 0.422245 0.458756 0.181234 
0.509152 0.294309 0.292566 0.271771 0.301688 
0.374767 0.272238 0.349365 0.384865 0.322700 
0.336998 0.342818 0.537462 0.460496 0.436746 
0.475016 0.502707 0.516704 0.612560 0.347931 
0.614386 0.594105 0.327315 0.505550 0.421285 
0.367240 0.350364 0.300508 0.305315 0.282664 
0.297626 0.387543 0.247648 0.381922 0.391148 
0.307683 0.715868 0.720935 0.310106 0.721296 
0.732667 0.714487 0.685707 0.604185 0.719533 
0.193488 0.318154 0.260617 0.269840 0.269589 
0.539960 0.779838 0.450027 0.686988 0.706965 
0.321891 0.269758 0.426478 0.149253 0.344037 
0.388254 0.578698 0.413200 0.420534 0.417898 
0.484275 0.355814 0.477162 0.361094 0.552036 
0.649340 0.748128 0.515439 0.637261 0.727429 
0.481146 0.432469 0.252208 0.274167 0.301981 
0.300752 0.433882 0.366178 0.361698 0.456504 
0.679470 0.813351 0.629987 0.793920 0.550270 
0.758968 0.334912 0.531694 0.591585 0.490320 
0.539930 0.404469 0.378284 0.623595 0.189924 
0.431393 0.392246 0.314612 0.341533 0.233334 
0.523481 0.696026 0.602318 0.576707 0.621037 
0.739649 0.557924 0.606318 0.658499 0.790432 
0.331044 0.562715 0.256045 0.340127 0.315226 
0.378505 0.453330 0.538634 0.622747 0.490466 
0.516495 0.371191 0.409652 0.580082 0.517021 
0.707416 0.355632 0.610081 0.464008 0.399854 
0.557085 0.549223 0.622864 0.682083 0.403594 
0.477441 0.434159 0.791432 0.470763 0.584553 
0.560168 0.671724 0.662052 0.508232 0.575415 
0.286099 0.467447 0.339294 0.357313 0.524461 
0.527635 0.439740 0.494868 0.551346 0.575147 
0.687629 0.467085 0.624473 0.524535 0.573207 
0.516514 0.519822 0.455890 0.432276 0.587664 
0.155583 0.289444 0.257793 0.202259 0.168610 
0.516402 0.602505 0.699637 0.567432 0.528613 
0.388136 0.313549 0.453770 0.337413 0.341481 
0.360079 0.290628 0.487157 0.397741 0.257826 
0.405429 0.553540 0.430761 0.446200 0.334182 
0.343887 0.386675 0.271068 0.417800 0.383440 
0.350939 0.367865 0.488616 0.241371 0.477059 
0.338986 0.407469 0.656263 0.181323 0.364447 
0.274524 0.326414 0.234396 0.331957 0.383413 
0.565546 0.258540 0.566738 0.391683 0.459318 
0.690113 0.689101 0.555700 0.686568 0.783644 
0.387960 0.507872 0.527270 0.373870 0.445431 
0.460523 0.334987 0.382793 0.468587 0.210200 
0.446808 0.325133 0.419969 0.525194 0.327884 
0.841574 0.671453 0.712672 0.754729 0.646858 
0.260704 0.317273 0.314446 0.282144 0.266936 
0.661779 0.475060 0.649085 0.541981 0.538630 
0.444977 0.643941 0.376415 0.619086 0.504511 
0.408917 0.731568 0.390182 0.752279 0.513951 
0.585043 0.325872 0.719482 0.432162 0.664606 
0.701805 0.558199 0.494701 0.782438 0.514906 
0.483823 0.300887 0.535689 0.670579 0.341458 
0.247959 0.344716 0.334299 0.426549 0.447639 
0.179501 0.182985 0.370239 0.156641 0.370309 
0.227088 0.583473 0.261142 0.727138 0.420035 
0.709764 0.711862 0.773371 0.618199 0.735513 
0.708943 0.661693 0.734280 0.752765 0.711174 
0.457996 0.608581 0.372772 0.497803 0.465586 
0.719556 0.510378 0.648293 0.709124 0.438665 
0.669941 0.472843 0.446232 0.486730 0.472597 
0.632218 0.631204 0.511536 0.652640 0.360962 
0.672915 0.383950 0.559229 0.366388 0.456718 
0.393487 0.494949 0.385678 0.491378 0.321745 
0.496410 0.562146 0.351198 0.573501 0.460231 
0.170266 0.273804 0.223059 0.259518 0.161633 
0.502385 0.675213 0.496817 0.514053 0.506780 
0.526673 0.407530 0.420921 0.350732 0.342552 
0.555369 0.606770 0.437960 0.421861 0.646497 
0.447190 0.480832 0.294366 0.267604 0.465326 
0.744207 0.567031 0.671428 0.584758 0.627490 
0.601249 0.462064 0.656261 0.497670 0.727026 
0.527029 0.462936 0.603109 0.451739 0.463314 
0.355820 0.516090 0.703595 0.440964 0.703566 
0.708312 0.493055 0.566625 0.638166 0.680242 
0.460165 0.418082 0.549004 0.643540 0.486959 
0.488093 0.371209 0.258280 0.408428 0.326288 
0.654435 0.703455 0.653415 0.604928 0.729839 
0.529694 0.494147 0.356322 0.710370 0.374355 
0.654675 0.509456 0.543569 0.545063 0.562720 
0.574490 0.686347 0.533472 0.411811 0.496011 
0.278898 0.709327 0.357030 0.302823 0.637880 
0.581411 0.589456 0.590179 0.652529 0.706114 
0.344705 0.301648 0.401393 0.212426 0.357447 
0.653675 0.532309 0.488171 0.445236 0.647262 
0.771073 0.796550 0.702677 0.847793 0.775093 
0.367910 0.239043 0.324846 0.149793 0.281678 
0.426421 0.622239 0.646460 0.496503 0.541813 
0.244781 0.293955 0.238773 0.305198 0.151251 
0.570738 0.579198 0.394991 0.425353 0.623309 
0.271521 0.447269 0.519665 0.416101 0.463303 
0.327125 0.544003 0.485614 0.344692 0.647175 
0.216227 0.482684 0.287883 0.319022 0.480478 
0.509822 0.562378 0.376882 0.268404 0.569538 
0.406362 0.245132 0.418064 0.267136 0.278591 
0.536758 0.650126 0.432449 0.542101 0.803265 
0.365477 0.480246 0.172187 0.412762 0.281533 
0.201599 0.325725 0.365196 0.488412 0.345112 
0.668854 0.498009 0.794461 0.490631 0.732719 
0.311076 0.758978 0.538096 0.517061 0.667353 
0.600141 0.585456 0.743330 0.528358 0.607530 
0.495109 0.457132 0.453231 0.408154 0.368388 
0.409864 0.345577 0.563225 0.358153 0.460198 
0.708535 0.705141 0.569578 0.537218 0.563799 
0.258562 0.291920 0.294208 0.152381 0.306065 
0.463058 0.593803 0.664965 0.347170 0.459555 
0.867155 0.742654 0.784197 0.805490 0.727871 
0.592149 0.560402 0.376360 0.375583 0.334343 
0.516875 0.564621 0.498004 0.569362 0.712332 
0.389954 0.332361 0.323044 0.336382 0.343212 
0.271951 0.656289 0.495855 0.461084 0.439159 
0.463582 0.308267 0.624403 0.411132 0.489633 
0.369399 0.649249 0.438574 0.512986 0.747336 
0.279964 0.424192 0.543475 0.452151 0.632549 
0.487278 0.670900 0.640203 0.295542 0.589786 
0.423445 0.451543 0.340783 0.408774 0.674174 
0.500099 0.750954 0.644640 0.502712 0.744128 
0.488262 0.332405 0.396982 0.267864 0.419398 
0.477675 0.473255 0.582364 0.510821 0.455227 
0.759963 0.686393 0.743032 0.668957 0.766000 
0.519759 0.484381 0.339339 0.310923 0.398808 
0.504636 0.462618 0.684122 0.619999 0.446048 
0.680366 0.533360 0.629717 0.640388 0.408009 
0.149738 0.504518 0.420962 0.387206 0.568423 
0.505216 0.555322 0.510189 0.445001 0.328859 
0.452495 0.457307 0.334504 0.500803 0.503261 
0.487332 0.481374 0.561945 0.365611 0.419005 
0.302168 0.204244 0.237527 0.243679 0.284974 
0.225751 0.273000 0.286853 0.208664 0.467121 
0.305869 0.476129 0.272363 0.545219 0.397759 
0.708094 0.557413 0.692379 0.557996 0.776770 
0.495034 0.544126 0.674760 0.551860 0.796946 
0.593493 0.743059 0.585136 0.839894 0.686339 
0.572814 0.257004 0.434166 0.404286 0.669570 
0.500737 0.661340 0.342875 0.518912 0.335353 
0.433968 0.593288 0.403802 0.164094 0.465418 
0.681976 0.736088 0.757751 0.816444 0.772295 
0.527856 0.525919 0.602090 0.621955 0.595116 
0.561148 0.568792 0.503340 0.453742 0.524988 
0.268768 0.667129 0.428834 0.498715 0.481378 
0.662332 0.601670 0.564353 0.767354 0.486390 
0.337084 0.285577 0.255996 0.386113 0.283712 
0.881578 0.751835 0.713543 0.685080 0.641073 
0.329719 0.402007 0.359485 0.480662 0.302839 
0.415623 0.461177 0.522960 0.360411 0.455529 
0.562784 0.518539 0.498264 0.390499 0.373841 
0.547015 0.534735 0.472859 0.518390 0.351509 
0.502036 0.654120 0.340236 0.603111 0.426181 
0.359049 0.191540 0.263728 0.321333 0.340133 
0.636427 0.603254 0.596950 0.634422 0.585916 
0.405890 0.602646 0.445646 0.523915 0.355678 
0.467974 0.397320 0.451390 0.330078 0.444064 
0.497720 0.408494 0.542534 0.577853 0.506669 
0.418277 0.527132 0.343671 0.395505 0.526937 
0.498609 0.487094 0.521272 0.261883 0.676490 
