100 6
0.643418 0.549243 0.650078 0.284437 0.596627 0.448440 
0.678347 0.529527 0.662043 0.481723 0.772794 0.515122 
0.371896 0.647915 0.399200 0.633763 0.520481 0.695361 
0.761510 0.802970 0.832533 0.802961 0.777524 0.772344 
0.568279 0.605369 0.476345 0.604848 0.683526 0.410054 
0.287115 0.307402 0.381003 0.273016 0.369605 0.219243 
0.655578 0.357024 0.670517 0.393186 0.549387 0.436979 
0.377849 0.491197 0.403572 0.429974 0.358854 0.333951 
0.490343 0.611329 0.623353 0.530750 0.587236 0.559371 
0.319195 0.715933 0.458033 0.479613 0.378090 0.524492 
0.646270 0.359356 0.435100 0.535528 0.521199 0.440052 
0.835819 0.539662 0.512239 0.644375 0.656446 0.505493 
0.320794 0.398094 0.396420 0.430603 0.315134 0.442882 
0.612727 0.406248 0.525300 0.388428 0.598760 0.511591 
0.665218 0.848538 0.734514 0.760882 0.777506 0.717066 
0.451707 0.478136 0.557464 0.510228 0.688736 0.503468 
0.318784 0.297392 0.213552 0.249110 0.373244 0.331797 
0.417429 0.310419 0.301706 0.418294 0.380739 0.209307 
0.703761 0.790002 0.637313 0.855780 0.753129 0.658312 
0.497720 0.424331 0.508101 0.491088 0.545132 0.411184 
0.526460 0.418438 0.349848 0.425537 0.595487 0.391590 
0.349158 0.521391 0.501554 0.370330 0.374831 0.391800 
0.487983 0.550347 0.527325 0.419852 0.489523 0.416334 
0.773046 0.784589 0.718079 0.845591 0.673574 0.741963 
0.431077 0.310449 0.349392 0.521445 0.342114 0.365806 
0.634476 0.655553 0.422859 0.755230 0.439129 0.585185 
0.509769 0.541956 0.531539 0.644106 0.578169 0.489876 
0.640103 0.520935 0.436450 0.596954 0.439331 0.510813 
0.600570 0.487996 0.736704 0.716801 0.414405 0.649651 
0.444514 0.336824 0.562403 0.248460 0.339233 0.625708 
0.562642 0.520739 0.405740 0.713084 0.408023 0.499553 
0.378769 0.371635 0.645402 0.398966 0.448911 0.600417 
0.512606 0.253714 0.477187 0.518479 0.631179 0.462211 
0.534133 0.633210 0.526355 0.534932 0.576825 0.540881 
0.402720 0.453740 0.376732 0.336537 0.555089 0.282557 
0.693581 0.467928 0.538473 0.441397 0.673610 0.274694 
0.462404 0.282945 0.432386 0.273428 0.522875 0.373289 
0.612138 0.583435 0.628095 0.687969 0.575528 0.636821 
0.350660 0.517458 0.398161 0.361749 0.655171 0.450706 
0.689884 0.487698 0.475137 0.494909 0.468056 0.336173 
0.691338 0.699487 0.505530 0.733419 0.749057 0.528757 
0.484873 0.423073 0.518194 0.413225 0.490879 0.223884 
0.362300 0.337407 0.438398 0.349003 0.474640 0.313920 
0.678563 0.525303 0.661518 0.427319 0.652574 0.534222 
0.657899 0.360231 0.585785 0.399233 0.626620 0.401689 
0.519978 0.770166 0.505317 0.731749 0.458893 0.674354 
0.700579 0.692870 0.565401 0.708648 0.655991 0.601130 
0.467938 0.491884 0.395284 0.420008 0.446216 0.423754 
0.468778 0.449617 0.372106 0.528549 0.370158 0.430204 
0.376078 0.406145 0.272026 0.196993 0.344438 0.221312 
0.746504 0.429785 0.811342 0.419165 0.598440 0.457548 
0.386005 0.304786 0.374364 0.324051 0.462732 0.402033 
0.435774 0.286794 0.492548 0.286953 0.365851 0.325365 
0.315064 0.821873 0.556363 0.541778 0.584426 0.581805 
0.600408 0.731140 0.695947 0.747995 0.563623 0.628228 
0.316654 0.418599 0.356030 0.240388 0.305141 0.418936 
0.632009 0.376290 0.689399 0.577458 0.597181 0.353390 
0.446419 0.480968 0.520128 0.566995 0.605390 0.517318 
0.621734 0.591551 0.421424 0.529599 0.602089 0.385760 
0.709930 0.720903 0.566679 0.597762 0.749875 0.533014 
0.295712 0.294719 0.210016 0.439618 0.233291 0.356888 
0.402647 0.695751 0.578669 0.408537 0.688686 0.467984 
0.544770 0.716333 0.354620 0.367827 0.634650 0.356376 
0.537941 0.745659 0.701432 0.679507 0.474110 0.595059 
0.202153 0.409980 0.146285 0.441767 0.186468 0.385313 
0.646775 0.621405 0.565579 0.727122 0.682353 0.481633 
0.689272 0.538243 0.704380 0.650080 0.509036 0.578250 
0.277824 0.400709 0.246138 0.333861 0.350219 0.311992 
0.403834 0.501726 0.282685 0.622923 0.236086 0.460617 
0.170827 0.235620 0.240984 0.169070 0.269771 0.239965 
0.614133 0.808338 0.520772 0.517322 0.626244 0.600587 
0.565719 0.735665 0.734956 0.620530 0.847891 0.706761 
0.163344 0.370617 0.290773 0.320466 0.338947 0.399831 
0.652091 0.496829 0.581454 0.657279 0.447105 0.489829 
0.592035 0.309168 0.362388 0.532797 0.383253 0.281790 
0.118983 0.550256 0.378084 0.602239 0.386088 0.485480 
0.586714 0.641508 0.485918 0.517934 0.546521 0.586697 
0.238122 0.446948 0.533399 0.316335 0.395530 0.363272 
0.593405 0.638779 0.685793 0.603978 0.761757 0.577938 
0.627275 0.664483 0.664098 0.770646 0.602757 0.695569 
0.573507 0.504527 0.598736 0.430805 0.574513 0.414216 
0.369299 0.600556 0.388058 0.356560 0.332549 0.567956 
0.401312 0.568618 0.215085 0.312633 0.476635 0.341068 
0.434223 0.505630 0.359270 0.263036 0.458822 0.384614 
0.636739 0.448134 0.450816 0.617538 0.312120 0.442716 
0.321175 0.396160 0.230887 0.415830 0.321675 0.261542 
0.429086 0.557175 0.431920 0.567147 0.419326 0.416299 
0.558752 0.653058 0.638280 0.622215 0.678135 0.503267 
0.614839 0.778912 0.520969 0.668856 0.646333 0.377049 
0.399976 0.548284 0.461514 0.446920 0.624193 0.317149 
0.615488 0.365092 0.648007 0.523173 0.447441 0.529979 
0.440567 0.467833 0.687680 0.350841 0.309371 0.780651 
0.340509 0.324886 0.345804 0.405945 0.453498 0.300591 
0.414044 0.401272 0.542889 0.263566 0.532943 0.329925 
0.310786 0.225441 0.559097 0.405103 0.359747 0.338322 
0.672792 0.649186 0.524670 0.728700 0.504277 0.567213 
0.656893 0.625090 0.703207 0.697437 0.698037 0.640549 
0.683498 0.523171 0.566124 0.591171 0.593938 0.497017 
0.477465 0.759869 0.372550 0.790777 0.521968 0.565287 
0.541755 0.759056 0.471305 0.556835 0.565137 0.534425 
