500 7
0.638096 0.368473 0.372548 0.513133 0.399006 0.434996 0.598635 
0.645381 0.435841 0.575332 0.386468 0.521615 0.295430 0.575119 
0.402445 0.390934 0.347992 0.286996 0.386409 0.286324 0.250634 
0.490917 0.723606 0.450610 0.603968 0.622709 0.521505 0.519322 
0.465561 0.298281 0.600283 0.443028 0.477744 0.402972 0.540917 
0.146501 0.431125 0.391380 0.290842 0.230403 0.307770 0.350857 
0.601336 0.491202 0.651854 0.577339 0.484043 0.627382 0.528171 
0.358501 0.379796 0.311710 0.353284 0.507654 0.317286 0.323265 
0.581325 0.768374 0.478439 0.698942 0.566045 0.646738 0.556914 
0.270034 0.495202 0.287979 0.383860 0.294288 0.371752 0.514783 
0.476687 0.825812 0.590234 0.492290 0.691240 0.416090 0.703630 
0.585339 0.561272 0.590027 0.575648 0.562088 0.467841 0.587363 
0.547979 0.531611 0.455127 0.618478 0.391516 0.650946 0.464923 
0.418972 0.476382 0.466617 0.644039 0.412451 0.546817 0.577826 
0.529229 0.433793 0.299020 0.447780 0.530381 0.552646 0.432663 
0.336780 0.464841 0.280590 0.440978 0.316347 0.365231 0.503958 
0.688745 0.681441 0.499383 0.480305 0.663175 0.553078 0.545194 
0.493668 0.302095 0.496478 0.555559 0.422935 0.508682 0.456370 
0.637280 0.648224 0.464574 0.663816 0.447841 0.675397 0.529849 
0.346227 0.277001 0.570290 0.458116 0.466317 0.470034 0.455262 
0.202920 0.435159 0.326942 0.398943 0.324845 0.405202 0.378708 
0.635962 0.679691 0.605139 0.624582 0.709618 0.730308 0.564674 
0.682561 0.454034 0.615516 0.720671 0.520316 0.456851 0.705191 
0.375830 0.516422 0.313363 0.317987 0.438298 0.419812 0.399891 
0.551518 0.529130 0.403511 0.579740 0.582907 0.468270 0.491936 
0.534772 0.766242 0.650812 0.578408 0.710404 0.726368 0.677241 
0.510710 0.519032 0.338981 0.652312 0.301089 0.478683 0.503186 
0.356776 0.454135 0.409543 0.284648 0.494543 0.335096 0.411705 
0.435299 0.333014 0.264145 0.729527 0.388112 0.265848 0.401362 
0.329711 0.458627 0.403752 0.540661 0.479674 0.566488 0.646384 
0.757989 0.610368 0.596764 0.599874 0.515822 0.631637 0.577679 
0.569242 0.455630 0.543010 0.675840 0.515832 0.387699 0.502816 
0.421465 0.422101 0.622736 0.422436 0.591866 0.477163 0.522301 
0.450271 0.404115 0.271295 0.694449 0.493616 0.425490 0.438624 
0.332778 0.557925 0.377328 0.581532 0.562721 0.546927 0.472454 
0.692697 0.728307 0.714933 0.652121 0.576572 0.781222 0.506623 
0.452857 0.842403 0.569292 0.660104 0.556464 0.655196 0.652548 
0.524943 0.483045 0.583205 0.516012 0.605735 0.673890 0.512257 
0.596157 0.619839 0.344745 0.583224 0.485496 0.547257 0.440780 
0.724166 0.646346 0.682735 0.607559 0.540661 0.837429 0.546530 
0.607822 0.532893 0.566621 0.782394 0.623223 0.478915 0.717999 
0.439101 0.454996 0.657641 0.471835 0.469167 0.669185 0.642679 
0.429469 0.332581 0.269627 0.445324 0.352576 0.479150 0.331415 
0.389682 0.293722 0.403094 0.285279 0.356779 0.344783 0.346004 
0.277554 0.520628 0.187706 0.461678 0.321488 0.286796 0.387120 
0.260765 0.385874 0.304964 0.365340 0.418159 0.373700 0.354629 
0.608060 0.652990 0.607726 0.504662 0.712500 0.705649 0.589300 
0.322453 0.461543 0.280251 0.475586 0.417504 0.380369 0.407853 
0.491185 0.335613 0.569114 0.417670 0.348714 0.648447 0.292227 
0.410960 0.478952 0.513899 0.500372 0.602710 0.649366 0.622649 
0.388628 0.383682 0.611595 0.433121 0.322386 0.596547 0.516842 
0.382185 0.376154 0.631851 0.374157 0.378816 0.456774 0.457102 
0.434132 0.336597 0.492050 0.228115 0.505110 0.273550 0.468594 
0.624699 0.424032 0.851220 0.458404 0.736763 0.685093 0.624118 
0.595104 0.636225 0.687751 0.545365 0.476976 0.659309 0.425595 
0.590259 0.499144 0.433166 0.754320 0.539106 0.573794 0.514262 
0.322312 0.395981 0.414817 0.374938 0.338620 0.398134 0.210150 
0.626645 0.769098 0.444764 0.707268 0.557507 0.619710 0.636450 
0.622441 0.686646 0.470337 0.436279 0.314639 0.863377 0.203392 
0.675755 0.583105 0.618470 0.526837 0.817346 0.540878 0.597321 
0.596793 0.702103 0.591068 0.589297 0.558991 0.555972 0.504719 
0.506344 0.855758 0.613330 0.730738 0.746200 0.684957 0.767894 
0.437094 0.668599 0.583292 0.650311 0.460801 0.687831 0.882785 
0.460070 0.567447 0.539655 0.412537 0.468845 0.418727 0.443720 
0.353392 0.511452 0.512680 0.604657 0.311762 0.692359 0.463064 
0.156670 0.125903 0.177573 0.171806 0.093026 0.211808 0.118028 
0.537269 0.594796 0.458576 0.632942 0.483336 0.473027 0.124213 
0.190027 0.602680 0.694673 0.488140 0.523790 0.536566 0.766601 
0.587145 0.270311 0.667936 0.456587 0.423633 0.414702 0.514401 
0.357371 0.174405 0.372299 0.245045 0.286184 0.465577 0.267962 
0.212671 0.281317 0.192192 0.172492 0.215524 0.298244 0.186941 
0.328807 0.191950 0.342846 0.220471 0.420016 0.297205 0.240906 
0.194957 0.317312 0.398206 0.253332 0.332528 0.311968 0.286743 
0.378629 0.644279 0.638964 0.651560 0.585314 0.545369 0.651096 
0.565889 0.463327 0.426923 0.561424 0.481161 0.488189 0.551116 
0.679909 0.336228 0.719602 0.568460 0.604051 0.452202 0.523186 
0.538610 0.645762 0.582960 0.707948 0.503046 0.622366 0.603845 
0.554655 0.344144 0.580781 0.397788 0.342941 0.627175 0.337958 
0.726967 0.674009 0.659378 0.705110 0.683809 0.611425 0.708146 
0.399137 0.688307 0.306907 0.592464 0.456151 0.669061 0.488406 
0.407136 0.402273 0.412250 0.151721 0.496700 0.299693 0.327273 
0.547462 0.424265 0.643604 0.382509 0.512047 0.380613 0.473790 
0.228622 0.534340 0.425639 0.412639 0.598811 0.330093 0.580196 
0.641850 0.429041 0.600238 0.425218 0.480170 0.498014 0.420132 
0.311213 0.315119 0.412373 0.234146 0.318400 0.336266 0.223655 
0.457899 0.529280 0.402279 0.632822 0.636442 0.545189 0.431698 
0.730665 0.777404 0.783870 0.755410 0.727172 0.752168 0.740473 
0.452888 0.414299 0.646590 0.336679 0.671381 0.350138 0.728573 
0.524885 0.246432 0.427626 0.508888 0.548267 0.349781 0.576303 
0.625759 0.391825 0.507693 0.403964 0.495911 0.616577 0.469087 
0.402299 0.683636 0.249763 0.699499 0.421326 0.667870 0.508031 
0.727432 0.501515 0.567240 0.602909 0.558717 0.582656 0.696431 
0.498223 0.308701 0.662688 0.350572 0.612396 0.467711 0.663561 
0.515439 0.607206 0.484682 0.572742 0.458795 0.613282 0.562062 
0.303337 0.935797 0.358415 0.443805 0.642567 0.469191 0.778899 
0.552943 0.482285 0.401657 0.481092 0.482316 0.654121 0.531240 
0.629549 0.711256 0.543277 0.465335 0.648856 0.472178 0.540040 
0.528571 0.610941 0.435424 0.655266 0.602256 0.409106 0.561568 
0.705417 0.770016 0.715175 0.756917 0.837939 0.688187 0.708069 
0.608328 0.686918 0.518752 0.663458 0.702409 0.793040 0.637838 
0.607573 0.666145 0.366098 0.731809 0.451506 0.593214 0.631411 
0.490470 0.695643 0.460713 0.524304 0.651460 0.491909 0.511182 
0.292014 0.537193 0.313980 0.333530 0.501943 0.459846 0.409996 
0.641682 0.479420 0.514384 0.711332 0.545286 0.810609 0.530813 
0.521649 0.660095 0.496067 0.363864 0.728403 0.263407 0.436392 
0.574039 0.609594 0.567706 0.500073 0.541187 0.625707 0.642531 
0.683525 0.764342 0.674930 0.747002 0.728464 0.614010 0.638032 
0.509321 0.712286 0.636235 0.459276 0.668926 0.640350 0.477220 
0.741981 0.717453 0.773194 0.743340 0.774727 0.764275 0.724056 
0.316255 0.485780 0.482337 0.503830 0.370283 0.468119 0.618585 
0.484604 0.691380 0.407514 0.462198 0.668740 0.375938 0.548530 
0.347615 0.442088 0.459217 0.485754 0.201167 0.780218 0.393872 
0.631504 0.658937 0.704883 0.482319 0.778092 0.382364 0.602991 
0.556356 0.389619 0.539398 0.360056 0.563691 0.385198 0.455721 
0.610794 0.669672 0.533337 0.570163 0.724176 0.469166 0.567653 
0.638154 0.511544 0.541480 0.673378 0.500506 0.528828 0.418275 
0.737948 0.822300 0.469826 0.474296 0.699023 0.600490 0.467715 
0.709046 0.485345 0.353003 0.484529 0.515442 0.426590 0.524894 
0.722052 0.765485 0.676976 0.658480 0.773456 0.596810 0.575635 
0.578011 0.407047 0.497585 0.416275 0.542462 0.546582 0.417604 
0.374731 0.644997 0.454693 0.487358 0.536616 0.482722 0.778076 
0.529408 0.561229 0.627626 0.315580 0.425880 0.515736 0.499197 
0.374649 0.363190 0.428097 0.235454 0.613842 0.262110 0.357124 
0.449586 0.186502 0.409253 0.442489 0.295432 0.465082 0.271717 
0.352835 0.362776 0.576470 0.383279 0.498206 0.377517 0.555423 
0.529577 0.598097 0.578940 0.524490 0.405640 0.704394 0.485636 
0.393415 0.489970 0.472342 0.508181 0.424412 0.596226 0.394191 
0.824199 0.647023 0.594228 0.683066 0.781475 0.624345 0.589005 
0.693389 0.530727 0.548078 0.294425 0.497565 0.694794 0.237163 
0.321931 0.342291 0.534773 0.431820 0.482348 0.266579 0.265159 
0.470284 0.270237 0.414252 0.527331 0.173171 0.446122 0.420495 
0.465921 0.527534 0.488731 0.352372 0.397599 0.612106 0.318807 
0.322966 0.142519 0.359220 0.396831 0.315887 0.310329 0.396604 
0.438714 0.205908 0.452098 0.446968 0.495578 0.356654 0.402976 
0.357586 0.337050 0.449816 0.450780 0.282468 0.500049 0.283675 
0.552395 0.419862 0.332867 0.512433 0.409519 0.578573 0.398802 
0.319196 0.311106 0.370708 0.304436 0.467210 0.250247 0.306218 
0.387750 0.610452 0.238293 0.466394 0.496325 0.379907 0.335224 
0.523979 0.288432 0.329791 0.644288 0.396619 0.411219 0.409212 
0.376739 0.279063 0.523668 0.243387 0.315827 0.436215 0.315142 
0.733400 0.448805 0.653651 0.307856 0.599547 0.640378 0.466641 
0.705818 0.678660 0.738695 0.672761 0.632001 0.703519 0.657760 
0.723681 0.307147 0.631971 0.462026 0.373013 0.668773 0.476865 
0.359055 0.569724 0.463090 0.270887 0.542191 0.469825 0.273139 
0.399657 0.457583 0.554503 0.533635 0.452440 0.410910 0.633476 
0.308592 0.444607 0.261748 0.551278 0.355049 0.365910 0.485340 
0.411919 0.549584 0.575154 0.640525 0.503691 0.562028 0.768045 
0.793967 0.790354 0.705152 0.823110 0.771357 0.748086 0.686408 
0.432313 0.284843 0.553060 0.248254 0.408775 0.407087 0.549009 
0.454170 0.528074 0.465599 0.458033 0.531715 0.406609 0.619428 
0.553466 0.458065 0.582436 0.334122 0.458375 0.365152 0.482247 
0.567837 0.626475 0.453461 0.653841 0.509504 0.559307 0.697480 
0.596411 0.382760 0.668389 0.444336 0.668518 0.488508 0.615677 
0.473263 0.792818 0.456529 0.656964 0.377210 0.601442 0.586620 
0.613729 0.838304 0.551491 0.678546 0.509400 0.682234 0.622209 
0.500121 0.491630 0.381840 0.498764 0.415874 0.507020 0.433373 
0.607378 0.805474 0.595799 0.734975 0.573205 0.658122 0.656798 
0.643117 0.578531 0.737298 0.664740 0.548551 0.531963 0.568253 
0.253056 0.363398 0.498811 0.269850 0.510772 0.381771 0.445073 
0.539792 0.556285 0.658355 0.363738 0.718940 0.468682 0.696655 
0.437564 0.469390 0.380079 0.532922 0.294005 0.486340 0.322084 
0.470983 0.644917 0.338506 0.454359 0.466879 0.424741 0.530549 
0.533759 0.461957 0.324630 0.605217 0.340328 0.389872 0.484205 
0.326474 0.551712 0.243402 0.330059 0.339033 0.285995 0.334335 
0.439390 0.344822 0.351423 0.316371 0.430270 0.394454 0.321094 
0.613373 0.400703 0.519552 0.516862 0.597849 0.493595 0.533016 
0.477995 0.651556 0.466296 0.434039 0.493558 0.526839 0.700611 
0.411895 0.587039 0.346522 0.365600 0.501722 0.413436 0.301758 
0.517244 0.502316 0.363251 0.387120 0.554341 0.308301 0.618443 
0.367646 0.290750 0.406001 0.264681 0.441156 0.438701 0.393419 
0.385834 0.323726 0.379620 0.459093 0.375659 0.588554 0.397677 
0.677376 0.616062 0.610809 0.602157 0.530200 0.619989 0.505098 
0.654724 0.522515 0.582392 0.521478 0.786131 0.367087 0.501269 
0.779256 0.396007 0.659510 0.511694 0.648001 0.590638 0.573919 
0.334348 0.477090 0.423616 0.192211 0.555933 0.312297 0.464539 
0.759018 0.557271 0.675764 0.534670 0.820500 0.551275 0.505686 
0.726869 0.368460 0.872387 0.626126 0.492648 0.640781 0.542989 
0.299666 0.526101 0.449905 0.418839 0.441351 0.402451 0.363515 
0.566532 0.559472 0.419825 0.371820 0.570312 0.441395 0.305163 
0.239030 0.520705 0.364264 0.515086 0.475199 0.480146 0.687500 
0.522915 0.579351 0.329546 0.561344 0.506512 0.450820 0.586394 
0.540636 0.465421 0.672076 0.406403 0.501776 0.549928 0.477791 
0.558962 0.571884 0.445103 0.556097 0.488026 0.681281 0.390207 
0.829041 0.218736 0.661322 0.479710 0.466023 0.673260 0.388692 
0.417445 0.500957 0.702525 0.301302 0.514036 0.634884 0.570098 
0.509511 0.440299 0.452795 0.412602 0.447097 0.465078 0.417127 
0.722768 0.726885 0.867210 0.591593 0.807623 0.750324 0.704702 
0.528132 0.594025 0.825153 0.580832 0.622455 0.575509 0.732515 
0.611948 0.487260 0.335270 0.415911 0.340363 0.579108 0.298842 
0.356778 0.569335 0.555639 0.652246 0.489754 0.382167 0.753721 
0.663375 0.311393 0.593617 0.315928 0.652201 0.504424 0.376046 
0.759211 0.530960 0.576555 0.669877 0.705253 0.602785 0.663543 
0.606554 0.660694 0.649302 0.417920 0.664058 0.550982 0.599779 
0.281367 0.405579 0.416168 0.254597 0.376818 0.310435 0.460939 
0.523982 0.445735 0.576113 0.420949 0.436093 0.620078 0.278680 
0.315924 0.473331 0.362542 0.482504 0.653559 0.292548 0.581807 
0.610110 0.650586 0.609434 0.816595 0.554631 0.682087 0.554706 
0.514970 0.686692 0.359404 0.707300 0.659553 0.467748 0.611247 
0.248834 0.411245 0.150811 0.351720 0.216979 0.396395 0.215692 
0.200179 0.299072 0.221895 0.261613 0.290099 0.192699 0.161689 
0.277283 0.213443 0.397352 0.189444 0.317625 0.342086 0.282309 
0.446126 0.623591 0.645146 0.535189 0.600065 0.386233 0.474448 
0.600007 0.562172 0.609620 0.542800 0.635045 0.411336 0.669668 
0.513418 0.556830 0.534729 0.730577 0.520854 0.594004 0.634641 
0.503940 0.364711 0.571781 0.580870 0.442659 0.469229 0.339028 
0.421879 0.627133 0.221548 0.607250 0.534899 0.589722 0.455942 
0.834864 0.393426 0.620013 0.268788 0.637980 0.642028 0.274936 
0.589149 0.734252 0.576564 0.850361 0.523016 0.755141 0.701148 
0.485319 0.544944 0.441918 0.506495 0.591499 0.496694 0.485199 
0.778616 0.638955 0.673210 0.626306 0.648046 0.699364 0.481895 
0.554161 0.409223 0.426567 0.332122 0.426194 0.453991 0.308629 
0.774315 0.450005 0.710797 0.728700 0.721253 0.524909 0.657747 
0.293452 0.458470 0.267537 0.498874 0.421316 0.269915 0.446063 
0.401429 0.746963 0.472211 0.638241 0.545107 0.444186 0.576841 
0.380819 0.439306 0.425939 0.534174 0.356235 0.454092 0.564166 
0.487405 0.373331 0.348334 0.618564 0.289708 0.367226 0.384275 
0.436790 0.398275 0.405602 0.282506 0.616726 0.420870 0.371475 
0.420731 0.668234 0.437668 0.655763 0.368530 0.580487 0.496788 
0.699754 0.560353 0.618633 0.622831 0.632366 0.524858 0.572991 
0.750291 0.726019 0.718263 0.749954 0.708239 0.743405 0.742401 
0.311284 0.403896 0.601672 0.511035 0.379705 0.549760 0.379559 
0.669977 0.454752 0.631873 0.664871 0.676077 0.525801 0.720968 
0.497429 0.505802 0.366674 0.600857 0.515767 0.604124 0.440022 
0.527673 0.262097 0.286601 0.328069 0.514680 0.281966 0.378612 
0.574822 0.482819 0.696105 0.418444 0.580377 0.501886 0.603747 
0.433612 0.601986 0.372922 0.571449 0.784832 0.332899 0.583574 
0.396495 0.306172 0.515072 0.267710 0.561963 0.278464 0.524555 
0.521485 0.500416 0.553906 0.670317 0.618516 0.404086 0.559465 
0.428351 0.741950 0.523285 0.509234 0.740602 0.471154 0.583862 
0.508487 0.618354 0.511186 0.363307 0.628413 0.607872 0.698178 
0.630949 0.456943 0.582732 0.458220 0.638255 0.523493 0.411390 
0.427785 0.535411 0.707119 0.418910 0.546347 0.728662 0.522315 
0.418715 0.440846 0.283111 0.480675 0.674885 0.209429 0.491412 
0.449323 0.465538 0.651983 0.578937 0.588824 0.421991 0.426601 
0.460937 0.448757 0.431447 0.313769 0.346238 0.471566 0.486244 
0.596347 0.506788 0.576449 0.529773 0.350322 0.639421 0.597787 
0.845209 0.788381 0.864235 0.813150 0.778916 0.796859 0.874227 
0.579132 0.493933 0.492548 0.634279 0.514019 0.440049 0.481413 
0.431416 0.397546 0.413676 0.543782 0.289584 0.383468 0.292653 
0.304165 0.532626 0.498043 0.681796 0.137249 0.684077 0.592591 
0.377360 0.407681 0.399048 0.526774 0.271343 0.286247 0.659750 
0.698604 0.719425 0.768187 0.805036 0.829044 0.687282 0.839208 
0.426548 0.345128 0.514942 0.346699 0.520209 0.322441 0.496586 
0.568897 0.491694 0.673970 0.585296 0.622732 0.144897 0.582151 
0.427234 0.514715 0.425304 0.510927 0.472586 0.536543 0.325962 
0.433861 0.661936 0.378018 0.483858 0.760749 0.342185 0.448911 
0.369012 0.229731 0.406720 0.399891 0.358627 0.331835 0.470703 
0.692738 0.689494 0.625378 0.502573 0.632929 0.493528 0.586023 
0.546297 0.668862 0.441644 0.777528 0.588064 0.692986 0.578000 
0.353203 0.332195 0.232451 0.299987 0.266002 0.237646 0.202833 
0.373143 0.341964 0.442297 0.405782 0.332640 0.370655 0.403861 
0.757466 0.725663 0.626317 0.605990 0.800330 0.587884 0.711718 
0.432528 0.658342 0.497643 0.564581 0.747412 0.643031 0.578639 
0.475413 0.656323 0.553944 0.535939 0.505212 0.566513 0.543844 
0.318920 0.308797 0.256807 0.450383 0.308224 0.498491 0.417915 
0.522396 0.404278 0.337546 0.591565 0.454017 0.475669 0.243787 
0.340542 0.331741 0.422786 0.210099 0.217688 0.450536 0.329552 
0.478605 0.409623 0.456745 0.549718 0.539499 0.464394 0.483430 
0.557320 0.666040 0.519690 0.592936 0.671125 0.444660 0.732219 
0.333474 0.323329 0.404302 0.317880 0.430714 0.272988 0.533624 
0.259005 0.386481 0.298370 0.460730 0.352386 0.403249 0.425278 
0.634711 0.552681 0.283013 0.759214 0.581196 0.328068 0.491159 
0.693132 0.711103 0.836502 0.761423 0.635474 0.832726 0.736021 
0.178018 0.405633 0.240697 0.300773 0.411523 0.399418 0.311358 
0.269696 0.534044 0.434700 0.476095 0.179700 0.530107 0.329814 
0.416383 0.243267 0.282909 0.366867 0.342151 0.227111 0.214137 
0.672428 0.584873 0.407470 0.571225 0.463181 0.455098 0.382890 
0.631239 0.446475 0.494104 0.299253 0.579860 0.443480 0.350664 
0.805327 0.697004 0.624526 0.770844 0.702338 0.660324 0.595135 
0.448433 0.547068 0.300251 0.289326 0.479974 0.455933 0.205523 
0.783025 0.567591 0.651281 0.635886 0.559335 0.665501 0.560898 
0.483797 0.941546 0.545421 0.617254 0.562923 0.684507 0.543969 
0.684463 0.751298 0.652096 0.599691 0.755910 0.627109 0.573277 
0.287683 0.375540 0.361465 0.269379 0.381472 0.301300 0.293054 
0.513278 0.240647 0.490426 0.359146 0.272843 0.315480 0.233114 
0.638517 0.566143 0.513356 0.586814 0.415933 0.686309 0.604701 
0.691495 0.819011 0.657055 0.703995 0.719382 0.750545 0.669428 
0.348259 0.642331 0.292789 0.393104 0.405450 0.507126 0.454096 
0.510643 0.627430 0.316045 0.675686 0.544864 0.294890 0.613202 
0.238881 0.376516 0.460462 0.247149 0.174979 0.507435 0.319465 
0.599700 0.855083 0.553930 0.784732 0.646833 0.793299 0.585748 
0.838595 0.773836 0.634552 0.848395 0.706819 0.771042 0.622607 
0.500989 0.163991 0.453718 0.398471 0.276438 0.332932 0.351526 
0.258263 0.573139 0.425028 0.522535 0.527217 0.544668 0.423685 
0.438582 0.271361 0.448741 0.340228 0.307119 0.460579 0.156754 
0.470512 0.297083 0.440706 0.371905 0.413608 0.331935 0.409618 
0.383202 0.307485 0.394706 0.293970 0.343571 0.357396 0.340275 
0.445189 0.670006 0.497635 0.516257 0.628613 0.607374 0.498377 
0.347717 0.703176 0.417137 0.412178 0.579129 0.466864 0.654758 
0.353020 0.718998 0.178171 0.692316 0.529926 0.489038 0.532295 
0.630329 0.601546 0.379435 0.449714 0.324458 0.610850 0.401420 
0.474209 0.410047 0.378813 0.674569 0.437898 0.429259 0.520385 
0.444739 0.457084 0.480249 0.311315 0.481128 0.460228 0.252487 
0.621490 0.781410 0.666989 0.641791 0.780854 0.709316 0.737889 
0.539820 0.505398 0.522382 0.439257 0.415232 0.636203 0.423010 
0.652593 0.540571 0.382297 0.427638 0.473541 0.534040 0.319347 
0.319172 0.272571 0.602958 0.213639 0.425414 0.428407 0.330679 
0.412190 0.461509 0.417766 0.329445 0.392566 0.550239 0.372986 
0.342027 0.571541 0.432507 0.387846 0.510080 0.496937 0.578956 
0.446573 0.396879 0.741890 0.467517 0.569920 0.540255 0.584489 
0.652123 0.383218 0.407418 0.350366 0.861911 0.317894 0.469265 
0.398383 0.218582 0.650119 0.272619 0.430925 0.315988 0.321856 
0.275299 0.712055 0.350100 0.728786 0.445445 0.572806 0.566394 
0.328655 0.446630 0.375691 0.462756 0.321651 0.576896 0.357747 
0.679349 0.532802 0.459230 0.552634 0.769160 0.183320 0.622093 
0.572377 0.449623 0.669225 0.365364 0.405495 0.495027 0.550714 
0.678064 0.540182 0.654923 0.653047 0.544301 0.673365 0.625161 
0.554507 0.537175 0.456506 0.574086 0.634470 0.463528 0.693443 
0.283570 0.292062 0.250460 0.342842 0.264504 0.326668 0.211576 
0.345412 0.484478 0.586281 0.367693 0.760028 0.427429 0.505400 
0.198081 0.583413 0.487170 0.504688 0.625324 0.475489 0.578067 
0.607704 0.373839 0.377889 0.513930 0.440557 0.510499 0.315733 
0.343757 0.529709 0.340959 0.391960 0.458362 0.435011 0.469451 
0.460997 0.254498 0.513472 0.214985 0.421567 0.273353 0.373018 
0.566105 0.604260 0.810976 0.447474 0.516515 0.756715 0.553517 
0.553800 0.382826 0.642927 0.399238 0.628750 0.538647 0.705155 
0.633233 0.429505 0.688560 0.472723 0.569891 0.325284 0.427022 
0.489113 0.223983 0.365620 0.388697 0.348570 0.289902 0.276851 
0.714989 0.599874 0.620003 0.720211 0.795542 0.507884 0.563731 
0.611768 0.563190 0.683398 0.610437 0.600302 0.548504 0.623021 
0.434578 0.206937 0.287421 0.435663 0.374273 0.288146 0.274299 
0.371010 0.765024 0.324299 0.551950 0.588715 0.146056 0.676358 
0.487263 0.351079 0.228362 0.303008 0.434514 0.396958 0.275778 
0.437010 0.293560 0.622633 0.518556 0.356664 0.411310 0.592441 
0.513322 0.261153 0.315580 0.320941 0.247598 0.309146 0.381299 
0.637747 0.630139 0.695197 0.614163 0.601111 0.745425 0.680383 
0.449222 0.374451 0.557226 0.200715 0.495236 0.386198 0.437955 
0.510879 0.606979 0.468844 0.235159 0.593895 0.412287 0.390914 
0.736180 0.475864 0.574823 0.765512 0.534920 0.567156 0.532214 
0.365830 0.205644 0.452932 0.341874 0.511267 0.342601 0.423728 
0.689225 0.470376 0.558903 0.706649 0.433138 0.556560 0.553909 
0.245182 0.467452 0.490885 0.301329 0.321543 0.500643 0.319034 
0.332101 0.350410 0.555430 0.292838 0.408761 0.336008 0.449866 
0.656070 0.379628 0.678878 0.445107 0.418046 0.744580 0.486542 
0.397564 0.631750 0.395234 0.558982 0.315568 0.644613 0.526118 
0.517461 0.470004 0.335928 0.525452 0.355668 0.535237 0.329666 
0.315337 0.566837 0.534869 0.538763 0.505640 0.418206 0.673965 
0.550524 0.379267 0.574355 0.593310 0.353789 0.538377 0.401167 
0.539953 0.576375 0.499839 0.328377 0.495003 0.579474 0.539533 
0.337550 0.605520 0.339207 0.651615 0.380050 0.532759 0.578874 
0.508290 0.411226 0.606819 0.511453 0.398982 0.770601 0.514271 
0.456644 0.824395 0.350722 0.687334 0.600811 0.751028 0.505947 
0.400241 0.390309 0.411542 0.437427 0.413603 0.283524 0.397997 
0.550615 0.559160 0.627347 0.451231 0.618463 0.503414 0.596140 
0.394474 0.439758 0.404796 0.560710 0.456823 0.477877 0.543314 
0.291102 0.344968 0.212115 0.360752 0.246419 0.308151 0.283181 
0.535579 0.736138 0.318093 0.689739 0.647041 0.552933 0.464372 
0.387644 0.513634 0.581732 0.312968 0.544483 0.428220 0.456612 
0.644302 0.654002 0.384664 0.619892 0.540814 0.454463 0.666500 
0.413845 0.414225 0.520905 0.404900 0.558074 0.538249 0.498382 
0.328579 0.704353 0.386383 0.526340 0.547943 0.584973 0.662477 
0.616821 0.692121 0.711007 0.697617 0.663127 0.630582 0.804789 
0.598868 0.531749 0.695323 0.531461 0.664172 0.740492 0.599123 
0.550617 0.689249 0.524486 0.704160 0.532974 0.538728 0.679229 
0.686252 0.708536 0.549971 0.697999 0.638490 0.751456 0.567383 
0.554355 0.518120 0.568512 0.532057 0.685748 0.417321 0.728232 
0.324606 0.445016 0.406113 0.333996 0.503542 0.362356 0.642051 
0.505610 0.513390 0.460130 0.517767 0.516947 0.466257 0.516078 
0.590425 0.598639 0.387561 0.658551 0.446656 0.489570 0.461193 
0.251327 0.287572 0.282340 0.364665 0.222436 0.268139 0.419663 
0.575595 0.723863 0.598912 0.637256 0.538363 0.598128 0.468871 
0.518053 0.315719 0.574168 0.518473 0.391402 0.624989 0.506407 
0.298939 0.385314 0.405713 0.405854 0.377360 0.341911 0.507706 
0.422050 0.385995 0.234493 0.443357 0.289954 0.452540 0.184146 
0.444868 0.585563 0.650408 0.374107 0.654985 0.556974 0.566214 
0.511018 0.514829 0.328015 0.396504 0.500754 0.367115 0.462443 
0.363720 0.478565 0.419772 0.538602 0.462600 0.419402 0.514895 
0.391213 0.420619 0.596312 0.507334 0.438406 0.253825 0.739792 
0.435351 0.720656 0.409679 0.494080 0.381873 0.563173 0.443702 
0.525779 0.746722 0.566681 0.500727 0.668934 0.579879 0.465351 
0.430096 0.380463 0.419014 0.437991 0.489070 0.456607 0.449435 
0.564445 0.497089 0.537040 0.419465 0.421086 0.670433 0.309928 
0.614359 0.443488 0.636560 0.459259 0.609193 0.284328 0.528205 
0.506410 0.324958 0.352132 0.472306 0.479450 0.305240 0.332308 
0.397715 0.259003 0.427441 0.313476 0.233368 0.331637 0.290605 
0.288585 0.466315 0.341416 0.469299 0.336644 0.367995 0.365826 
0.481002 0.496735 0.437379 0.529212 0.427729 0.542377 0.475985 
0.650192 0.463058 0.692285 0.537207 0.376208 0.816965 0.407354 
0.453391 0.441741 0.417342 0.562553 0.296864 0.445670 0.590895 
0.557115 0.362925 0.586815 0.552190 0.506634 0.539408 0.587026 
0.563759 0.501149 0.599834 0.409977 0.531563 0.710579 0.507711 
0.298411 0.481004 0.497142 0.243391 0.443756 0.412619 0.399139 
0.392321 0.481484 0.548003 0.411129 0.385328 0.566956 0.371531 
0.857119 0.860722 0.794504 0.855853 0.872272 0.836996 0.837172 
0.253870 0.193606 0.211072 0.225843 0.266714 0.148599 0.195157 
0.634361 0.567519 0.520965 0.711852 0.552292 0.753561 0.431741 
0.506430 0.427097 0.384293 0.577595 0.324561 0.551450 0.468842 
0.588194 0.718185 0.625071 0.667642 0.671048 0.555241 0.821347 
0.488712 0.781046 0.454964 0.460294 0.839186 0.526681 0.528446 
0.251822 0.670888 0.357705 0.494488 0.619605 0.516170 0.438503 
0.450563 0.465708 0.521440 0.730243 0.587568 0.366901 0.754203 
0.482114 0.654011 0.480452 0.619269 0.500627 0.540075 0.616390 
0.498094 0.753631 0.640883 0.674472 0.676876 0.677433 0.479958 
0.495844 0.590733 0.532182 0.742092 0.390128 0.627806 0.695824 
0.483190 0.298705 0.512546 0.435061 0.557196 0.320492 0.510325 
0.731467 0.619171 0.639689 0.684420 0.781340 0.586976 0.507840 
0.468188 0.437226 0.217404 0.494282 0.465516 0.364148 0.257925 
0.685471 0.521970 0.734156 0.574703 0.694377 0.499195 0.688114 
0.476852 0.432217 0.327243 0.466894 0.432010 0.392088 0.394462 
0.401564 0.246867 0.437905 0.240178 0.400246 0.292302 0.342672 
0.561059 0.495964 0.479917 0.477294 0.434602 0.617150 0.265767 
0.452209 0.469035 0.549436 0.465562 0.556708 0.641192 0.496059 
0.579793 0.548001 0.699587 0.514315 0.482846 0.741068 0.540624 
0.749346 0.714941 0.548879 0.706944 0.785834 0.697596 0.652437 
0.555362 0.478515 0.601571 0.616729 0.395170 0.491822 0.758089 
0.271095 0.227591 0.312772 0.243054 0.249497 0.219638 0.268509 
0.575491 0.660246 0.468718 0.790004 0.519710 0.639878 0.602192 
0.687664 0.768822 0.652238 0.643046 0.781292 0.680960 0.787695 
0.690700 0.471066 0.686842 0.657793 0.679404 0.518922 0.522113 
0.761889 0.553000 0.751124 0.659442 0.707397 0.640169 0.547316 
0.789526 0.692721 0.586610 0.785131 0.668316 0.767174 0.467603 
0.563291 0.592021 0.757560 0.609451 0.684208 0.618105 0.736837 
0.320621 0.247457 0.720818 0.302020 0.440465 0.521351 0.739708 
0.417028 0.163846 0.341699 0.318654 0.350211 0.343598 0.312830 
0.459399 0.737964 0.561924 0.500668 0.653795 0.530616 0.707067 
0.738073 0.526011 0.617443 0.637617 0.692506 0.493778 0.602124 
0.148157 0.189380 0.132267 0.205260 0.190036 0.182221 0.143817 
0.210349 0.209278 0.222320 0.116737 0.191119 0.205659 0.124809 
0.499265 0.329917 0.746439 0.499574 0.349544 0.586813 0.497800 
0.874524 0.604037 0.625773 0.647647 0.610398 0.646077 0.544830 
0.362700 0.660980 0.375240 0.542518 0.376351 0.539237 0.566944 
0.596228 0.370051 0.773821 0.445851 0.400182 0.580003 0.607004 
0.508388 0.293002 0.563472 0.358757 0.470877 0.381266 0.394260 
0.644318 0.554324 0.631902 0.496479 0.388284 0.665674 0.588295 
0.381199 0.463406 0.336411 0.330758 0.385855 0.218836 0.394506 
0.577280 0.628178 0.403743 0.690848 0.357591 0.583415 0.382903 
0.576835 0.562916 0.579135 0.580047 0.563359 0.648849 0.538591 
0.447428 0.534639 0.351349 0.538998 0.387984 0.552326 0.679853 
0.317173 0.502268 0.382810 0.506246 0.426090 0.348661 0.390303 
0.426214 0.456016 0.486073 0.475177 0.606218 0.259839 0.533780 
0.418820 0.465065 0.398431 0.416671 0.454804 0.331641 0.480900 
0.303145 0.187428 0.401962 0.398733 0.283136 0.309458 0.458317 
0.482099 0.270210 0.424387 0.389798 0.318008 0.403401 0.322561 
0.457874 0.538172 0.462680 0.511293 0.308806 0.638765 0.517900 
0.525065 0.366588 0.525380 0.222164 0.380567 0.538347 0.178128 
0.239478 0.455362 0.467510 0.276803 0.578415 0.333140 0.608703 
0.324737 0.386628 0.508424 0.206186 0.640066 0.140651 0.474146 
0.472161 0.380749 0.837664 0.359176 0.655094 0.525309 0.632665 
0.293903 0.266850 0.281914 0.597809 0.216493 0.331962 0.449310 
0.530733 0.650478 0.613320 0.701108 0.551316 0.650620 0.584343 
0.262144 0.464479 0.387737 0.301944 0.533769 0.310270 0.551819 
0.687557 0.617275 0.770466 0.527492 0.743651 0.705362 0.577558 
0.355548 0.383706 0.368985 0.542010 0.259081 0.545943 0.383266 
0.646464 0.323640 0.545170 0.362263 0.687020 0.445929 0.506184 
0.327512 0.250711 0.423458 0.324221 0.369490 0.331862 0.406242 
0.413477 0.557002 0.753085 0.326557 0.708165 0.208260 0.633074 
0.797761 0.546347 0.700653 0.723787 0.702582 0.666082 0.640123 
0.838163 0.485296 0.634198 0.577923 0.419720 0.805471 0.468946 
0.461051 0.359766 0.368594 0.302713 0.469953 0.385654 0.363170 
0.649028 0.527273 0.402587 0.691977 0.562075 0.611114 0.435744 
0.436213 0.360139 0.465770 0.264925 0.399237 0.481138 0.336038 
0.407321 0.527978 0.500479 0.657687 0.555186 0.619196 0.607211 
0.485905 0.428948 0.657025 0.244247 0.626516 0.361679 0.466528 
0.508005 0.671097 0.289701 0.589355 0.588180 0.546672 0.480223 
0.303413 0.456354 0.363110 0.270248 0.534535 0.505447 0.262805 
0.733874 0.489419 0.631060 0.455067 0.637257 0.606216 0.635734 
0.573824 0.343957 0.398072 0.358589 0.664237 0.292016 0.490474 
0.155073 0.411904 0.326728 0.320782 0.373136 0.407589 0.363290 
0.656211 0.732468 0.783615 0.708865 0.777812 0.743987 0.668655 
0.518067 0.556578 0.337283 0.717015 0.418450 0.500053 0.558595 
0.637353 0.708876 0.580077 0.692928 0.719374 0.763840 0.646649 
0.437532 0.487059 0.696580 0.636494 0.539062 0.602842 0.583358 
0.729427 0.575525 0.807746 0.661639 0.719167 0.651613 0.752559 
0.407505 0.350277 0.336557 0.306115 0.369907 0.295335 0.434102 
0.665715 0.546809 0.771751 0.633517 0.765500 0.623824 0.503429 
0.748336 0.357120 0.412792 0.587637 0.527763 0.596077 0.261865 
0.710966 0.551925 0.567474 0.596996 0.614508 0.561503 0.523147 
0.354318 0.471884 0.278368 0.647367 0.310748 0.392705 0.476198 
0.686496 0.716899 0.631937 0.718740 0.688023 0.552139 0.696346 
0.380764 0.557222 0.249980 0.670507 0.339381 0.401174 0.471875 
0.697562 0.557009 0.530532 0.436800 0.538663 0.353385 0.366554 
0.578072 0.729511 0.669714 0.553042 0.719515 0.685191 0.684201 
0.382500 0.405395 0.543755 0.433299 0.478987 0.457343 0.551029 
0.718160 0.631749 0.567444 0.671819 0.658758 0.560549 0.563180 
0.498787 0.229470 0.501359 0.311657 0.381342 0.458695 0.315750 
0.556813 0.674369 0.553468 0.522955 0.559521 0.593870 0.641602 
0.229644 0.421263 0.432278 0.405652 0.377976 0.360222 0.479515 
0.439349 0.268114 0.350612 0.397093 0.459705 0.342132 0.385792 
0.704814 0.548500 0.592486 0.554411 0.463140 0.637496 0.621805 
0.300514 0.421397 0.168560 0.373600 0.302412 0.284137 0.333164 
0.643667 0.571722 0.782854 0.482139 0.673253 0.766526 0.617907 
0.627023 0.708692 0.527880 0.675325 0.656395 0.498994 0.599144 
0.522051 0.440357 0.244883 0.393350 0.492214 0.458572 0.280019 
0.661141 0.680310 0.653683 0.694627 0.796331 0.654572 0.674602 
0.508525 0.209468 0.550692 0.398599 0.493203 0.301368 0.545102 
0.366361 0.244096 0.264687 0.132832 0.343122 0.213078 0.114584 
0.683348 0.534968 0.461205 0.464928 0.466462 0.712246 0.375268 
0.618268 0.518158 0.374613 0.351387 0.730879 0.386747 0.599143 
0.289349 0.852019 0.424154 0.606993 0.438996 0.345093 0.610905 
0.584882 0.599858 0.504090 0.384028 0.491225 0.728048 0.438756 
0.533984 0.462070 0.349852 0.605598 0.444318 0.404038 0.452682 
0.454264 0.506655 0.597166 0.649400 0.506592 0.564026 0.712375 
0.306827 0.376362 0.330561 0.308969 0.466772 0.126622 0.614134 
0.566558 0.568763 0.522044 0.643087 0.400303 0.524525 0.315890 
0.450614 0.350027 0.465020 0.409703 0.458110 0.264557 0.537505 
0.753434 0.463726 0.683372 0.615743 0.420170 0.604539 0.550992 
0.725213 0.740048 0.889701 0.562430 0.696077 0.794410 0.814039 
0.330166 0.484930 0.385265 0.465663 0.390048 0.434810 0.282124 
0.467829 0.221065 0.463103 0.485439 0.296412 0.261628 0.461070 
0.581539 0.269166 0.379722 0.426683 0.192641 0.475557 0.344524 
