500 7
0.557119 0.192646 0.908552 0.496492 0.434034 0.489918 0.677605 
0.393404 0.830290 0.630425 0.542263 0.226287 0.736728 0.175171 
0.376384 0.082006 0.890663 0.012490 0.813442 0.534050 0.742410 
0.378730 0.814116 0.905186 0.374642 0.335817 0.730436 0.418219 
0.728296 0.245192 0.480060 0.618472 0.501132 0.510698 0.159538 
0.725788 0.007651 0.692496 0.276851 0.492141 0.238387 0.497074 
0.601215 0.298502 0.118979 0.392113 0.647608 0.709889 0.525192 
0.629389 0.325614 0.067774 0.932450 0.702936 0.331799 0.245654 
0.512575 0.582635 0.051932 0.875166 0.960699 0.087801 0.439319 
0.938906 0.464645 0.498191 0.885168 0.208455 0.731996 0.164670 
0.028335 0.916476 0.413214 0.761649 0.117887 0.609124 0.587885 
0.927385 0.597893 0.311370 0.678427 0.475643 0.774694 0.178190 
0.093737 0.568188 0.818686 0.394154 0.025084 0.574012 0.529211 
0.025654 0.306998 0.853940 0.635155 0.701949 0.352771 0.915803 
0.390870 0.583602 0.503634 0.601372 0.317659 0.649364 0.975994 
0.310403 0.334177 0.786992 0.085770 0.764703 0.572562 0.911638 
0.345760 0.197871 0.431909 0.284404 0.508521 0.294891 0.976422 
0.183102 0.485887 0.324562 0.797351 0.243513 0.714361 0.442037 
0.468526 0.808218 0.193669 0.272004 0.766512 0.290310 0.579661 
0.738416 0.114456 0.758601 0.473896 0.809027 0.612549 0.098939 
0.917672 0.077340 0.751322 0.553201 0.087544 0.798300 0.618071 
0.983830 0.525693 0.105887 0.533075 0.699198 0.375884 0.094665 
0.664854 0.424766 0.869243 0.588056 0.298651 0.712077 0.791746 
0.045696 0.134747 0.787948 0.485884 0.546677 0.327514 0.824583 
0.524165 0.645660 0.598817 0.039623 0.640815 0.196363 0.331472 
0.197936 0.584314 0.980157 0.264304 0.793265 0.553602 0.145762 
0.453144 0.822518 0.421563 0.135718 0.863927 0.288305 0.265500 
0.439184 0.667568 0.802275 0.425462 0.018657 0.745730 0.289106 
0.546943 0.535601 0.557826 0.766916 0.137622 0.725328 0.112365 
0.638597 0.311035 0.826921 0.752852 0.224717 0.282752 0.517797 
0.159864 0.820197 0.771107 0.629423 0.057038 0.251681 0.749874 
0.631288 0.594071 0.931388 0.618986 0.704214 0.282970 0.196446 
0.094189 0.424650 0.998578 0.250533 0.068842 0.838572 0.692510 
0.840799 0.259818 0.030143 0.486250 0.497692 0.526367 0.324828 
0.793619 0.880340 0.024757 0.251626 0.958315 0.139634 0.310738 
0.541517 0.393269 0.623085 0.097774 0.459561 0.321267 0.680887 
0.981288 0.743058 0.662701 0.143158 0.507548 0.276646 0.176995 
0.981475 0.397600 0.115249 0.871743 0.305688 0.337268 0.167930 
0.594975 0.275899 0.406468 0.583808 0.373158 0.382146 0.349166 
0.563655 0.503805 0.160621 0.499320 0.560787 0.680867 0.732585 
0.995690 0.070381 0.872406 0.701835 0.265717 0.739775 0.330915 
0.546305 0.734001 0.383142 0.654183 0.221507 0.464464 0.178934 
0.919384 0.100366 0.361252 0.490534 0.286427 0.721305 0.533873 
0.027639 0.750032 0.207931 0.579771 0.860345 0.236509 0.943652 
0.183018 0.237059 0.537672 0.552620 0.143182 0.995491 0.607524 
0.413291 0.432421 0.724329 0.302742 0.707813 0.434686 0.736170 
0.508836 0.322679 0.679326 0.707292 0.034826 0.827848 0.231644 
0.393454 0.541491 0.861736 0.253093 0.741128 0.258182 0.699038 
0.184969 0.543948 0.672460 0.558805 0.071088 0.654898 0.593230 
0.478485 0.074883 0.898833 0.005849 0.885069 0.468028 0.642861 
0.366872 0.402942 0.473067 0.630447 0.229633 0.298658 0.884093 
0.569327 0.074987 0.433979 0.319656 0.592474 0.224353 0.650501 
0.499155 0.636936 0.872852 0.028079 0.478559 0.728215 0.065760 
0.387762 0.091265 0.576821 0.169692 0.744066 0.609641 0.782575 
0.701496 0.241676 0.857417 0.449693 0.664273 0.762559 0.014139 
0.320722 0.661146 0.701398 0.291010 0.219688 0.489207 0.889942 
0.620078 0.532457 0.544554 0.220721 0.044215 0.557754 0.984381 
0.822060 0.259600 0.162727 0.687151 0.696018 0.847311 0.211881 
0.520126 0.728976 0.689373 0.110776 0.397821 0.882620 0.186043 
0.101095 0.756997 0.468351 0.590610 0.699513 0.897405 0.210242 
0.483470 0.362132 0.900760 0.669373 0.690082 0.478901 0.161358 
0.101659 0.578337 0.482210 0.744935 0.698741 0.332756 0.941431 
0.907602 0.489764 0.336024 0.997306 0.284671 0.244031 0.080047 
0.630059 0.665061 0.769354 0.116196 0.572318 0.493977 0.381817 
0.702592 0.206468 0.313099 0.555214 0.662856 0.270636 0.820049 
0.500782 0.646970 0.319714 0.037829 0.604602 0.876387 0.334557 
0.593742 0.044744 0.564847 0.869842 0.056653 0.622894 0.888513 
0.747910 0.409881 0.501610 0.496497 0.361422 0.244565 0.699934 
0.509608 0.469318 0.356408 0.643402 0.696703 0.124436 0.903959 
0.315127 0.687227 0.956782 0.530917 0.112450 0.314110 0.572186 
0.449381 0.715274 0.754193 0.795671 0.462090 0.198487 0.589770 
0.563648 0.180867 0.046252 0.812364 0.498240 0.171259 0.644760 
0.044102 0.848977 0.947454 0.684533 0.590154 0.110855 0.860691 
0.186510 0.262976 0.933027 0.966368 0.500922 0.333133 0.443736 
0.559752 0.368366 0.502107 0.950273 0.418854 0.561158 0.100507 
0.633882 0.274557 0.036096 0.565679 0.497810 0.463007 0.903622 
0.605520 0.033915 0.793312 0.635074 0.094050 0.724678 0.572823 
0.180064 0.839320 0.113523 0.735107 0.233605 0.515676 0.911091 
0.568354 0.453416 0.425356 0.182590 0.097113 0.293689 0.937097 
0.491520 0.117788 0.966336 0.630487 0.626555 0.347313 0.403277 
0.520021 0.662840 0.597167 0.584599 0.188261 0.696785 0.136121 
0.194404 0.882959 0.683332 0.418136 0.212109 0.013506 0.686154 
0.168971 0.267342 0.626337 0.745646 0.324278 0.589617 0.760582 
0.807619 0.528480 0.252403 0.230989 0.531603 0.280991 0.780187 
0.365281 0.745673 0.946668 0.124694 0.219853 0.791485 0.052088 
0.489648 0.636304 0.194214 0.427568 0.829338 0.722428 0.155772 
0.416686 0.307445 0.926402 0.328383 0.706630 0.240021 0.559765 
0.445592 0.661665 0.324297 0.519382 0.614853 0.531795 0.351430 
0.930273 0.799223 0.470276 0.064925 0.279673 0.823999 0.344643 
0.512585 0.226109 0.791636 0.839372 0.431330 0.553668 0.580384 
0.371998 0.449381 0.155211 0.970135 0.688942 0.495972 0.631606 
0.475323 0.167703 0.801135 0.375150 0.094003 0.556093 0.697363 
0.955345 0.490622 0.013336 0.831362 0.496562 0.687818 0.370131 
0.015099 0.803239 0.044360 0.445545 0.796882 0.518017 0.514220 
0.163349 0.855402 0.600993 0.801815 0.336481 0.845179 0.142144 
0.013082 0.415003 0.470446 0.739513 0.372524 0.668211 0.651424 
0.917739 0.377135 0.459815 0.315681 0.172668 0.947867 0.045010 
0.346222 0.051614 0.561632 0.882722 0.302629 0.341292 0.714807 
0.352654 0.456301 0.574860 0.029577 0.634714 0.777834 0.760317 
0.568659 0.411374 0.506494 0.854432 0.321367 0.071590 0.429640 
0.092484 0.904442 0.220083 0.592078 0.679721 0.429947 0.278968 
0.454263 0.052006 0.354633 0.538373 0.683718 0.481241 0.419822 
0.414274 0.785441 0.693141 0.056010 0.915721 0.042742 0.919047 
0.427476 0.585020 0.718279 0.425465 0.041020 0.683874 0.882365 
0.448536 0.085665 0.427889 0.586495 0.501469 0.592987 0.026958 
0.353296 0.095829 0.193052 0.631881 0.474677 0.314173 0.624023 
0.374677 0.668042 0.566659 0.586377 0.583984 0.669242 0.563932 
0.557161 0.168396 0.441984 0.961063 0.113357 0.065440 0.761916 
0.672940 0.326438 0.740971 0.188783 0.802856 0.089220 0.806903 
0.076313 0.489423 0.558983 0.410425 0.444780 0.592784 0.625338 
0.957495 0.094644 0.734292 0.824818 0.484481 0.222581 0.420901 
0.011058 0.723095 0.826783 0.734777 0.506982 0.116095 0.573367 
0.783230 0.510153 0.159993 0.785592 0.756086 0.444439 0.162463 
0.593651 0.580741 0.246934 0.542425 0.439619 0.181551 0.596741 
0.693027 0.857054 0.712798 0.535143 0.639348 0.553514 0.115502 
0.601240 0.071803 0.963805 0.116017 0.618684 0.109474 0.572058 
0.723560 0.470117 0.747625 0.572630 0.238973 0.568598 0.480954 
0.207346 0.406281 0.900954 0.289122 0.265845 0.390790 0.984678 
0.624076 0.625287 0.367181 0.708156 0.109438 0.455977 0.866379 
0.623278 0.523348 0.884361 0.590931 0.209723 0.593049 0.052399 
0.330027 0.396062 0.765424 0.667135 0.449183 0.666400 0.394820 
0.691865 0.605575 0.223377 0.610586 0.540162 0.190398 0.748774 
0.168755 0.184706 0.891099 0.469950 0.351517 0.777886 0.617492 
0.176946 0.399477 0.055011 0.837256 0.143204 0.934669 0.971322 
0.580061 0.112502 0.443321 0.841972 0.451358 0.426630 0.989727 
0.733128 0.516620 0.173234 0.357200 0.261325 0.697153 0.409073 
0.131535 0.238300 0.788625 0.423353 0.015593 0.719020 0.563470 
0.470675 0.288696 0.687955 0.287485 0.958264 0.529752 0.793147 
0.017786 0.479506 0.857238 0.228870 0.170014 0.629563 0.698699 
0.621652 0.447054 0.615624 0.623164 0.235403 0.119229 0.591873 
0.150083 0.540886 0.843108 0.421526 0.231218 0.172477 0.818670 
0.531441 0.284109 0.946450 0.606068 0.143575 0.805729 0.025784 
0.630863 0.155273 0.153540 0.612766 0.520154 0.144263 0.960820 
0.624027 0.691207 0.068284 0.405186 0.840475 0.321648 0.436261 
0.813319 0.525339 0.373714 0.276610 0.775752 0.565815 0.350951 
0.787164 0.257540 0.362626 0.911597 0.575326 0.279266 0.428724 
0.774507 0.384140 0.650716 0.571881 0.078437 0.897951 0.277332 
0.011612 0.804352 0.682231 0.271115 0.189418 0.530517 0.949065 
0.022692 0.693975 0.569411 0.348686 0.820394 0.660115 0.410471 
0.270655 0.776322 0.276389 0.800277 0.708650 0.225220 0.977115 
0.637449 0.429006 0.421172 0.477908 0.730208 0.504765 0.367654 
0.302851 0.696504 0.680811 0.671221 0.316054 0.371124 0.347106 
0.631227 0.559856 0.276950 0.719720 0.041165 0.752041 0.283874 
0.189173 0.876694 0.324784 0.341775 0.463886 0.927154 0.214956 
0.482200 0.663112 0.369898 0.669111 0.840331 0.396827 0.215537 
0.674109 0.228548 0.690901 0.574296 0.862454 0.237681 0.694241 
0.085906 0.663356 0.340908 0.660568 0.466854 0.151078 0.619717 
0.655337 0.063497 0.238213 0.328847 0.552906 0.953945 0.369962 
0.550363 0.413067 0.247780 0.377856 0.793167 0.523839 0.433086 
0.442991 0.591167 0.495910 0.864372 0.312492 0.579887 0.070062 
0.488353 0.434770 0.401366 0.556055 0.802764 0.418916 0.942147 
0.299006 0.967010 0.864414 0.389915 0.572228 0.628536 0.557112 
0.950004 0.187894 0.624341 0.122841 0.973996 0.386530 0.040532 
0.734461 0.323115 0.462851 0.633395 0.417439 0.487593 0.696840 
0.627660 0.258161 0.007237 0.995083 0.577984 0.058810 0.778490 
0.038115 0.545481 0.091565 0.353782 0.970473 0.421097 0.702748 
0.011812 0.571123 0.736643 0.812875 0.661771 0.371903 0.543823 
0.392977 0.161503 0.727066 0.625132 0.355049 0.895630 0.346980 
0.240649 0.702894 0.766352 0.514276 0.184538 0.758703 0.308938 
0.061282 0.738874 0.958200 0.012505 0.503886 0.432083 0.758324 
0.771116 0.281838 0.219657 0.332639 0.617429 0.584493 0.778057 
0.587186 0.221732 0.555852 0.688475 0.198011 0.958898 0.107277 
0.619257 0.468619 0.842552 0.122616 0.336404 0.655628 0.726816 
0.764603 0.333452 0.257451 0.398855 0.873162 0.224913 0.888590 
0.275381 0.216974 0.364988 0.370669 0.396436 0.427506 0.709126 
0.028142 0.595690 0.449453 0.707319 0.860513 0.462607 0.695237 
0.961884 0.056615 0.838525 0.082612 0.687132 0.158458 0.284009 
0.074960 0.504088 0.264312 0.968484 0.573652 0.020836 0.670393 
0.251315 0.714297 0.193244 0.699724 0.833709 0.374699 0.401220 
0.395521 0.636587 0.716998 0.513792 0.592320 0.764076 0.046596 
0.557866 0.075758 0.255890 0.699550 0.953541 0.158603 0.459506 
0.047337 0.754321 0.998551 0.416803 0.318019 0.030254 0.707901 
0.438034 0.371122 0.772984 0.164397 0.737613 0.738681 0.145028 
0.693712 0.440377 0.441456 0.434786 0.857735 0.544373 0.187029 
0.448502 0.329938 0.827437 0.796876 0.253930 0.035922 0.649934 
0.537077 0.667071 0.507621 0.656208 0.276381 0.534479 0.251459 
0.473116 0.469985 0.798211 0.443153 0.902363 0.095410 0.736521 
0.694333 0.093466 0.857964 0.399175 0.636397 0.508581 0.444544 
0.359386 0.635613 0.238014 0.520499 0.727120 0.181925 0.595979 
0.521626 0.471637 0.320272 0.115930 0.881283 0.461385 0.967330 
0.269353 0.663171 0.052560 0.403085 0.745509 0.792981 0.740164 
0.697969 0.078561 0.487907 0.355793 0.451538 0.579895 0.244858 
0.520745 0.014707 0.667739 0.570695 0.814043 0.421690 0.370622 
0.312784 0.614309 0.396659 0.863201 0.298635 0.530093 0.864175 
0.529740 0.792084 0.564067 0.431155 0.109122 0.464334 0.525193 
0.746664 0.694390 0.088635 0.528338 0.520418 0.459289 0.203464 
0.640993 0.458156 0.146203 0.677960 0.382987 0.290517 0.201581 
0.617572 0.415106 0.614364 0.672607 0.737285 0.350302 0.584482 
0.798918 0.546185 0.297950 0.474477 0.378630 0.872488 0.163169 
0.230973 0.280303 0.809126 0.689555 0.341853 0.547248 0.289871 
0.260822 0.307774 0.671105 0.224879 0.494932 0.417786 0.538750 
0.781951 0.255104 0.829006 0.991724 0.105242 0.624670 0.035912 
0.516448 0.010860 0.861358 0.764703 0.210925 0.888710 0.211469 
0.647084 0.489040 0.336454 0.720089 0.207532 0.670049 0.930794 
0.566051 0.255978 0.716598 0.411977 0.264635 0.708085 0.509689 
0.287355 0.822230 0.108449 0.246238 0.404063 0.891519 0.606274 
0.859340 0.088300 0.657841 0.108768 0.899367 0.891108 0.229340 
0.463554 0.682047 0.317705 0.407209 0.507207 0.055472 0.990792 
0.016952 0.887074 0.209165 0.992969 0.209147 0.541339 0.814510 
0.439776 0.536493 0.562757 0.377237 0.765506 0.694549 0.156950 
0.100480 0.653649 0.322972 0.506508 0.502459 0.135823 0.953815 
0.095048 0.643130 0.339359 0.248379 0.437854 0.363208 0.951241 
0.611015 0.142537 0.886961 0.068076 0.492388 0.883475 0.619591 
0.413164 0.412028 0.380623 0.523902 0.382873 0.206636 0.294232 
0.330354 0.934561 0.144926 0.445500 0.953165 0.092904 0.366151 
0.403136 0.732672 0.463340 0.435656 0.286483 0.659933 0.879277 
0.146710 0.680867 0.621350 0.368092 0.768036 0.275926 0.477785 
0.136407 0.801885 0.544244 0.457137 0.590917 0.171049 0.732521 
0.281365 0.213460 0.529591 0.935762 0.297655 0.716053 0.659621 
0.851383 0.294488 0.330277 0.767104 0.605240 0.811573 0.246270 
0.666811 0.574313 0.267974 0.379530 0.155533 0.947214 0.112749 
0.509564 0.167890 0.805640 0.380817 0.861069 0.059402 0.299039 
0.693218 0.499933 0.398595 0.780983 0.695519 0.415463 0.199052 
0.862327 0.776313 0.010679 0.348602 0.628133 0.220541 0.736367 
0.272614 0.402640 0.172413 0.396301 0.580002 0.694219 0.205695 
0.412840 0.954913 0.651874 0.271499 0.038708 0.476833 0.629412 
0.742986 0.350575 0.262883 0.255963 0.475548 0.974773 0.120521 
0.730113 0.156734 0.643151 0.173259 0.979961 0.037393 0.642177 
0.670014 0.540261 0.385003 0.899416 0.641772 0.787804 0.010219 
0.673352 0.619791 0.015905 0.871443 0.254109 0.197565 0.427820 
0.493637 0.496754 0.245150 0.444805 0.042945 0.617815 0.774759 
0.328984 0.390686 0.599504 0.869839 0.241475 0.846019 0.626495 
0.358794 0.775116 0.838988 0.380854 0.319603 0.092985 0.522673 
0.440286 0.206211 0.523385 0.347186 0.862198 0.055188 0.959953 
0.249328 0.640065 0.049630 0.202715 0.470419 0.960558 0.477310 
0.731954 0.749728 0.638366 0.313662 0.864992 0.782754 0.040752 
0.964374 0.031385 0.936197 0.924642 0.245345 0.175666 0.481810 
0.592118 0.206572 0.866993 0.331655 0.796735 0.433249 0.054041 
0.688514 0.881031 0.261221 0.223519 0.630613 0.378601 0.844918 
0.803938 0.685857 0.227405 0.323377 0.589239 0.432577 0.712143 
0.945656 0.630422 0.157939 0.780309 0.590267 0.598051 0.218225 
0.419418 0.600065 0.458512 0.671479 0.815736 0.167976 0.156877 
0.328061 0.395139 0.318301 0.214885 0.666848 0.729242 0.430672 
0.528021 0.681399 0.221393 0.168439 0.590282 0.439696 0.200864 
0.176029 0.543735 0.390224 0.538986 0.871871 0.150012 0.666344 
0.506366 0.376645 0.775070 0.419118 0.453741 0.409098 0.920168 
0.818127 0.334075 0.303737 0.644513 0.609820 0.926663 0.068417 
0.788542 0.534170 0.645933 0.014069 0.707746 0.230460 0.575477 
0.622094 0.731187 0.489167 0.183825 0.311311 0.228681 0.897901 
0.098370 0.485812 0.639905 0.851586 0.499953 0.538605 0.555051 
0.508801 0.299464 0.002737 0.658006 0.828619 0.191089 0.834396 
0.811697 0.412235 0.128651 0.053679 0.380514 0.702362 0.331675 
0.615281 0.113741 0.531211 0.831296 0.467428 0.201367 0.642810 
0.374884 0.975305 0.858109 0.481166 0.279572 0.355613 0.695536 
0.373284 0.353507 0.835442 0.801628 0.062116 0.667501 0.405708 
0.382102 0.767151 0.221175 0.658665 0.470614 0.074801 0.542490 
0.197432 0.989506 0.239256 0.480369 0.601793 0.102466 0.682717 
0.617372 0.630757 0.341414 0.221848 0.877982 0.155072 0.485355 
0.778914 0.442976 0.684183 0.214761 0.815416 0.089203 0.413497 
0.499480 0.157898 0.941254 0.375145 0.862984 0.627924 0.352563 
0.792533 0.501340 0.755247 0.242190 0.413186 0.536725 0.548762 
0.560499 0.447545 0.651977 0.372454 0.693075 0.496019 0.192288 
0.709165 0.172920 0.882187 0.745251 0.135019 0.107505 0.799105 
0.918326 0.620667 0.474457 0.450984 0.716178 0.111467 0.389384 
0.503843 0.482026 0.500557 0.280719 0.250270 0.443221 0.695369 
0.327610 0.537087 0.748665 0.107687 0.849612 0.012661 0.549511 
0.046442 0.526549 0.678913 0.644361 0.041576 0.833124 0.871628 
0.490781 0.907520 0.340666 0.797406 0.604509 0.875509 0.051768 
0.613296 0.762521 0.182483 0.901188 0.358804 0.668278 0.190963 
0.191998 0.364231 0.989110 0.406119 0.958700 0.551380 0.612377 
0.665471 0.431985 0.059372 0.724705 0.508178 0.444678 0.309131 
0.458221 0.230922 0.469226 0.603125 0.611359 0.310929 0.351530 
0.379524 0.587541 0.730402 0.405588 0.061838 0.354829 0.943606 
0.273726 0.584571 0.437016 0.144996 0.454340 0.439310 0.652155 
0.328124 0.493812 0.997314 0.423440 0.138470 0.241800 0.756241 
0.331443 0.573055 0.239022 0.242715 0.720590 0.089977 0.963369 
0.253254 0.348864 0.557785 0.942217 0.040729 0.435741 0.982016 
0.179116 0.233680 0.885722 0.901229 0.383446 0.345017 0.495736 
0.807610 0.684076 0.210305 0.569275 0.537748 0.319221 0.240583 
0.410908 0.206342 0.597363 0.545315 0.330324 0.726956 0.794501 
0.344439 0.297144 0.554796 0.442358 0.673378 0.778958 0.864205 
0.654999 0.872837 0.384666 0.108998 0.666249 0.079339 0.550985 
0.539569 0.833900 0.212694 0.231279 0.813746 0.911792 0.073234 
0.555745 0.475063 0.565369 0.169061 0.655290 0.763305 0.601750 
0.220368 0.431938 0.936996 0.799438 0.182371 0.101829 0.699234 
0.134373 0.854081 0.459423 0.034484 0.281962 0.314582 0.867181 
0.655900 0.708570 0.688666 0.644219 0.503354 0.404989 0.042410 
0.595447 0.517638 0.367544 0.518481 0.974305 0.365762 0.532658 
0.627110 0.557836 0.926863 0.399405 0.204727 0.769936 0.145896 
0.540736 0.785686 0.196212 0.268214 0.534010 0.636998 0.576679 
0.450124 0.841908 0.366298 0.505854 0.343127 0.435678 0.350067 
0.977021 0.571104 0.578982 0.530332 0.148882 0.797501 0.647461 
0.808642 0.448294 0.009650 0.935759 0.441837 0.900654 0.099268 
0.735594 0.626856 0.231214 0.419008 0.747462 0.675799 0.102863 
0.881702 0.081841 0.761270 0.703167 0.986423 0.212478 0.273021 
0.980035 0.297696 0.751268 0.242935 0.871301 0.473345 0.136448 
0.964181 0.352149 0.024959 0.484186 0.496770 0.670418 0.520909 
0.316714 0.037601 0.472928 0.936663 0.286262 0.409706 0.615219 
0.193964 0.229857 0.255602 0.383631 0.535241 0.935494 0.432288 
0.164109 0.329646 0.381965 0.467590 0.620761 0.687250 0.265372 
0.398221 0.108690 0.200363 0.625761 0.919638 0.362550 0.558197 
0.871834 0.421217 0.458814 0.131487 0.560415 0.455076 0.817588 
0.731072 0.091434 0.773410 0.204610 0.671920 0.845305 0.310736 
0.658147 0.410446 0.461033 0.566411 0.403766 0.819044 0.478934 
0.511329 0.182224 0.184093 0.837250 0.408534 0.560317 0.634459 
0.608648 0.451196 0.475217 0.965665 0.010606 0.943538 0.316250 
0.576156 0.091686 0.548010 0.446422 0.347125 0.531141 0.464391 
0.173551 0.531772 0.753873 0.258142 0.304675 0.794947 0.530797 
0.690908 0.935913 0.356771 0.639842 0.805687 0.105105 0.375067 
0.496420 0.107470 0.435171 0.595050 0.352810 0.556727 0.752779 
0.636962 0.021244 0.947861 0.457012 0.198284 0.972593 0.098269 
0.684298 0.121351 0.243115 0.819611 0.439966 0.403679 0.446115 
0.778046 0.362406 0.054742 0.329994 0.766081 0.054951 0.653150 
0.296377 0.585578 0.777844 0.770601 0.403871 0.308043 0.812187 
0.697267 0.025780 0.422588 0.919332 0.429275 0.784339 0.276245 
0.420115 0.377789 0.809946 0.294257 0.737784 0.731520 0.729320 
0.339173 0.090683 0.478429 0.952189 0.915783 0.485535 0.208252 
0.516172 0.267828 0.749621 0.668172 0.570800 0.689117 0.459236 
0.250305 0.762670 0.190789 0.266749 0.528941 0.309179 0.535454 
0.611056 0.908516 0.323884 0.325897 0.476767 0.601966 0.080330 
0.756439 0.300631 0.923653 0.483138 0.719162 0.746065 0.075536 
0.525666 0.130924 0.655603 0.202963 0.539358 0.211523 0.900460 
0.355517 0.613489 0.759005 0.484972 0.722303 0.107677 0.626349 
0.952474 0.248204 0.171338 0.818170 0.774737 0.455582 0.125692 
0.103074 0.546616 0.521364 0.970694 0.297310 0.428925 0.902471 
0.954482 0.501424 0.135231 0.718125 0.771674 0.370129 0.432005 
0.799558 0.306198 0.469974 0.534092 0.961407 0.366712 0.427412 
0.495924 0.541266 0.260607 0.752495 0.165066 0.503553 0.861625 
0.583335 0.872992 0.090457 0.875397 0.746698 0.289389 0.284259 
0.117902 0.662227 0.804727 0.489821 0.272228 0.248327 0.528736 
0.505853 0.968513 0.259459 0.854517 0.415770 0.948240 0.228706 
0.368964 0.060762 0.857622 0.156441 0.365896 0.618420 0.749820 
0.000966 0.906372 0.748368 0.032441 0.941662 0.276586 0.805280 
0.295916 0.902390 0.344602 0.434883 0.301545 0.156317 0.803607 
0.527607 0.927550 0.201315 0.335953 0.460529 0.620390 0.689369 
0.228646 0.394358 0.823985 0.451069 0.220262 0.859158 0.329084 
0.454066 0.468490 0.781129 0.774498 0.734423 0.227537 0.434623 
0.764153 0.540624 0.648219 0.279784 0.400951 0.666172 0.280181 
0.260985 0.891944 0.695327 0.437022 0.295774 0.656132 0.821318 
0.869900 0.586352 0.075701 0.178575 0.691039 0.895175 0.506653 
0.955579 0.573700 0.764630 0.607871 0.306936 0.168193 0.434490 
0.124390 0.397008 0.949836 0.434245 0.742854 0.529606 0.818657 
0.345150 0.328101 0.519088 0.253394 0.786595 0.709360 0.693559 
0.699717 0.512818 0.711950 0.360767 0.119753 0.549543 0.197842 
0.483152 0.221727 0.650347 0.066415 0.552384 0.726662 0.737572 
0.866451 0.034585 0.682428 0.985045 0.098564 0.374252 0.720164 
0.945416 0.089594 0.638186 0.168348 0.691558 0.332636 0.240072 
0.450761 0.321958 0.504450 0.322445 0.851147 0.389133 0.923324 
0.324011 0.432654 0.605334 0.244982 0.480672 0.898100 0.818661 
0.730677 0.384201 0.447556 0.670770 0.763206 0.573274 0.141578 
0.134617 0.311596 0.318920 0.912556 0.086063 0.890775 0.551603 
0.565853 0.600394 0.312590 0.213645 0.703460 0.413872 0.334700 
0.178607 0.700125 0.222735 0.533389 0.450221 0.500596 0.489496 
0.324804 0.958632 0.261413 0.029254 0.902254 0.519175 0.856510 
0.572296 0.380758 0.798298 0.460403 0.098752 0.783071 0.627127 
0.438065 0.941330 0.542598 0.332236 0.386155 0.563130 0.264646 
0.526680 0.293444 0.663201 0.409150 0.716672 0.592317 0.756224 
0.250195 0.716595 0.705411 0.363992 0.025617 0.958335 0.497426 
0.372342 0.639653 0.739005 0.569028 0.439412 0.266812 0.581888 
0.734945 0.608900 0.291556 0.634043 0.639342 0.065331 0.503039 
0.797260 0.434855 0.094120 0.865270 0.121496 0.151678 0.962640 
0.140540 0.781753 0.777798 0.085772 0.779910 0.803325 0.448199 
0.730043 0.480465 0.380901 0.792898 0.244381 0.435138 0.599084 
0.226929 0.748492 0.248484 0.781254 0.333044 0.683598 0.133377 
0.167406 0.348624 0.625026 0.322657 0.675669 0.642217 0.487381 
0.525614 0.705408 0.314327 0.841275 0.256253 0.906136 0.496521 
0.732402 0.917724 0.243820 0.161673 0.649316 0.260028 0.557439 
0.239120 0.268746 0.766881 0.561815 0.530685 0.001363 0.831080 
0.435796 0.932906 0.125254 0.538112 0.818421 0.444747 0.504680 
0.880206 0.511917 0.688410 0.506754 0.100488 0.914952 0.100681 
0.495025 0.317366 0.374904 0.820428 0.129963 0.642132 0.436493 
0.496308 0.636841 0.267089 0.489281 0.544735 0.941539 0.502400 
0.847004 0.103822 0.741797 0.087904 0.903562 0.153551 0.334120 
0.091654 0.460838 0.216833 0.905914 0.165279 0.121732 0.996389 
0.242459 0.824662 0.490403 0.812288 0.084477 0.400949 0.363701 
0.068174 0.695548 0.040946 0.545762 0.833454 0.452536 0.607005 
0.589020 0.605104 0.612011 0.222670 0.149950 0.455042 0.374156 
0.184457 0.294270 0.709170 0.550590 0.140161 0.775080 0.686280 
0.441046 0.532558 0.799100 0.258979 0.810756 0.010191 0.453375 
0.467714 0.729807 0.529548 0.248563 0.401194 0.803058 0.560069 
0.465891 0.986618 0.184523 0.370849 0.539527 0.944982 0.442786 
0.893954 0.227735 0.796356 0.174084 0.635401 0.338464 0.555292 
0.167696 0.669521 0.145315 0.830307 0.748226 0.494359 0.646068 
0.466437 0.170728 0.596015 0.705370 0.255060 0.472453 0.789426 
0.833532 0.230779 0.501611 0.707074 0.100231 0.802843 0.179050 
0.888354 0.591184 0.539747 0.269212 0.445490 0.122000 0.860347 
0.906245 0.058925 0.159248 0.370428 0.746393 0.767749 0.455592 
0.422748 0.251964 0.532797 0.546400 0.420437 0.832193 0.887010 
0.322716 0.631536 0.515418 0.949651 0.506653 0.255250 0.622643 
0.311901 0.186490 0.497910 0.994278 0.213626 0.752470 0.405123 
0.217617 0.795214 0.387712 0.301939 0.954750 0.259049 0.688297 
0.457634 0.436453 0.560137 0.328154 0.576033 0.735140 0.779173 
0.765059 0.762459 0.354677 0.689973 0.374981 0.843363 0.049019 
0.653184 0.264320 0.544772 0.062711 0.426844 0.565355 0.721701 
0.778889 0.312544 0.590876 0.387915 0.261908 0.550233 0.164057 
0.508279 0.375749 0.426059 0.614761 0.187175 0.956444 0.515566 
0.687055 0.215531 0.884901 0.618138 0.655902 0.291905 0.173266 
0.655110 0.268111 0.417339 0.988115 0.028259 0.496636 0.819003 
0.571121 0.435535 0.381481 0.347003 0.613351 0.627270 0.400644 
0.735787 0.755250 0.767039 0.214778 0.214642 0.540402 0.176745 
0.612709 0.259599 0.517366 0.506707 0.424431 0.325713 0.924319 
0.439791 0.101005 0.972913 0.070713 0.676522 0.271655 0.896783 
0.639929 0.090184 0.946492 0.090031 0.681945 0.466347 0.999746 
0.259594 0.438646 0.909608 0.296252 0.580559 0.659134 0.676168 
0.265714 0.132729 0.841352 0.625185 0.852934 0.353507 0.415602 
0.251500 0.281593 0.961738 0.074817 0.540992 0.562511 0.657873 
0.711212 0.746963 0.218963 0.765813 0.172438 0.846419 0.427437 
0.254171 0.933336 0.349283 0.266112 0.756699 0.021465 0.489983 
0.782318 0.642419 0.532930 0.561032 0.090219 0.308533 0.579219 
0.848773 0.559068 0.180620 0.085401 0.980377 0.333266 0.439205 
0.550803 0.289639 0.450553 0.630666 0.362047 0.397058 0.753495 
0.945613 0.128575 0.643159 0.680449 0.506472 0.492567 0.320197 
0.947786 0.260245 0.478306 0.437751 0.158520 0.212252 0.432011 
0.922101 0.317256 0.341302 0.376216 0.358276 0.965681 0.166489 
0.396436 0.193466 0.385858 0.583620 0.599477 0.581547 0.944065 
0.693520 0.657258 0.183818 0.666864 0.706715 0.537786 0.510545 
0.608287 0.353800 0.609495 0.577150 0.853729 0.227340 0.768452 
0.633114 0.659098 0.215809 0.790723 0.146403 0.383159 0.298955 
0.827177 0.289462 0.874515 0.273306 0.418074 0.278916 0.345945 
0.788972 0.543116 0.007631 0.544678 0.377553 0.530299 0.560644 
0.473674 0.282079 0.816738 0.235189 0.077154 0.521754 0.719374 
0.493100 0.215421 0.893548 0.624298 0.282428 0.800365 0.312054 
0.140821 0.703516 0.531151 0.632292 0.705080 0.521887 0.808114 
0.079161 0.811799 0.687316 0.013917 0.561487 0.813036 0.552557 
0.236972 0.499920 0.412160 0.921129 0.219944 0.728558 0.101172 
0.225350 0.705483 0.028319 0.550822 0.364228 0.922065 0.302525 
0.402457 0.686124 0.974129 0.365797 0.085562 0.365170 0.676786 
0.433778 0.224702 0.559393 0.479741 0.713918 0.248571 0.221588 
0.792455 0.225924 0.267358 0.781499 0.067735 0.707611 0.163723 
0.784950 0.451793 0.785254 0.429143 0.664085 0.353274 0.117062 
0.231420 0.422496 0.951739 0.600302 0.648032 0.400477 0.480359 
0.687858 0.464851 0.132874 0.245134 0.697995 0.831310 0.688903 
0.609654 0.158973 0.438237 0.352910 0.937557 0.820753 0.204502 
0.680752 0.320187 0.883175 0.396597 0.303633 0.611096 0.614472 
0.600953 0.449501 0.682428 0.112271 0.803024 0.101242 0.747535 
0.673756 0.570649 0.566550 0.153866 0.863528 0.632876 0.501549 
0.620000 0.159399 0.395419 0.666037 0.285600 0.464070 0.261906 
0.752564 0.421508 0.748960 0.336182 0.559654 0.303605 0.724761 
0.898499 0.235785 0.377058 0.390297 0.666728 0.226542 0.954540 
0.610392 0.112059 0.582574 0.414693 0.598969 0.477526 0.534103 
0.877375 0.464207 0.736094 0.011584 0.278841 0.450582 0.897613 
0.388940 0.335111 0.199887 0.607470 0.569218 0.593285 0.738511 
0.653799 0.575310 0.325541 0.593818 0.467379 0.913229 0.198855 
0.299765 0.419325 0.467348 0.588492 0.884656 0.542853 0.574443 
0.533529 0.715283 0.200465 0.734476 0.214466 0.889574 0.016621 
0.599335 0.340291 0.529967 0.276716 0.075269 0.524682 0.856861 
0.797956 0.140283 0.359825 0.576241 0.277000 0.476535 0.690947 
0.321097 0.389200 0.778375 0.787537 0.390684 0.361310 0.928292 
0.733715 0.824654 0.425665 0.783330 0.307209 0.109945 0.450873 
0.227875 0.509022 0.176496 0.668183 0.998639 0.686054 0.353319 
0.002341 0.446241 0.238715 0.646648 0.195167 0.998690 0.968583 
0.257436 0.394854 0.609244 0.231451 0.604153 0.521095 0.348425 
0.932789 0.598911 0.457595 0.038723 0.637313 0.525492 0.692652 
0.738539 0.358712 0.718106 0.575483 0.520414 0.398012 0.347861 
0.286377 0.426590 0.517354 0.900339 0.036907 0.413839 0.871986 
0.213876 0.257741 0.399576 0.427565 0.996009 0.463228 0.468053 
0.737806 0.230482 0.386912 0.589019 0.716880 0.209908 0.874211 
0.275032 0.784957 0.862389 0.525525 0.458035 0.254172 0.103502 
0.817779 0.389074 0.265145 0.470310 0.629551 0.514719 0.232455 
0.327066 0.729888 0.184256 0.755172 0.327194 0.635537 0.515378 
0.894936 0.140595 0.661367 0.425515 0.899119 0.338170 0.016109 
0.692279 0.484007 0.344334 0.536642 0.471700 0.945323 0.261244 
0.172785 0.934408 0.172344 0.669083 0.833945 0.510290 0.379054 
0.407562 0.558402 0.564130 0.249236 0.826586 0.500953 0.548491 
0.185039 0.456651 0.917994 0.328863 0.482815 0.541371 0.478466 
0.041019 0.274520 0.745132 0.222751 0.943238 0.242483 0.704134 
0.442646 0.573600 0.846600 0.615055 0.729955 0.210558 0.542497 
0.529475 0.744159 0.384858 0.733359 0.446671 0.801312 0.069989 
0.574645 0.826305 0.535419 0.432714 0.795345 0.574042 0.041809 
0.818490 0.720024 0.207960 0.467102 0.700029 0.536978 0.306749 
0.764980 0.390561 0.485440 0.485262 0.719416 0.091801 0.396933 
0.300929 0.980761 0.894354 0.201373 0.944950 0.438144 0.424647 
0.956422 0.384186 0.555275 0.438693 0.142814 0.320542 0.753098 
0.900666 0.037766 0.539425 0.256358 0.622587 0.777954 0.263972 
0.456389 0.766071 0.282935 0.073015 0.880836 0.691683 0.052799 
0.510214 0.376205 0.379855 0.490820 0.077813 0.966269 0.545053 
0.393273 0.198324 0.325167 0.461704 0.947057 0.707659 0.571084 
0.046846 0.938266 0.255953 0.739860 0.310570 0.584729 0.652279 
0.319340 0.508691 0.536789 0.075197 0.366521 0.814849 0.436655 
0.065328 0.677057 0.452965 0.791304 0.872427 0.032794 0.849596 
0.290435 0.696524 0.066296 0.393327 0.443282 0.826455 0.571262 
0.686240 0.376341 0.465065 0.653698 0.736485 0.143650 0.562991 
0.549041 0.008437 0.354181 0.729795 0.914715 0.709113 0.367590 
0.370956 0.539731 0.378874 0.880393 0.433875 0.240555 0.560703 
0.540343 0.914884 0.087491 0.192469 0.554564 0.819834 0.361178 
0.655900 0.105287 0.772875 0.238380 0.440394 0.608521 0.221399 
0.500373 0.775635 0.680922 0.485479 0.245520 0.643003 0.448779 
0.007426 0.877406 0.158565 0.319368 0.204671 0.983566 0.638139 
0.962996 0.684689 0.677639 0.151891 0.254387 0.373448 0.331001 
0.322761 0.360990 0.460474 0.529913 0.385561 0.393601 0.888235 
0.600041 0.510951 0.334753 0.164568 0.928427 0.445688 0.604232 
0.102631 0.845030 0.129716 0.719152 0.629479 0.508925 0.814319 
0.593772 0.214017 0.454107 0.626992 0.410622 0.504974 0.897462 
0.230070 0.549873 0.478394 0.921465 0.100319 0.448644 0.724609 
0.991398 0.380884 0.351209 0.124011 0.459300 0.349310 0.226353 
0.354122 0.564902 0.453266 0.112207 0.501148 0.565405 0.831134 
0.859706 0.396768 0.145434 0.412163 0.637713 0.485623 0.816144 
0.837338 0.383389 0.230456 0.666215 0.769668 0.787972 0.111495 
0.922544 0.219518 0.040531 0.960333 0.559544 0.172450 0.544391 
0.448267 0.549378 0.682558 0.382748 0.881181 0.025121 0.785920 
0.299642 0.759247 0.264250 0.810178 0.267450 0.537474 0.467571 
0.239636 0.313383 0.541594 0.369647 0.703834 0.450717 0.753687 
0.930671 0.462453 0.422761 0.615775 0.799570 0.450403 0.087927 
0.353512 0.904604 0.111040 0.360760 0.644692 0.181212 0.922793 
0.690866 0.002142 0.665078 0.691528 0.208556 0.337835 0.631565 
0.084233 0.523145 0.521580 0.802775 0.618002 0.844535 0.434402 
0.861746 0.518731 0.295747 0.632279 0.465282 0.929667 0.531614 
0.566476 0.814556 0.442934 0.133634 0.285243 0.937625 0.048640 
0.551567 0.626021 0.456135 0.795128 0.039891 0.696293 0.392644 
0.527141 0.992692 0.081266 0.083094 0.525736 0.968174 0.441247 
