500 7
7722,5411,5775,1169,7783,6433,663
4407,515,2578,1097,4028,3475,5648
5017,86,2159,1413,9230,8466,2809
6898,2877,7968,3122,3262,6202,3668
851,9163,4908,8574,4574,684,9743
2358,7117,406,6766,7633,2984,7863
1661,6460,3511,6679,6546,5670,8092
5776,4137,901,2675,7014,8870,5798
277,5072,9467,1129,4236,4375,9703
8811,5060,9446,1169,2177,9852,7935
9810,2836,5798,1472,9296,9310,8151
5843,4980,6244,1620,9118,7146,4295
6132,6016,94,6410,1089,9561,7539
5325,3937,7242,4136,8997,6688,5306
1175,6541,3241,986,9378,9040,2458
8674,8350,610,4518,3331,6855,6138
2449,4001,434,8582,17,528,4992
1107,89,2531,6432,4027,9774,569
3024,6463,5875,4199,3004,9117,5186
2382,8158,7644,1057,6508,8255,5575
9839,5110,1714,2289,9111,2148,871
9129,2676,5863,236,2766,8395,6669
6793,8170,7238,9818,4633,3114,4018
7638,2232,9204,20,390,6848,1077
6899,5104,6653,6739,214,8367,9028
9326,515,9899,8455,3192,5763,8692
5958,4159,5361,2752,2329,2600,2570
6962,5715,6588,4600,7947,5792,4621
8338,2641,5699,5237,7745,2353,1976
7959,720,1005,7285,1236,904,5741
4429,6668,4433,388,827,9794,3140
3156,2395,5710,119,8110,2299,4720
6058,8091,9341,4396,732,5041,9634
8478,7394,1611,6437,8114,2616,3723
9351,3521,9465,3780,189,3898,4168
1016,3693,7309,4172,6088,3020,4292
4198,5319,9012,257,3410,8354,4654
4143,3395,4289,2622,789,5900,9059
8904,8517,2783,8256,2038,2248,2036
2228,6147,6205,3244,9840,3514,7417
5929,6534,1709,127,1853,722,385
5264,9076,5039,9408,2472,9328,2030
3262,5229,1090,2166,3746,3874,422
5785,6123,2459,8013,2270,8665,1258
2110,2179,8676,8039,8714,385,8167
568,1108,8553,5833,185,3592,5241
2657,2921,7272,5919,8150,8362,8086
1897,2237,8509,7683,8360,969,5696
630,9634,6955,2741,1814,5631,781
529,6017,8948,1097,7125,7502,6930
7311,1094,2172,9968,4016,9444,5888
2166,7807,3975,4064,44,2485,1747
8404,3454,7444,9035,3089,4399,1776
4904,30,2557,5433,6048,1506,6530
3173,9008,3461,484,103,5634,453
4119,5078,6342,6286,2886,318,350
2931,2803,2098,1336,6258,9542,371
9348,3941,2147,4252,3972,4705,9685
20,6211,6216,3194,5220,9677,3679
5323,5311,4133,9442,390,475,5729
3277,793,6079,6208,3597,8177,7544
9856,7720,7915,9204,1662,63,3456
5634,4768,3141,5655,980,9357,8849
6200,9035,2529,1523,4346,6662,966
4737,7137,6695,8014,7931,2775,4222
1529,953,1767,1385,8674,9683,589
336,9746,4045,5971,4515,7187,1626
5496,6545,476,1696,5580,3005,3220
9927,9667,4187,4665,6805,883,2679
4737,3659,6902,6266,4613,8669,7651
3287,8352,8240,3623,8099,2286,9594
2615,9474,1220,8111,6019,1697,9808
1600,4702,3029,1528,4370,7217,6194
1176,8100,8873,5913,1759,5776,2179
6373,4445,9830,9660,2798,8071,3283
898,357,2878,3513,9832,4098,1625
5851,5796,1434,7452,498,4463,8981
4869,1680,5175,6045,9781,4049,1958
1541,9825,4137,7914,4271,3968,7574
7069,2039,858,7968,2397,3736,1482
2229,7835,3107,8081,3631,4542,5534
4130,9006,4516,8999,686,9691,5044
468,3740,7003,2009,3566,1141,9924
7837,5109,7498,4907,7149,8356,2875
9547,2092,4357,1777,9928,7465,9859
3559,2008,5393,7689,1014,9910,6688
1701,9601,1733,2169,3342,8736,4179
6908,9877,4103,4746,4987,1601,9653
2136,9958,2529,1684,2051,6887,3461
1979,4353,3320,5538,6361,8714,3227
7375,8624,9916,9076,8226,1649,1245
1568,386,5424,8477,264,9527,3223
5251,1129,2877,7388,1087,5406,9072
3139,2293,2533,5118,6646,5853,657
3008,4568,3884,383,3192,3801,9459
1418,5451,705,2987,5837,6129,1464
6101,5657,4688,1353,6787,7566,8741
7874,2973,7813,1014,5266,346,6132
1913,6200,6789,4921,768,674,5305
3961,4475,4764,5380,9926,5470,8367
5764,1599,9832,1865,7257,4521,3219
4044,2087,1960,1919,5060,9773,2933
327,120,9066,2241,6321,5856,7163
7090,6530,2468,1051,1006,7233,6431
933,2703,4799,6697,4303,4631,8563
1560,9152,1782,5605,1239,3742,7525
6300,3516,459,6627,3637,9525,8869
9958,5381,6032,7048,1912,8500,8100
2918,5733,4532,3852,8437,9331,549
2740,3962,9113,4301,3115,895,9906
4355,4638,7431,655,8155,7890,7283
1792,7416,6152,1750,2798,2184,8799
4710,685,6899,7629,6418,1431,1481
4856,763,2031,7596,4725,1144,1897
7840,2040,1803,2196,6678,9235,2851
4833,7126,134,6625,4543,6286,8376
7341,8471,7175,2052,9156,4074,9681
5575,5506,1163,431,6269,3194,8027
995,4338,9925,8836,6378,1729,1032
3057,964,3883,7890,8091,4018,4516
2634,305,2892,9976,8776,67,2028
7932,4142,1710,3508,9648,2873,3939
5918,6067,1967,6913,406,1892,5749
6784,3622,6781,9841,4587,664,7732
2678,4683,2248,5313,4988,5141,5290
3764,5208,7318,1697,9351,9028,5205
8999,1902,9145,4917,7970,1113,1831
8376,3006,7580,5161,6628,4361,5003
1215,5026,2735,3894,9709,4984,9207
4698,126,4497,8462,5334,1816,160
4686,845,5365,3686,2747,4511,8603
717,5624,435,9094,8630,8015,4255
5258,2377,9258,6474,7404,1994,368
7114,6979,9576,1812,7105,4074,274
2440,5890,434,7126,6736,5800,812
9483,311,9416,201,5936,9851,9296
4566,7867,3551,9825,244,2810,6299
7648,4804,6668,4762,1783,6244,6575
8889,318,6849,1329,6209,7284,8456
2945,3084,9268,2429,3396,8685,2630
9333,8536,1926,3899,6404,5478,3725
6648,8288,25,4297,3093,6693,9060
4876,2937,5635,3766,3256,2485,5095
9465,9769,3551,2410,2854,2820,4839
6251,1505,7470,5584,42,9397,9484
6446,4875,3209,3095,3164,3235,7393
6257,9928,6453,1134,2866,2089,4900
6122,4575,9995,5587,4345,3547,7998
7200,6368,2838,3451,7873,308,9036
7915,9706,8521,4362,4581,1731,7457
7746,4966,4850,4003,4894,1304,5137
7761,3394,37,3883,7969,33,9471
2315,3581,7470,9515,9949,308,2966
7822,617,2003,5738,323,524,100
4905,2255,7558,2651,7221,2409,6654
2116,3713,1791,9877,7108,1829,3761
5078,1862,3233,7393,5443,703,6908
5393,1011,9875,3216,1628,1878,8954
1952,2403,9055,6857,4659,6614,9508
1880,9023,6163,3997,2737,7955,3874
9846,9784,7636,4924,1647,869,2317
7091,1572,9226,2484,2584,9101,5700
4213,980,4655,6165,3384,3711,3022
8043,325,2531,9924,9349,8694,3921
2086,6650,7795,1932,6434,5432,6857
8081,6301,9174,5173,7873,8401,7657
457,7502,3358,4670,8483,8013,836
1868,1725,3858,9911,2050,6390,9835
1399,5085,3756,3486,1735,1552,5419
8170,6984,2276,6252,3285,1451,1425
1159,9852,9083,1616,7355,2441,6287
5839,455,7123,7707,2180,982,7618
4231,7373,7454,5631,2458,1210,9117
4194,2763,4537,2364,9747,6813,8616
3033,8264,41,4192,8117,9124,5809
5472,1566,2096,1311,2021,9220,9018
4202,203,6637,8433,7576,4091,4065
35,5302,3183,4229,8065,7720,6593
7812,4533,5209,846,2798,5251,5038
915,4375,847,6387,5942,2944,7699
7963,2165,6718,2166,2368,3355,600
9945,7447,4665,9980,2749,7848,4209
815,5568,803,8627,101,6012,9474
2899,1263,4512,3815,5639,5360,202
1581,8305,7902,9545,471,4620,1711
2840,7976,2311,2785,5423,6977,2765
8173,4825,6975,8988,393,7778,7616
495,3791,7090,3395,5055,1602,7210
695,6963,7413,2276,5269,5315,1822
5740,9935,3534,8580,7911,5846,1365
3335,2823,4131,1508,7648,1106,496
8042,8885,8113,8538,2676,5203,1933
7731,6806,9144,8427,3769,6558,703
9038,1873,2526,4779,1809,6060,3359
9721,1906,4725,3056,4729,8856,4565
2378,9963,5062,420,8849,3175,8958
1525,8378,892,9257,5184,36,7684
8954,6594,8388,7993,8468,915,2772
277,6975,6131,9999,8882,857,3056
3612,9713,7621,5990,9677,2683,6411
8526,5858,5370,51,4237,6262,9309
9422,6299,6994,8376,2894,5383,6370
1362,6298,9142,1640,3274,5274,1639
2156,6131,4695,5768,5845,2317,1759
5522,5000,8170,4048,859,3540,4100
5097,9802,3410,4519,6102,405,2896
8996,5788,9266,358,2086,8409,1999
5360,3683,3639,7517,9815,8334,3285
5661,652,5044,1183,5652,3215,5232
6512,6755,9333,1609,6558,2744,6129
2660,3149,9025,1657,8937,8291,2016
1024,6700,4015,6384,384,7655,3901
200,5989,7187,5861,6642,2232,7045
2295,5447,2278,8807,2203,1611,417
8762,4355,6546,1422,7505,5571,3080
6442,3863,5096,7466,563,9112,3851
948,6767,7753,1148,2757,4940,7010
9399,7172,4055,1694,2620,6333,502
4823,7944,919,3585,2300,7465,5008
9805,3037,8088,6248,6900,3185,3715
7464,2297,7567,8412,9065,5320,9561
1822,260,6571,1222,7433,626,2916
53,6959,3418,4877,4904,4338,8463
7205,1803,3471,7011,4841,1560,3260
1741,4746,6975,9206,7043,4542,7618
6109,9863,7179,7931,124,3751,9153
7557,4377,2070,7611,1337,5488,2489
6242,9827,952,3447,1630,4424,459
6472,5984,3719,8214,730,695,7420
7774,5238,5039,3883,5101,2218,1815
5226,5970,969,2784,347,3039,395
1685,8528,2885,7927,8355,3837,1375
9986,8261,1835,6458,4246,5555,4672
4977,6250,2092,2752,1489,7132,6635
6591,9351,8451,1817,5321,9420,4601
5668,2459,4997,7354,987,7882,5282
9342,1720,6657,9328,9982,8493,5787
4228,4048,459,9206,299,2552,1958
1788,9684,8594,8380,9035,7045,198
4357,6465,4799,26,8925,9797,7380
9912,7680,2662,9255,9400,9320,8584
9382,7813,4371,3611,1861,4831,2817
2160,7384,4776,3949,7069,3370,2329
6105,416,2527,462,6881,7327,488
5807,7124,7868,5719,4804,530,4975
4204,9851,3559,3587,7664,7931,7199
9525,2762,16,1685,147,4793,5634
7216,8163,7964,3321,8580,491,3783
5461,7818,4271,1268,4943,2140,6988
9747,2670,1964,3952,2522,5523,7540
186,3455,4739,9711,6218,4756,1397
6365,9549,7032,3581,7713,4996,6903
6293,5488,686,1755,3306,4958,3024
8249,7098,12,7997,9769,1977,1949
2291,7501,9489,2477,956,4229,2188
7174,8985,3586,3540,8534,618,7121
6248,5615,4024,2541,1103,4711,4296
4409,9669,7320,2659,6767,7333,657
6536,9311,2606,8828,6812,2096,1305
7768,6325,3494,4943,5311,7080,8483
3845,7699,5604,93,3314,9629,2635
4417,4341,6932,8827,4010,4252,1486
778,1586,2144,7315,897,4751,6143
7710,6847,7449,5478,3173,943,421
8485,8024,8905,2330,5723,4509,2424
9038,4139,5060,3455,8480,1992,2283
2491,6245,3770,3269,7831,5914,584
8729,665,6728,6439,7513,4177,1918
687,5121,2340,9172,3145,1245,1502
8869,5755,3927,7907,9894,8987,1363
8375,979,3646,867,7224,7417,4136
5056,3331,4721,3786,3996,1449,226
1509,5627,2144,2196,748,4485,1368
3893,5730,2871,2763,1485,6799,671
1380,5787,2034,9755,6767,5681,622
3992,3098,4759,9049,6430,9480,2835
426,930,3062,1936,6558,5207,4132
7306,9692,5501,1200,5422,8373,3964
6907,5172,4635,8287,960,6670,8043
7727,2352,8665,1719,5450,3425,768
1881,2906,3604,2307,3837,6666,4244
395,1873,8377,7701,1566,3878,8902
6988,2252,2866,3895,7424,7502,2183
8385,4172,226,6112,6524,8892,7831
1975,2317,8600,3856,5224,2204,6164
9061,8871,408,9456,745,8785,7158
2311,2664,6061,9299,4916,8927,3195
2341,6429,5379,726,602,5605,6838
7126,4498,4670,9101,6816,3271,2958
2040,5476,9122,1101,4347,9531,557
5093,8316,7716,7404,981,3777,6704
5897,2704,9900,8239,9134,5279,8965
9736,885,5804,6863,5383,475,5965
2200,3746,8923,4240,9222,8046,5342
3570,7577,5900,8663,5894,3616,6068
6875,7393,2772,2773,98,2672,1012
9233,7951,9977,8970,8837,5782,5833
4221,6257,1798,6421,4,722,661
9227,8768,6004,2797,6346,1904,1461
2240,5520,7529,9116,2913,301,1889
3012,2974,2901,2245,926,2878,1215
9763,8661,7049,3984,4918,8847,405
4923,9570,1067,4150,8338,7071,6948
4685,8976,8409,6925,4496,5939,6041
7410,6240,7930,423,9215,832,2668
141,3710,3884,9905,2371,933,3889
7290,9780,4295,2213,9350,5362,6363
7689,2434,3311,2374,1411,1721,9300
5907,7660,5342,3318,3901,3272,3741
3116,4105,6410,3258,7815,294,3163
187,1227,7053,7478,1008,1348,9692
359,6711,6055,8049,9146,9367,423
557,1089,9724,6464,8750,5066,9783
2651,8339,3524,5768,2444,9935,9026
260,229,2190,448,1456,9243,7926
2465,591,7618,2824,7303,3674,873
6449,3042,1297,7006,4131,1021,3471
2881,6087,3254,5533,4426,6779,1301
6871,6714,328,7131,6944,2518,7579
8401,1762,5505,866,2354,3124,3690
9657,6798,4564,6106,9841,5861,3112
3973,6882,6584,6855,2970,9838,2388
7397,6618,3690,4268,3333,4019,1399
277,6538,8979,8678,8300,4484,9544
654,7609,3235,312,4408,7799,6418
4249,3660,9531,8222,543,6116,5078
3513,5954,7467,911,2573,1157,5179
5906,5176,6579,6183,1715,5558,4861
15,43,4406,670,7652,7641,983
2060,5440,7402,6310,9100,6933,4533
9644,3049,9611,3157,9004,7078,4068
1577,8236,9248,7484,3413,5827,3667
5128,1385,8529,5143,1428,2935,5814
9081,576,6797,1142,6016,4199,7452
5117,1133,1985,4761,4183,1597,7919
3188,8676,1988,4766,6912,1236,2250
325,7063,5918,5453,8449,4447,597
9878,7382,6412,8959,7959,3210,101
3976,7409,7554,9093,8543,9539,3855
2726,1136,1774,5914,9813,3762,681
6725,4999,2931,7051,2063,8849,2505
512,3296,3102,390,679,9515,9350
8638,2725,9452,2615,135,7006,1708
8678,6545,5564,1405,7682,7338,7320
7495,1101,8001,4221,6100,932,1272
8163,9782,3777,8676,3078,6880,9067
3758,6395,8417,2397,9121,7869,5012
9256,4876,6721,7934,1422,2285,9339
9105,9624,6659,6601,725,4660,822
6826,5593,2094,4990,5375,5872,3666
8454,2752,2734,2213,9148,1151,4610
8269,9021,9623,7525,3898,6344,5460
5320,8629,4800,4425,8254,1460,1026
8979,6121,1848,5806,1714,3943,797
7090,9815,4463,5545,2568,7198,7758
1717,8350,2368,9986,7371,1992,7512
1269,8336,2973,6590,6966,7773,1015
5220,9234,2041,4200,5355,3890,7
7070,7833,804,4160,7649,5268,9706
218,2466,7464,1935,816,9833,1922
8188,1825,9434,9458,161,2407,6048
7128,181,7063,2349,9415,9104,6549
4771,2995,6556,1841,828,7361,6002
8478,2629,5708,8696,5095,3172,631
5911,3005,2554,4099,4831,1988,3557
4993,4396,9605,2121,4578,6669,4471
3994,5774,1021,8765,8769,7578,607
9598,4939,6609,8076,7568,2318,6773
2663,5491,7405,8575,8497,9959,2675
3328,1948,6233,8321,6344,5839,443
923,2508,4914,4917,8282,5935,3682
7052,3513,4290,6650,8452,900,4727
6021,3218,1501,8685,8709,8906,7260
7207,8866,9935,535,814,6169,8857
7159,2008,9300,8082,4516,4215,2999
2799,151,6682,9851,3664,972,6502
2117,1872,1229,8138,5091,2730,6823
3801,1637,4084,1008,503,4020,1543
1317,189,401,8476,2197,9702,6558
6714,3917,9558,9513,4068,6241,9364
7733,7213,5866,9851,9086,7096,7990
4178,9827,4814,7979,1464,8898,8987
1967,2918,531,3284,3108,932,1761
5306,634,8320,2020,4552,7878,1533
8620,4119,898,6354,1333,6765,6205
420,3861,4195,4598,3688,9009,2577
5153,7908,1565,7120,827,2096,405
3935,3029,2166,9241,3663,486,1261
8215,8365,2795,6836,2485,3693,3191
3819,459,9396,4239,4321,3592,8838
8010,2602,1416,3163,510,2981,283
1338,5078,688,5273,8108,2855,4515
1772,3342,5777,9988,1708,8572,6824
4193,2266,16,8013,2726,9412,2253
7047,3005,1091,5057,5607,2508,8220
6118,5490,8504,7456,568,9192,2730
8677,2048,7246,449,5390,3023,437
7098,1596,7262,1292,3863,7278,9305
6589,6691,1558,3637,9696,2650,8694
5304,5158,6915,1423,648,5419,8879
1217,4612,1610,9894,6660,8856,344
2051,1880,781,9149,3476,8043,442
7340,5322,9748,3929,2013,1307,7567
1709,3957,6261,7014,9116,3176,8437
9764,8595,7316,982,3208,8927,877
9868,7783,1221,1919,9664,2003,1069
3141,47,1511,481,5369,1260,4411
7382,2567,1978,9092,6524,8239,6106
5640,1416,4543,5405,12,1860,6388
3220,788,7265,3088,8572,8487,5008
8236,490,6077,1377,537,7589,1858
5906,8849,6270,3289,1416,8248,2381
7941,6488,8488,3582,7904,3032,8988
7917,4893,5376,1137,5681,2641,4226
4253,1128,9234,2490,1619,5312,3867
2156,2902,5726,8063,1751,1996,1352
3168,244,3734,1110,6732,2222,4692
4637,5255,3680,2555,148,9056,3692
5830,1698,7919,83,2827,7154,2573
4446,2467,6441,6602,5369,2167,4665
7121,4163,6018,289,4408,9752,1400
1141,1975,6092,5779,7230,9773,8334
7379,8830,2027,3209,528,9946,3293
3356,7100,5867,7802,9567,2308,4405
4937,4476,9070,2058,8640,5088,2348
3048,4841,3748,4190,6816,9840,9969
4047,9614,8304,1426,8444,331,4635
8973,277,7929,2329,7378,3796,132
6946,6104,4537,1883,580,3608,3941
9221,8697,6289,2269,3538,37,6460
355,9878,6430,4402,9493,4734,5828
7938,5065,464,6911,5343,8394,9241
2722,2190,9373,9669,8295,3910,1552
8875,7519,5494,8096,6216,1784,366
9755,1822,6827,110,1701,3257,4512
1194,7991,341,9132,3057,806,6043
8401,9200,5285,1123,1390,4658,792
9685,8569,2345,8561,6088,7839,6658
2305,9623,7025,2060,1446,3852,2170
3147,7109,6683,4341,5101,7024,3473
8158,7831,9517,6560,7032,4803,7684
8423,9461,8477,8109,8031,822,6671
4120,8662,3329,6425,8286,355,8485
9732,4207,656,2879,1317,7339,7220
6419,4364,694,4577,2195,212,1138
9228,5015,8822,7651,4477,7299,5760
2509,8122,2431,6629,6784,5761,3054
5070,6117,1540,4803,325,2196,7682
1642,9535,4903,8061,3900,5598,2639
6096,5810,3777,5324,826,2600,2975
5304,9899,8736,7813,8022,1168,4442
4806,6930,7497,9877,3047,9037,4680
3372,1234,2363,5014,770,7266,3076
4670,2865,5716,766,8675,9494,6091
9502,2094,9067,4806,1994,7804,2620
16,8972,7062,4823,5902,4559,4700
8950,3597,9381,2322,4832,1744,7337
5602,9011,414,273,1876,6130,1039
552,5624,7131,55,7718,6198,4861
9713,4002,7481,9729,2975,4544,4553
8878,9104,9253,7828,2702,8635,150
7534,379,7488,3136,9390,7902,3409
1267,4033,4449,1820,9657,1580,1875
7376,7779,6736,7089,1782,4218,6819
4757,8763,1372,3635,7867,626,1463
569,9261,1614,8103,9640,9103,1240
9031,7005,4650,299,1038,9099,2119
696,680,3994,8072,8460,731,5162
242,4950,1981,4999,3713,3354,8634
1581,3980,98,2151,3242,1713,255
2883,816,1495,1915,7821,6145,2214
8860,5245,4333,9556,5925,8328,7629
4386,9059,2791,4628,4010,4773,9627
7723,8128,8262,9305,2109,8361,1456
5351,74,1711,8234,890,3206,149
8712,9352,2364,7572,4598,6698,7129
524,5026,4759,4910,4086,7551,9538
8096,2325,9166,5820,454,7428,5125
2563,5790,6581,7915,5864,8293,6150
6755,1500,6299,5467,852,8664,3040
5451,5362,170,5975,389,4929,885
4476,2481,423,2573,4806,9590,8393
5260,7018,3519,7824,2809,101,5739
8673,8394,1889,5428,9894,8189,896
747,6853,3936,6198,2216,4106,2174
2606,9036,3059,7082,1517,3483,9655
6324,3073,8048,1584,92,1568,9409
2902,1669,5148,1575,63,7037,7004
9958,5227,7900,706,2081,1836,6904
4297,5943,9079,6903,4979,2138,3986
6496,5622,3641,2821,8696,1690,4405
8789,3258,3815,1691,4928,8963,3267
4992,6001,271,4950,1228,8171,5656
3309,8,2561,7607,5951,1640,4511
930,3779,8497,7427,9402,2138,248
8098,3829,4654,6887,7087,8469,8579
2015,7433,1846,7007,3435,2117,1958
4664,289,7615,7974,297,176,5581
6249,1817,92,7180,5596,8590,4608
4998,729,4856,3097,4558,9511,9985
