500 7
5571,1926,9085,4964,4340,4899,6776
3934,8302,6304,5422,2262,7367,1751
3763,820,8906,124,8134,5340,7424
3787,8141,9051,3746,3358,7304,4182
7282,2451,4800,6184,5011,5106,1595
7257,76,6924,2768,4921,2383,4970
6012,2985,1189,3921,6476,7098,5251
6293,3256,677,9324,7029,3317,2456
5125,5826,519,8751,9606,878,4393
9389,4646,4981,8851,2084,7319,1646
283,9164,4132,7616,1178,6091,5878
9273,5978,3113,6784,4756,7746,1781
937,5681,8186,3941,250,5740,5292
256,3069,8539,6351,7019,3527,9158
3908,5836,5036,6013,3176,6493,9759
3104,3341,7869,857,7647,5725,9116
3457,1978,4319,2844,5085,2948,9764
1831,4858,3245,7973,2435,7143,4420
4685,8082,1936,2720,7665,2903,5796
7384,1144,7586,4738,8090,6125,989
9176,773,7513,5532,875,7983,6180
9838,5256,1058,5330,6991,3758,946
6648,4247,8692,5880,2986,7120,7917
456,1347,7879,4858,5466,3275,8245
5241,6456,5988,396,6408,1963,3314
1979,5843,9801,2643,7932,5536,1457
4531,8225,4215,1357,8639,2883,2655
4391,6675,8022,4254,186,7457,2891
5469,5356,5578,7669,1376,7253,1123
6385,3110,8269,7528,2247,2827,5177
1598,8201,7711,6294,570,2516,7498
6312,5940,9313,6189,7042,2829,1964
941,4246,9985,2505,688,8385,6925
8407,2598,301,4862,4976,5263,3248
7936,8803,247,2516,9583,1396,3107
5415,3932,6230,977,4595,3212,6808
9812,7430,6627,1431,5075,2766,1769
9814,3976,1152,8717,3056,3372,1679
5949,2758,4064,5838,3731,3821,3491
5636,5038,1606,4993,5607,6808,7325
9956,703,8724,7018,2657,7397,3309
5463,7340,3831,6541,2215,4644,1789
9193,1003,3612,4905,2864,7213,5338
276,7500,2079,5797,8603,2365,9436
1830,2370,5376,5526,1431,9954,6075
4132,4324,7243,3027,7078,4346,7361
5088,3226,6793,7072,348,8278,2316
3934,5414,8617,2530,7411,2581,6990
1849,5439,6724,5588,710,6548,5932
4784,748,8988,58,8850,4680,6428
3668,4029,4730,6304,2296,2986,8840
5693,749,4339,3196,5924,2243,6505
4991,6369,8728,280,4785,7282,657
3877,912,5768,1696,7440,6096,7825
7014,2416,8574,4496,6642,7625,141
3207,6611,7013,2910,2196,4892,8899
6200,5324,5445,2207,442,5577,9843
8220,2596,1627,6871,6960,8473,2118
5201,7289,6893,1107,3978,8826,1860
1010,7569,4683,5906,6995,8974,2102
4834,3621,9007,6693,6900,4789,1613
1016,5783,4822,7449,6987,3327,9414
9076,4897,3360,9973,2846,2440,800
6300,6650,7693,1161,5723,4939,3818
7025,2064,3130,5552,6628,2706,8200
5007,6469,3197,378,6046,8763,3345
5937,447,5648,8698,566,6228,8885
7479,4098,5016,4964,3614,2445,6999
5096,4693,3564,6434,6967,1244,9039
3151,6872,9567,5309,1124,3141,5721
4493,7152,7541,7956,4620,1984,5897
5636,1808,462,8123,4982,1712,6447
441,8489,9474,6845,5901,1108,8606
1865,2629,9330,9663,5009,3331,4437
5597,3683,5021,9502,4188,5611,1005
6338,2745,360,5656,4978,4630,9036
6055,339,7933,6350,940,7246,5728
1800,8393,1135,7351,2336,5156,9110
5683,4534,4253,1825,971,2936,9370
4915,1177,9663,6304,6265,3473,4032
5200,6628,5971,5845,1882,6967,1361
1944,8829,6833,4181,2121,135,6861
1689,2673,6263,7456,3242,5896,7605
8076,5284,2524,2309,5316,2809,7801
3652,7456,9466,1246,2198,7914,520
4896,6363,1942,4275,8293,7224,1557
4166,3074,9264,3283,7066,2400,5597
4455,6616,3242,5193,6148,5317,3514
9302,7992,4702,649,2796,8239,3446
5125,2261,7916,8393,4313,5536,5803
3719,4493,1552,9701,6889,4959,6316
4753,1677,8011,3751,940,5560,6973
9553,4906,133,8313,4965,6878,3701
150,8032,443,4455,7968,5180,5142
1633,8554,6009,8018,3364,8451,1421
130,4150,4704,7395,3725,6682,6514
9177,3771,4598,3156,1726,9478,450
3462,516,5616,8827,3026,3412,7148
3526,4563,5748,295,6347,7778,7603
5686,4113,5064,8544,3213,715,4296
924,9044,2200,5920,6797,4299,2789
4542,520,3546,5383,6837,4812,4198
4142,7854,6931,560,9157,427,9190
4274,5850,7182,4254,410,6838,8823
4485,856,4278,5864,5014,5929,269
3532,958,1930,6318,4746,3141,6240
3746,6680,5666,5863,5839,6692,5639
5571,1683,4419,9610,1133,654,7619
6729,3264,7409,1887,8028,892,8069
763,4894,5589,4104,4447,5927,6253
9574,946,7342,8248,4844,2225,4209
110,7230,8267,7347,5069,1160,5733
7832,5101,1599,7855,7560,4444,1624
5936,5807,2469,5424,4396,1815,5967
6930,8570,7127,5351,6393,5535,1155
6012,718,9638,1160,6186,1094,5720
7235,4701,7476,5726,2389,5685,4809
2073,4062,9009,2891,2658,3907,9846
6240,6252,3671,7081,1094,4559,8663
6232,5233,8843,5909,2097,5930,523
3300,3960,7654,6671,4491,6664,3948
6918,6055,2233,6105,5401,1903,7487
1687,1847,8910,4699,3515,7778,6174
1769,3994,550,8372,1432,9346,9713
5800,1125,4433,8419,4513,4266,9897
7331,5166,1732,3572,2613,6971,4090
1315,2383,7886,4233,155,7190,5634
4706,2886,6879,2874,9582,5297,7931
177,4795,8572,2288,1700,6295,6986
6216,4470,6156,6231,2354,1192,5918
1500,5408,8431,4215,2312,1724,8186
5314,2841,9464,6060,1435,8057,257
6308,1552,1535,6127,5201,1442,9608
6240,6912,682,4051,8404,3216,4362
8133,5253,3737,2766,7757,5658,3509
7871,2575,3626,9115,5753,2792,4287
7745,3841,6507,5718,784,8979,2773
116,8043,6822,2711,1894,5305,9490
226,6939,5694,3486,8203,6601,4104
2706,7763,2763,8002,7086,2252,9771
6374,4290,4211,4779,7302,5047,3676
3028,6965,6808,6712,3160,3711,3471
6312,5598,2769,7197,411,7520,2838
1891,8766,3247,3417,4638,9271,2149
4822,6631,3698,6691,8403,3968,2155
6741,2285,6909,5742,8624,2376,6942
859,6633,3409,6605,4668,1510,6197
6553,634,2382,3288,5529,9539,3699
5503,4130,2477,3778,7931,5238,4330
4429,5911,4959,8643,3124,5798,700
4883,4347,4013,5560,8027,4189,9421
2990,9670,8644,3899,5722,6285,5571
9500,1878,6243,1228,9739,3865,405
7344,3231,4628,6333,4174,4875,6968
6276,2581,72,9950,5779,588,7784
381,5454,915,3537,9704,4210,7027
118,5711,7366,8128,6617,3719,5438
3929,1615,7270,6251,3550,8956,3469
2406,7028,7663,5142,1845,7587,3089
612,7388,9582,125,5038,4320,7583
7711,2818,2196,3326,6174,5844,7780
5871,2217,5558,6884,1980,9588,1072
6192,4686,8425,1226,3364,6556,7268
7646,3334,2574,3988,8731,2249,8885
2753,2169,3649,3706,3964,4275,7091
281,5956,4494,7073,8605,4626,6952
9618,566,8385,826,6871,1584,2840
749,5040,2643,9684,5736,208,6703
2513,7142,1932,6997,8337,3746,4012
3955,6365,7169,5137,5923,7640,465
5578,757,2558,6995,9535,1586,4595
473,7543,9985,4168,3180,302,7079
4380,3711,7729,1643,7376,7386,1450
6937,4403,4414,4347,8577,5443,1870
4485,3299,8274,7968,2539,359,6499
5370,6670,5076,6562,2763,5344,2514
4731,4699,7982,4431,9023,954,7365
6943,934,8579,3991,6363,5085,4445
3593,6356,2380,5204,7271,1819,5959
5216,4716,3202,1159,8812,4613,9673
2693,6631,525,4030,7455,7929,7401
6979,785,4879,3557,4515,5798,2448
5207,147,6677,5706,8140,4216,3706
3127,6143,3966,8632,2986,5300,8641
5297,7920,5640,4311,1091,4643,5251
7466,6943,886,5283,5204,4592,2034
6409,4581,1462,6779,3829,2905,2015
6175,4151,6143,6726,7372,3503,5844
7989,5461,2979,4744,3786,8724,1631
2309,2803,8091,6895,3418,5472,2898
2608,3077,6711,2248,4949,4177,5387
7819,2551,8290,9917,1052,6246,359
5164,108,8613,7647,2109,8887,2114
6470,4890,3364,7200,2075,6700,9307
5660,2559,7165,4119,2646,7080,5096
2873,8222,1084,2462,4040,8915,6062
8593,883,6578,1087,8993,8911,2293
4635,6820,3177,4072,5072,554,9907
169,8870,2091,9929,2091,5413,8145
4397,5364,5627,3772,7655,6945,1569
1004,6536,3229,5065,5024,1358,9538
950,6431,3393,2483,4378,3632,9512
6110,1425,8869,680,4923,8834,6195
4131,4120,3806,5239,3828,2066,2942
3303,9345,1449,4455,9531,929,3661
4031,7326,4633,4356,2864,6599,8792
1467,6808,6213,3680,7680,2759,4777
1364,8018,5442,4571,5909,1710,7325
2813,2134,5295,9357,2976,7160,6596
8513,2944,3302,7671,6052,8115,2462
6668,5743,2679,3795,1555,9472,1127
5095,1678,8056,3808,8610,594,2990
6932,4999,3985,7809,6955,4154,1990
8623,7763,106,3486,6281,2205,7363
2726,4026,1724,3963,5800,6942,2056
4128,9549,6518,2714,387,4768,6294
7429,3505,2628,2559,4755,9747,1205
7301,1567,6431,1732,9799,373,6421
6700,5402,3850,8994,6417,7878,102
6733,6197,159,8714,2541,1975,4278
4936,4967,2451,4448,429,6178,7747
3289,3906,5995,8698,2414,8460,6264
3587,7751,8389,3808,3196,929,5226
4402,2062,5233,3471,8621,551,9599
2493,6400,496,2027,4704,9605,4773
7319,7497,6383,3136,8649,7827,407
9643,313,9361,9246,2453,1756,4818
5921,2065,8669,3316,7967,4332,540
6885,8810,2612,2235,6306,3786,8449
8039,6858,2274,3233,5892,4325,7121
9456,6304,1579,7803,5902,5980,2182
4194,6000,4585,6714,8157,1679,1568
3280,3951,3183,2148,6668,7292,4306
5280,6813,2213,1684,5902,4396,2008
1760,5437,3902,5389,8718,1500,6663
5063,3766,7750,4191,4537,4090,9201
8181,3340,3037,6445,6098,9266,684
7885,5341,6459,140,7077,2304,5754
6220,7311,4891,1838,3113,2286,8979
983,4858,6399,8515,4999,5386,5550
5088,2994,27,6580,8286,1910,8343
8116,4122,1286,536,3805,7023,3316
6152,1137,5312,8312,4674,2013,6428
3748,9753,8581,4811,2795,3556,6955
3732,3535,8354,8016,621,6675,4057
3821,7671,2211,6586,4706,748,5424
1974,9895,2392,4803,6017,1024,6827
6173,6307,3414,2218,8779,1550,4853
7789,4429,6841,2147,8154,892,4134
4994,1578,9412,3751,8629,6279,3525
7925,5013,7552,2421,4131,5367,5487
5604,4475,6519,3724,6930,4960,1922
7091,1729,8821,7452,1350,1075,7991
9183,6206,4744,4509,7161,1114,3893
5038,4820,5005,2807,2502,4432,6953
3276,5370,7486,1076,8496,126,5495
464,5265,6789,6443,415,8331,8716
4907,9075,3406,7974,6045,8755,517
6132,7625,1824,9011,3588,6682,1909
1919,3642,9891,4061,9587,5513,6123
6654,4319,593,7247,5081,4446,3091
4582,2309,4692,6031,6113,3109,3515
3795,5875,7304,4055,618,3548,9436
2737,5845,4370,1449,4543,4393,6521
3281,4938,9973,4234,1384,2418,7562
3314,5730,2390,2427,7205,899,9633
2532,3488,5577,9422,407,4357,9820
1791,2336,8857,9012,3834,3450,4957
8076,6840,2103,5692,5377,3192,2405
4109,2063,5973,5453,3303,7269,7945
3444,2971,5547,4423,6733,7789,8642
6549,8728,3846,1089,6662,793,5509
5395,8339,2126,2312,8137,9117,732
5557,4750,5653,1690,6552,7633,6017
2203,4319,9369,7994,1823,1018,6992
1343,8540,4594,344,2819,3145,8671
6559,7085,6886,6442,5033,4049,424
5954,5176,3675,5184,9743,3657,5326
6271,5578,9268,3994,2047,7699,1458
5407,7856,1962,2682,5340,6369,5766
4501,8419,3662,5058,3431,4356,3500
9770,5711,5789,5303,1488,7975,6474
8086,4482,96,9357,4418,9006,992
7355,6268,2312,4190,7474,6757,1028
8817,818,7612,7031,9864,2124,2730
9800,2976,7512,2429,8713,4733,1364
9641,3521,249,4841,4967,6704,5209
3167,376,4729,9366,2862,4097,6152
1939,2298,2556,3836,5352,9354,4322
1641,3296,3819,4675,6207,6872,2653
3982,1086,2003,6257,9196,3625,5581
8718,4212,4588,1314,5604,4550,8175
7310,914,7734,2046,6719,8453,3107
6581,4104,4610,5664,4037,8190,4789
5113,1822,1840,8372,4085,5603,6344
6086,4511,4752,9656,106,9435,3162
5761,916,5480,4464,3471,5311,4643
1735,5317,7538,2581,3046,7949,5307
6909,9359,3567,6398,8056,1051,3750
4964,1074,4351,5950,3528,5567,7527
6369,212,9478,4570,1982,9725,982
6842,1213,2431,8196,4399,4036,4461
7780,3624,547,3299,7660,549,6531
2963,5855,7778,7706,4038,3080,8121
6972,257,4225,9193,4292,7843,2762
4201,3777,8099,2942,7377,7315,7293
3391,906,4784,9521,9157,4855,2082
5161,2678,7496,6681,5708,6891,4592
2503,7626,1907,2667,5289,3091,5354
6110,9085,3238,3258,4767,6019,803
7564,3006,9236,4831,7191,7460,755
5256,1309,6556,2029,5393,2115,9004
3555,6134,7590,4849,7223,1076,6263
9524,2482,1713,8181,7747,4555,1256
1030,5466,5213,9706,2973,4289,9024
9544,5014,1352,7181,7716,3701,4320
7995,3061,4699,5340,9614,3667,4274
4959,5412,2606,7524,1650,5035,8616
5833,8729,904,8753,7466,2893,2842
1179,6622,8047,4898,2722,2483,5287
5058,9685,2594,8545,4157,9482,2287
3689,607,8576,1564,3658,6184,7498
9,9063,7483,324,9416,2765,8052
2959,9023,3446,4348,3015,1563,8036
5276,9275,2013,3359,4605,6203,6893
2286,3943,8239,4510,2202,8591,3290
4540,4684,7811,7744,7344,2275,4346
7641,5406,6482,2797,4009,6661,2801
2609,8919,6953,4370,2957,6561,8213
8699,5863,757,1785,6910,8951,5066
9555,5737,7646,6078,3069,1681,4344
1243,3970,9498,4342,7428,5296,8186
3451,3281,5190,2533,7865,7093,6935
6997,5128,7119,3607,1197,5495,1978
4831,2217,6503,664,5523,7266,7375
8664,345,6824,9850,985,3742,7201
9454,895,6381,1683,6915,3326,2400
4507,3219,5044,3224,8511,3891,9233
3240,4326,6053,2449,4806,8981,8186
7306,3842,4475,6707,7632,5732,1415
1346,3115,3189,9125,860,8907,5516
5658,6003,3125,2136,7034,4138,3347
1786,7001,2227,5333,4502,5005,4894
3248,9586,2614,292,9022,5191,8565
5722,3807,7982,4604,987,7830,6271
4380,9413,5425,3322,3861,5631,2646
5266,2934,6632,4091,7166,5923,7562
2501,7165,7054,3639,256,9583,4974
3723,6396,7390,5690,4394,2668,5818
7349,6089,2915,6340,6393,653,5030
7972,4348,941,8652,1214,1516,9626
1405,7817,7777,857,7799,8033,4481
7300,4804,3809,7928,2443,4351,5990
2269,7484,2484,7812,3330,6835,1333
1674,3486,6250,3226,6756,6422,4873
5256,7054,3143,8412,2562,9061,4965
7324,9177,2438,1616,6493,2600,5574
2391,2687,7668,5618,5306,13,8310
4357,9329,1252,5381,8184,4447,5046
8802,5119,6884,5067,1004,9149,1006
4950,3173,3749,8204,1299,6421,4364
4963,6368,2670,4892,5447,9415,5024
8470,1038,7417,879,9035,1535,3341
916,4608,2168,9059,1652,1217,9963
2424,8246,4904,8122,844,4009,3637
681,6955,409,5457,8334,4525,6070
5890,6051,6120,2226,1499,4550,3741
1844,2942,7091,5505,1401,7750,6862
4410,5325,7991,2589,8107,101,4533
4677,7298,5295,2485,4011,8030,5600
4658,9866,1845,3708,5395,9449,4427
8939,2277,7963,1740,6354,3384,5552
1676,6695,1453,8303,7482,4943,6460
4664,1707,5960,7053,2550,4724,7894
8335,2307,5016,7070,1002,8028,1790
8883,5911,5397,2692,4454,1220,8603
9062,589,1592,3704,7463,7677,4555
4227,2519,5327,5464,4204,8321,8870
3227,6315,5154,9496,5066,2552,6226
3119,1864,4979,9942,2136,7524,4051
2176,7952,3877,3019,9547,2590,6882
4576,4364,5601,3281,5760,7351,7791
7650,7624,3546,6899,3749,8433,490
6531,2643,5447,627,4268,5653,7217
7788,3125,5908,3879,2619,5502,1640
5082,3757,4260,6147,1871,9564,5155
6870,2155,8849,6181,6559,2919,1732
6551,2681,4173,9881,282,4966,8190
5711,4355,3814,3470,6133,6272,4006
7357,7552,7670,2147,2146,5404,1767
6127,2595,5173,5067,4244,3257,9243
4397,1010,9729,707,6765,2716,8967
6399,901,9464,900,6819,4663,9997
2595,4386,9096,2962,5805,6591,6761
2657,1327,8413,6251,8529,3535,4156
2515,2815,9617,748,5409,5625,6578
7112,7469,2189,7658,1724,8464,4274
2541,9333,3492,2661,7566,214,4899
7823,6424,5329,5610,902,3085,5792
8487,5590,1806,854,9803,3332,4392
5508,2896,4505,6306,3620,3970,7534
9456,1285,6431,6804,5064,4925,3201
9477,2602,4783,4377,1585,2122,4320
9221,3172,3413,3762,3582,9656,1664
3964,1934,3858,5836,5994,5815,9440
6935,6572,1838,6668,7067,5377,5105
6082,3538,6094,5771,8537,2273,7684
6331,6590,2158,7907,1464,3831,2989
8271,2894,8745,2733,4180,2789,3459
7889,5431,76,5446,3775,5302,5606
4736,2820,8167,2351,771,5217,7193
4931,2154,8935,6242,2824,8003,3120
1408,7035,5311,6322,7050,5218,8081
791,8117,6873,139,5614,8130,5525
2369,4999,4121,9211,2199,7285,1011
2253,7054,283,5508,3642,9220,3025
4024,6861,9741,3657,855,3651,6767
4337,2247,5593,4797,7139,2485,2215
7924,2259,2673,7814,677,7076,1637
7849,4517,7852,4291,6640,3532,1170
2314,4224,9517,6003,6480,4004,4803
6878,4648,1328,2451,6979,8313,6889
6096,1589,4382,3529,9375,8207,2045
6807,3201,8831,3965,3036,6110,6144
6009,4495,6824,1122,8030,1012,7475
6737,5706,5665,1538,8635,6328,5015
6200,1593,3954,6660,2856,4640,2619
7525,4215,7489,3361,5596,3036,7247
8984,2357,3770,3902,6667,2265,9545
6103,1120,5825,4146,5989,4775,5341
8773,4642,7360,115,2788,4505,8976
3889,3351,1998,6074,5692,5932,7385
6537,5753,3255,5938,4673,9132,1988
2997,4193,4673,5884,8846,5428,5744
5335,7152,2004,7344,2144,8895,166
5993,3402,5299,2767,752,5246,8568
7979,1402,3598,5762,2770,4765,6909
3210,3892,7783,7875,3906,3613,9282
7337,8246,4256,7833,3072,1099,4508
2278,5090,1764,6681,9986,6860,3533
23,4462,2387,6466,1951,9986,9685
2574,3948,6092,2314,6041,5210,3484
9327,5989,4575,387,6373,5254,6926
7385,3587,7181,5754,5204,3980,3478
2863,4265,5173,9003,369,4138,8719
2138,2577,3995,4275,9960,4632,4680
7378,2304,3869,5890,7168,2099,8742
2750,7849,8623,5255,4580,2541,1035
8177,3890,2651,4703,6295,5147,2324
3270,7298,1842,7551,3271,6355,5153
8949,1405,6613,4255,8991,3381,161
6922,4840,3443,5366,4717,9453,2612
1727,9344,1723,6690,8339,5102,3790
4075,5584,5641,2492,8265,5009,5484
1850,4566,9179,3288,4828,5413,4784
410,2745,7451,2227,9432,2424,7041
4426,5736,8466,6150,7299,2105,5424
5294,7441,3848,7333,4466,8013,699
5746,8263,5354,4327,7953,5740,418
8184,7200,2079,4671,7000,5369,3067
7649,3905,4854,4852,7194,918,3969
3009,9807,8943,2013,9449,4381,4246
9564,3841,5552,4386,1428,3205,7530
9006,377,5394,2563,6225,7779,2639
4563,7660,2829,730,8808,6916,527
5102,3762,3798,4908,778,9662,5450
3932,1983,3251,4617,9470,7076,5710
468,9382,2559,7398,3105,5847,6522
3193,5086,5367,751,3665,8148,4366
653,6770,4529,7913,8724,327,8495
2904,6965,662,3933,4432,8264,5712
6862,3763,4650,6536,7364,1436,5629
5490,84,3541,7297,9147,7091,3675
3709,5397,3788,8803,4338,2405,5607
5403,9148,874,1924,5545,8198,3611
6559,1052,7728,2383,4403,6085,2213
5003,7756,6809,4854,2455,6430,4487
74,8774,1585,3193,2046,9835,6381
9629,6846,6776,1518,2543,3734,3310
3227,3609,4604,5299,3855,3936,8882
6000,5109,3347,1645,9284,4456,6042
1026,8450,1297,7191,6294,5089,8143
5937,2140,4541,6269,4106,5049,8974
2300,5498,4783,9214,1003,4486,7246
9913,3808,3512,1240,4593,3493,2263
3541,5649,4532,1122,5011,5654,8311
8597,3967,1454,4121,6377,4856,8161
8373,3833,2304,6662,7696,7879,1114
9225,2195,405,9603,5595,1724,5443
4482,5493,6825,3827,8811,251,7859
2996,7592,2642,8101,2674,5374,4675
2396,3133,5415,3696,7038,4507,7536
9306,4624,4227,6157,7995,4504,879
3535,9046,1110,3607,6446,1812,9227
6908,21,6650,6915,2085,3378,6315
842,5231,5215,8027,6180,8445,4344
8617,5187,2957,6322,4652,9296,5316
5664,8145,4429,1336,2852,9376,486
5515,6260,4561,7951,398,6962,3926
5271,9926,812,830,5257,9681,4412
