500 6
0.866475 0.920022 0.981614 0.532324 0.010139 0.632475 
0.192684 0.256519 0.746295 0.264277 0.198972 0.174696 
0.798806 0.217172 0.439836 0.905146 0.898098 0.600203 
0.920197 0.455154 0.449104 0.503635 0.784069 0.169584 
0.788997 0.015538 0.386093 0.461588 0.142250 0.006325 
0.398303 0.008726 0.926347 0.379917 0.541050 0.936486 
0.012393 0.733734 0.193005 0.758687 0.998010 0.391977 
0.933384 0.796816 0.609149 0.373219 0.701963 0.507247 
0.973422 0.622160 0.962402 0.422526 0.125795 0.746470 
0.592110 0.914792 0.762008 0.978203 0.376380 0.904259 
0.984528 0.774683 0.912984 0.910875 0.154600 0.454034 
0.847361 0.166992 0.187768 0.040366 0.925680 0.185778 
0.432343 0.859063 0.982594 0.041493 0.232282 0.684557 
0.548740 0.205704 0.306717 0.511142 0.628230 0.432512 
0.257612 0.220341 0.347304 0.019620 0.198544 0.723684 
0.923878 0.183072 0.498367 0.836862 0.093947 0.652967 
0.290896 0.941309 0.819959 0.478664 0.981675 0.745639 
0.664442 0.414018 0.604702 0.647037 0.455511 0.836984 
0.331594 0.004251 0.042688 0.638311 0.515392 0.670918 
0.070824 0.773004 0.891259 0.418128 0.792624 0.089803 
0.141812 0.716502 0.272875 0.640179 0.553365 0.366823 
0.293146 0.844261 0.308132 0.113105 0.322925 0.289806 
0.858744 0.987368 0.703824 0.463446 0.634404 0.159335 
0.300430 0.965998 0.163586 0.343118 0.604310 0.678978 
0.014036 0.675133 0.451982 0.905295 0.093261 0.244606 
0.995099 0.235073 0.961109 0.267974 0.875252 0.514474 
0.634797 0.168398 0.358735 0.942929 0.281504 0.681660 
0.232735 0.140248 0.669028 0.936559 0.603694 0.303432 
0.095894 0.904124 0.269430 0.259480 0.247242 0.873740 
0.938458 0.261278 0.548873 0.390441 0.166573 0.642134 
0.635047 0.161672 0.877208 0.596156 0.429646 0.752460 
0.110630 0.064443 0.920858 0.469365 0.007372 0.202362 
0.151025 0.240106 0.342609 0.820053 0.176665 0.946303 
0.123485 0.272560 0.850427 0.392916 0.532040 0.097668 
0.266656 0.470498 0.358946 0.815529 0.860939 0.525519 
0.457663 0.495986 0.687191 0.334871 0.092143 0.116837 
0.087330 0.202772 0.181281 0.008188 0.672137 0.188652 
0.210550 0.823162 0.428758 0.553159 0.643215 0.605424 
0.499462 0.766700 0.877983 0.349889 0.159615 0.410023 
0.447557 0.426271 0.880521 0.806503 0.241800 0.741460 
0.332023 0.699463 0.237447 0.019214 0.034334 0.329589 
0.136051 0.121664 0.532361 0.317332 0.129852 0.204498 
0.505984 0.340402 0.027660 0.934743 0.893562 0.670875 
0.540166 0.393024 0.437575 0.418150 0.742913 0.597190 
0.828173 0.190470 0.023461 0.708694 0.996973 0.265261 
0.450154 0.328996 0.964724 0.687601 0.348210 0.999058 
0.017190 0.484261 0.120722 0.549551 0.801593 0.250574 
0.754050 0.307577 0.590976 0.781710 0.242320 0.484538 
0.452585 0.782486 0.877562 0.890160 0.200636 0.620474 
0.487350 0.028809 0.810944 0.510812 0.737503 0.807918 
0.776073 0.187657 0.136914 0.740797 0.875258 0.485123 
0.739855 0.892448 0.969385 0.860576 0.442000 0.770978 
0.111150 0.196049 0.078555 0.702127 0.977760 0.320875 
0.186664 0.430345 0.103362 0.064226 0.320505 0.303998 
0.684700 0.807855 0.332807 0.495645 0.318667 0.070310 
0.303562 0.094740 0.257968 0.440476 0.835537 0.133226 
0.925599 0.575391 0.025674 0.894984 0.435968 0.467674 
0.665962 0.547118 0.663723 0.744517 0.249245 0.641483 
0.065392 0.435909 0.071827 0.168754 0.500135 0.392332 
0.472752 0.184835 0.200187 0.805559 0.680480 0.518854 
0.875870 0.984042 0.613593 0.133837 0.424518 0.449130 
0.267063 0.350117 0.024522 0.292737 0.245101 0.460489 
0.760410 0.911063 0.007607 0.424133 0.655580 0.256852 
0.065616 0.720973 0.692761 0.137443 0.889727 0.192895 
0.529775 0.362479 0.377730 0.729961 0.168038 0.058210 
0.248815 0.043908 0.042252 0.862408 0.177745 0.466769 
0.311539 0.444808 0.816886 0.336060 0.737545 0.061987 
0.796549 0.497955 0.973050 0.804157 0.922088 0.628630 
0.061008 0.987704 0.349603 0.753769 0.125147 0.239330 
0.946664 0.654922 0.601809 0.324395 0.384883 0.769847 
0.382605 0.633698 0.813754 0.424856 0.496106 0.991499 
0.891626 0.807645 0.436307 0.708512 0.143705 0.173852 
0.770499 0.940254 0.671806 0.743550 0.744411 0.593895 
0.372180 0.805419 0.581599 0.721783 0.559189 0.706745 
0.961113 0.505853 0.361667 0.562921 0.830248 0.746550 
0.332768 0.212853 0.380248 0.146522 0.637709 0.876355 
0.138022 0.529335 0.684000 0.574329 0.237847 0.827705 
0.748180 0.008346 0.767959 0.419987 0.751896 0.512370 
0.013881 0.124076 0.317789 0.595480 0.845858 0.876978 
0.302225 0.806971 0.382831 0.663892 0.369892 0.213079 
0.410442 0.702660 0.425931 0.790691 0.849182 0.063640 
0.667045 0.987204 0.592975 0.351045 0.561532 0.830821 
0.178749 0.309713 0.839167 0.946708 0.729699 0.591063 
0.459078 0.743580 0.715138 0.776868 0.339060 0.560997 
0.653845 0.641285 0.367968 0.036676 0.305178 0.737860 
0.249755 0.715620 0.440520 0.675686 0.506311 0.289702 
0.739326 0.173356 0.276906 0.332300 0.524401 0.838438 
0.163122 0.703151 0.148151 0.002289 0.649859 0.877850 
0.593351 0.108937 0.621430 0.308490 0.885805 0.960491 
0.869486 0.539650 0.601776 0.237454 0.576326 0.906954 
0.975314 0.826081 0.622574 0.415834 0.501767 0.128884 
0.705536 0.241093 0.302241 0.982442 0.573394 0.826642 
0.820880 0.736515 0.529792 0.969031 0.738804 0.179651 
0.846881 0.332155 0.288588 0.468312 0.640645 0.174393 
0.428802 0.510132 0.714043 0.030578 0.747586 0.290370 
0.937531 0.722900 0.116451 0.560105 0.138734 0.618218 
0.688990 0.844270 0.859311 0.991230 0.826712 0.432705 
0.817872 0.647592 0.169220 0.347664 0.616623 0.908024 
0.527315 0.463504 0.240180 0.815903 0.931816 0.880825 
0.990296 0.360618 0.390956 0.704340 0.391196 0.138542 
0.994709 0.328727 0.861442 0.111160 0.888833 0.000176 
0.729378 0.577822 0.844446 0.588689 0.569052 0.671158 
0.021394 0.386924 0.318751 0.190614 0.734588 0.935374 
0.098638 0.261903 0.398878 0.338817 0.077806 0.330694 
0.219642 0.068103 0.691313 0.610598 0.772442 0.082509 
0.749140 0.767151 0.411236 0.610583 0.878311 0.300069 
0.610759 0.607689 0.877891 0.455205 0.196378 0.446943 
0.126363 0.217772 0.833868 0.445114 0.408386 0.568456 
0.380488 0.507024 0.830359 0.779366 0.845842 0.908166 
0.110061 0.065484 0.976268 0.801373 0.676082 0.748711 
0.883882 0.425223 0.515862 0.295118 0.035805 0.394173 
0.595186 0.646564 0.001863 0.473077 0.101769 0.198241 
0.920021 0.228132 0.416013 0.753888 0.673245 0.824400 
0.322344 0.053733 0.331424 0.152703 0.833100 0.177266 
0.060869 0.943160 0.242749 0.037137 0.744534 0.918832 
0.785848 0.628415 0.344054 0.301710 0.923533 0.379859 
0.695884 0.518720 0.026423 0.697746 0.991797 0.128192 
0.895988 0.911818 0.356324 0.312001 0.665706 0.029569 
0.136401 0.988050 0.083302 0.467825 0.140754 0.916402 
0.645090 0.201623 0.859562 0.887840 0.238760 0.604096 
0.806671 0.024608 0.232511 0.150725 0.326318 0.156044 
0.530585 0.022202 0.674764 0.557008 0.719948 0.666561 
0.685200 0.615936 0.578378 0.041524 0.927937 0.244084 
0.071093 0.064337 0.232134 0.154396 0.532162 0.372888 
0.070798 0.177252 0.574510 0.930360 0.065092 0.813271 
0.534456 0.871763 0.837879 0.766967 0.022488 0.164197 
0.923011 0.553073 0.186399 0.597775 0.110081 0.906347 
0.264336 0.795282 0.522283 0.842715 0.836805 0.450219 
0.086799 0.907899 0.514557 0.318933 0.062294 0.046719 
0.691821 0.133092 0.223971 0.266331 0.063452 0.289063 
0.079602 0.597907 0.160826 0.917480 0.364874 0.183314 
0.081677 0.287886 0.736387 0.268076 0.885661 0.846468 
0.174423 0.149997 0.641750 0.696706 0.992712 0.478555 
0.146925 0.079511 0.386454 0.661482 0.398444 0.448748 
0.708201 0.090264 0.581839 0.932172 0.356596 0.645291 
0.221234 0.436198 0.243198 0.382060 0.353678 0.608073 
0.565373 0.435356 0.895958 0.301760 0.703432 0.781619 
0.148228 0.877855 0.931616 0.789978 0.574561 0.924328 
0.268533 0.721486 0.003839 0.654987 0.382968 0.402282 
0.103735 0.091169 0.492547 0.685574 0.023340 0.849142 
0.330865 0.244574 0.285340 0.574063 0.626634 0.639018 
0.182136 0.192008 0.074374 0.078094 0.493768 0.777806 
0.859713 0.641996 0.655661 0.791330 0.431975 0.230221 
0.715658 0.700508 0.951707 0.719496 0.355495 0.334675 
0.121778 0.459230 0.425844 0.614325 0.144804 0.449184 
0.463468 0.475669 0.693758 0.748808 0.049732 0.320392 
0.387826 0.231868 0.512400 0.462200 0.309962 0.006168 
0.240005 0.169675 0.648164 0.895666 0.961005 0.080139 
0.125887 0.676663 0.780647 0.077595 0.396159 0.136142 
0.412270 0.517937 0.595371 0.838114 0.132263 0.740175 
0.287298 0.595730 0.215844 0.981057 0.344538 0.265576 
0.301449 0.732364 0.497444 0.813849 0.194563 0.807406 
0.820017 0.434569 0.977082 0.468181 0.330235 0.938087 
0.548320 0.456122 0.614749 0.328967 0.533717 0.010908 
0.465108 0.945987 0.528846 0.060479 0.784101 0.661108 
0.800654 0.071399 0.256838 0.016498 0.052456 0.601376 
0.282074 0.353905 0.333740 0.779518 0.167754 0.528303 
0.586924 0.987771 0.962872 0.564006 0.455952 0.293106 
0.502093 0.004272 0.749228 0.116842 0.333238 0.282945 
0.127750 0.798346 0.228932 0.656596 0.858826 0.013033 
0.317704 0.659480 0.084433 0.574542 0.675977 0.136889 
0.175918 0.958051 0.490794 0.509658 0.737569 0.658547 
0.037961 0.324494 0.646318 0.000832 0.888500 0.102270 
0.293939 0.390592 0.106541 0.043167 0.507434 0.439779 
0.326112 0.635185 0.238126 0.555044 0.291781 0.096951 
0.568077 0.609485 0.756431 0.652510 0.184028 0.432408 
0.789399 0.359946 0.390460 0.280192 0.869604 0.128029 
0.938740 0.907565 0.452522 0.585058 0.908397 0.341022 
0.687327 0.202336 0.731614 0.793869 0.245503 0.239049 
0.233648 0.571615 0.874233 0.471774 0.126659 0.166014 
0.568725 0.694736 0.775499 0.325156 0.347246 0.959527 
0.757564 0.136645 0.319473 0.148024 0.416837 0.189077 
0.276053 0.355577 0.096642 0.728575 0.940634 0.005039 
0.069597 0.627961 0.207375 0.801211 0.421830 0.452878 
0.040260 0.655478 0.024492 0.914493 0.127252 0.151151 
0.080507 0.695977 0.845887 0.856006 0.021133 0.193133 
0.815533 0.778697 0.329778 0.135006 0.926721 0.746615 
0.324082 0.202773 0.102191 0.420724 0.931348 0.042825 
0.425763 0.000945 0.670787 0.633138 0.802157 0.092617 
0.086015 0.842416 0.748095 0.110508 0.756909 0.875347 
0.261659 0.837417 0.571323 0.107545 0.693423 0.592456 
0.300678 0.508956 0.371153 0.630456 0.643961 0.297873 
0.377070 0.968043 0.500647 0.479261 0.388767 0.431995 
0.522087 0.814530 0.432941 0.192874 0.447668 0.235097 
0.285491 0.533683 0.077514 0.033585 0.644191 0.834423 
0.908932 0.905850 0.671840 0.480255 0.013395 0.365263 
0.072711 0.314073 0.874219 0.443864 0.944529 0.518180 
0.741737 0.321599 0.486224 0.242384 0.800861 0.874991 
0.674379 0.322948 0.689521 0.107320 0.515821 0.137188 
0.342417 0.801312 0.670871 0.419931 0.834897 0.315062 
0.254354 0.743829 0.220912 0.926194 0.224084 0.234307 
0.291457 0.296795 0.548381 0.165676 0.740659 0.492910 
0.683856 0.482396 0.814509 0.170079 0.724779 0.615370 
0.045070 0.399158 0.938317 0.734591 0.506478 0.454138 
0.871779 0.848895 0.255450 0.542650 0.268825 0.090347 
0.857713 0.523180 0.834176 0.078625 0.449374 0.058260 
0.312932 0.740830 0.355055 0.861313 0.906506 0.095714 
0.354222 0.590362 0.578110 0.168731 0.760441 0.302889 
0.784101 0.805511 0.702047 0.722418 0.540102 0.208525 
0.176556 0.411880 0.057419 0.432006 0.954531 0.326245 
0.522354 0.812244 0.849424 0.356530 0.890868 0.298798 
0.414790 0.203800 0.039628 0.769846 0.065113 0.946135 
0.865560 0.419335 0.536496 0.443670 0.588066 0.296937 
0.746559 0.372166 0.102448 0.448606 0.094584 0.642550 
0.657130 0.271140 0.054430 0.714550 0.703147 0.008961 
0.040795 0.225501 0.821204 0.890219 0.582031 0.712073 
0.189017 0.996821 0.915873 0.228646 0.766667 0.980986 
0.174780 0.632227 0.400321 0.711277 0.075897 0.988387 
0.008214 0.822455 0.360553 0.110662 0.271061 0.455138 
0.753211 0.928191 0.726278 0.807641 0.642741 0.429425 
0.816602 0.683536 0.654925 0.637806 0.573756 0.236956 
0.349879 0.762773 0.233777 0.265752 0.991419 0.000444 
0.246739 0.166199 0.632671 0.647060 0.877476 0.708568 
0.635447 0.885689 0.531023 0.996000 0.996351 0.802084 
0.451138 0.749562 0.730276 0.177416 0.557203 0.373017 
0.606841 0.373805 0.056553 0.261766 0.011612 0.630309 
0.498722 0.361491 0.393082 0.732500 0.627243 0.384501 
0.732944 0.873982 0.550700 0.365616 0.521042 0.428175 
0.074184 0.156489 0.313864 0.605207 0.152489 0.310215 
0.407291 0.603627 0.059777 0.137567 0.781043 0.616980 
0.510584 0.387883 0.990785 0.567137 0.649650 0.002397 
0.197446 0.148372 0.363888 0.590528 0.880872 0.991131 
0.975029 0.613816 0.865113 0.525729 0.979432 0.386155 
0.953904 0.053616 0.542643 0.267768 0.658823 0.695132 
0.577983 0.066114 0.298759 0.637761 0.203681 0.079802 
0.254741 0.714265 0.467685 0.245526 0.281403 0.117335 
0.247923 0.478849 0.265707 0.611811 0.069378 0.146579 
0.602942 0.044407 0.760396 0.468056 0.570135 0.739828 
0.854210 0.524039 0.793443 0.396854 0.791807 0.452266 
0.091986 0.369791 0.518381 0.390745 0.007552 0.722062 
0.470547 0.262292 0.436327 0.938232 0.507819 0.717730 
0.055566 0.755742 0.196580 0.321274 0.367553 0.265958 
0.467853 0.970496 0.310364 0.228248 0.438551 0.880500 
0.968076 0.292762 0.404539 0.761519 0.689616 0.196346 
0.213786 0.781602 0.566137 0.732166 0.172347 0.573689 
0.454228 0.642893 0.835981 0.890556 0.581125 0.343800 
0.608286 0.636691 0.099542 0.804866 0.957965 0.467095 
0.070824 0.425818 0.437591 0.381188 0.654066 0.876142 
0.261688 0.622142 0.168904 0.666227 0.383661 0.858519 
0.862573 0.597447 0.640121 0.428710 0.329613 0.812467 
0.002399 0.783842 0.455361 0.838380 0.674398 0.036486 
0.182179 0.282684 0.673177 0.281721 0.087550 0.631142 
0.748816 0.158374 0.056960 0.186407 0.539562 0.711026 
0.062549 0.801250 0.333168 0.231453 0.467476 0.716829 
0.089972 0.330049 0.314277 0.730092 0.758759 0.643890 
0.542560 0.761157 0.427732 0.997921 0.599537 0.102129 
0.034406 0.781716 0.384813 0.707584 0.063438 0.472363 
0.338726 0.812254 0.630737 0.395686 0.998661 0.170299 
0.106712 0.061210 0.971548 0.439880 0.292663 0.439025 
0.156710 0.382635 0.769073 0.470986 0.112727 0.527832 
0.114876 0.655287 0.288990 0.542608 0.653207 0.888527 
0.644737 0.687614 0.670243 0.029551 0.395197 0.733681 
0.501914 0.733923 0.545935 0.132651 0.129609 0.544596 
0.302950 0.236321 0.605806 0.274498 0.676201 0.898469 
0.713522 0.832911 0.281103 0.482596 0.303897 0.393830 
0.010428 0.418773 0.049117 0.299418 0.961381 0.702325 
0.187945 0.606119 0.389938 0.858188 0.635670 0.785136 
0.591869 0.137583 0.519059 0.137804 0.270234 0.648668 
0.682400 0.573184 0.884989 0.288206 0.847682 0.561190 
0.186674 0.561204 0.394101 0.467778 0.043800 0.697998 
0.861608 0.054228 0.116772 0.910725 0.353646 0.078153 
0.613050 0.541591 0.684272 0.002989 0.399779 0.319942 
0.788125 0.991648 0.457525 0.307184 0.129452 0.727759 
0.955852 0.811852 0.300943 0.840841 0.100057 0.148625 
0.402031 0.286731 0.709829 0.796132 0.754509 0.753628 
0.494131 0.616118 0.807857 0.610903 0.526843 0.161503 
0.689056 0.139893 0.703094 0.373328 0.142882 0.102874 
0.693269 0.931006 0.094522 0.150794 0.238190 0.223974 
0.878553 0.194042 0.035826 0.179496 0.034882 0.135883 
0.328121 0.436914 0.422614 0.037949 0.233046 0.177124 
0.791578 0.727177 0.793241 0.599435 0.338079 0.320084 
0.760938 0.027135 0.459977 0.464032 0.400463 0.602859 
0.566906 0.093732 0.533866 0.661428 0.244526 0.772056 
0.885402 0.123080 0.966097 0.921228 0.302576 0.000980 
0.057111 0.630697 0.437893 0.479725 0.668647 0.670939 
0.656849 0.460225 0.398116 0.450090 0.059659 0.736196 
0.770174 0.820597 0.763331 0.230151 0.284629 0.163794 
0.833011 0.851535 0.257526 0.366877 0.512963 0.502052 
0.138932 0.398365 0.625132 0.105030 0.319593 0.927709 
0.106010 0.376704 0.558406 0.543903 0.856429 0.227053 
0.214842 0.513277 0.687277 0.612959 0.963367 0.746937 
0.349154 0.733541 0.567533 0.112485 0.963692 0.852162 
0.276279 0.796703 0.703697 0.533805 0.163580 0.216660 
0.035857 0.302512 0.615025 0.660990 0.407542 0.934618 
0.588698 0.513552 0.311321 0.147104 0.057455 0.167750 
0.374157 0.272297 0.681027 0.061435 0.885256 0.644394 
0.808371 0.234410 0.377934 0.375905 0.346895 0.341627 
0.228067 0.623175 0.138330 0.931764 0.156979 0.301909 
0.148424 0.192837 0.604421 0.763449 0.853827 0.011963 
0.698067 0.442525 0.525515 0.009388 0.589630 0.582970 
0.177138 0.963787 0.855267 0.858165 0.025221 0.740523 
0.502559 0.833592 0.974933 0.880494 0.209497 0.321828 
0.222120 0.437564 0.945003 0.360450 0.369328 0.101982 
0.662359 0.517752 0.294819 0.266780 0.281201 0.148646 
0.278744 0.979268 0.591171 0.804259 0.988656 0.180800 
0.387228 0.165794 0.144587 0.242495 0.023960 0.169809 
0.983018 0.526519 0.003401 0.957951 0.407012 0.212898 
0.279779 0.629132 0.650462 0.224782 0.989582 0.019789 
0.326764 0.651941 0.537541 0.621583 0.918721 0.818742 
0.770229 0.197465 0.798010 0.361400 0.001724 0.786666 
0.542200 0.388952 0.952460 0.686787 0.631447 0.976419 
0.856596 0.614465 0.502938 0.859997 0.572416 0.909950 
0.072894 0.852195 0.539082 0.723356 0.076976 0.528665 
0.743145 0.403740 0.180606 0.280686 0.025323 0.099327 
0.099428 0.795552 0.296792 0.897438 0.156952 0.298516 
0.684104 0.699152 0.687468 0.636563 0.385939 0.318916 
0.612983 0.242535 0.933381 0.115921 0.102531 0.505797 
0.025871 0.175425 0.357992 0.564953 0.898781 0.434968 
0.093618 0.641926 0.838708 0.274223 0.922613 0.864032 
0.373550 0.022041 0.659584 0.670343 0.919479 0.816535 
0.968859 0.603583 0.515687 0.656327 0.240146 0.901626 
0.975243 0.853129 0.144160 0.908624 0.969050 0.246691 
0.414421 0.994920 0.422117 0.772412 0.559874 0.320898 
0.207380 0.653491 0.962824 0.046088 0.927715 0.885437 
0.910120 0.301265 0.907478 0.569703 0.971608 0.826957 
0.386239 0.940467 0.430540 0.901925 0.596794 0.670686 
0.803551 0.572037 0.523815 0.947711 0.480660 0.492864 
0.194403 0.895081 0.487785 0.616519 0.667493 0.047658 
0.937417 0.874873 0.701150 0.900241 0.920961 0.628864 
0.785678 0.831081 0.930130 0.693156 0.400784 0.901738 
0.520114 0.787022 0.842205 0.950653 0.688948 0.438998 
0.621339 0.492499 0.011035 0.145154 0.440210 0.491695 
0.638018 0.634613 0.386776 0.125802 0.251132 0.054269 
0.173461 0.188549 0.929141 0.874610 0.088791 0.850102 
0.503475 0.874469 0.681183 0.433604 0.567625 0.081967 
0.335342 0.087739 0.868989 0.177547 0.038392 0.557937 
0.616545 0.659731 0.050436 0.627580 0.804885 0.490646 
0.119275 0.442903 0.125259 0.506051 0.568705 0.376391 
0.560320 0.742165 0.564940 0.489461 0.616776 0.653730 
0.339563 0.120250 0.528199 0.020746 0.553855 0.095825 
0.102712 0.889197 0.183564 0.971701 0.066744 0.221956 
0.529638 0.683289 0.881687 0.580074 0.310869 0.686572 
0.070720 0.430144 0.129474 0.195978 0.936195 0.698179 
0.572369 0.496515 0.440345 0.137309 0.985976 0.057120 
0.791039 0.325539 0.177370 0.319238 0.346285 0.731225 
0.415063 0.448997 0.620422 0.598627 0.420699 0.687166 
0.820583 0.950337 0.370454 0.702270 0.530411 0.681323 
0.388842 0.601131 0.111467 0.518317 0.797109 0.047662 
0.216496 0.369478 0.544177 0.656841 0.506787 0.530153 
0.713961 0.297826 0.855692 0.891331 0.617065 0.201976 
0.622556 0.032128 0.650974 0.242978 0.630755 0.071672 
0.930144 0.451338 0.022009 0.300598 0.153608 0.552420 
0.981921 0.542450 0.153550 0.093389 0.060767 0.950659 
0.141051 0.277263 0.320138 0.685228 0.934103 0.826925 
0.215381 0.648064 0.124751 0.071072 0.539395 0.741815 
0.273048 0.161951 0.773943 0.924022 0.404930 0.404698 
0.995694 0.335073 0.856036 0.017704 0.635672 0.009644 
0.570124 0.617593 0.552094 0.723674 0.710982 0.612861 
0.674333 0.852032 0.890123 0.994471 0.537260 0.824226 
0.821395 0.752641 0.472290 0.946146 0.823713 0.011685 
0.687961 0.096761 0.173637 0.461905 0.020783 0.578567 
0.866603 0.016478 0.913640 0.722639 0.034181 0.549312 
0.732283 0.604305 0.166905 0.284377 0.327979 0.877886 
0.897238 0.002312 0.729919 0.787361 0.996783 0.267179 
0.611588 0.818179 0.019819 0.083878 0.764325 0.843532 
0.095564 0.452286 0.940294 0.269200 0.914191 0.961077 
0.847767 0.780794 0.977555 0.761407 0.503433 0.011736 
0.310719 0.235716 0.616041 0.477623 0.520094 0.944020 
0.355509 0.417332 0.946333 0.085428 0.204693 0.943116 
0.352606 0.816281 0.761294 0.372426 0.900159 0.525619 
0.215958 0.995723 0.977905 0.156252 0.264923 0.892096 
0.117329 0.112690 0.672890 0.094884 0.874097 0.176323 
0.106620 0.184816 0.412039 0.722662 0.662439 0.932133 
0.666682 0.017948 0.349465 0.613015 0.103376 0.554158 
0.556131 0.455982 0.370439 0.317425 0.828408 0.270598 
0.843044 0.044366 0.266321 0.820949 0.200618 0.531244 
0.713045 0.317947 0.643934 0.385935 0.412831 0.518032 
0.562258 0.519451 0.702847 0.974297 0.242113 0.365286 
0.906430 0.908795 0.383234 0.255895 0.521810 0.486609 
0.810053 0.077941 0.942591 0.180493 0.395366 0.770999 
0.451091 0.238410 0.815366 0.717412 0.059360 0.015984 
0.248657 0.772405 0.333931 0.892591 0.158340 0.746762 
0.410623 0.720598 0.266213 0.113470 0.694895 0.508326 
0.478756 0.601325 0.417121 0.861989 0.857221 0.938932 
0.348599 0.667274 0.016873 0.291190 0.847767 0.412239 
0.062190 0.298858 0.650649 0.877555 0.016270 0.710009 
0.893539 0.264927 0.482414 0.227470 0.157518 0.640754 
0.974232 0.568141 0.361351 0.240445 0.681610 0.056246 
0.748771 0.160366 0.657572 0.165892 0.022355 0.514792 
0.104824 0.370954 0.182066 0.121696 0.662144 0.029833 
0.533935 0.724334 0.328691 0.184585 0.601889 0.344961 
0.894594 0.495428 0.609888 0.377007 0.722898 0.767406 
0.017761 0.697129 0.335546 0.379112 0.937574 0.017157 
0.435358 0.686345 0.177523 0.092930 0.852237 0.199878 
0.607723 0.957061 0.570832 0.789789 0.078757 0.232976 
0.819622 0.612693 0.957310 0.148313 0.797277 0.559198 
0.493274 0.691871 0.054626 0.103162 0.068878 0.777524 
0.870568 0.086639 0.474653 0.206114 0.465751 0.412227 
0.223271 0.901110 0.098572 0.400794 0.994040 0.950810 
0.600672 0.601763 0.907871 0.171503 0.391552 0.986628 
0.404479 0.211174 0.599321 0.361789 0.359487 0.396598 
0.920987 0.852762 0.088469 0.975614 0.955924 0.157348 
0.753138 0.826492 0.243987 0.227791 0.032606 0.709738 
0.640019 0.255877 0.610848 0.738591 0.656670 0.604888 
0.689401 0.257342 0.206651 0.597271 0.428845 0.598203 
0.583899 0.833325 0.809377 0.183220 0.195114 0.168864 
0.579819 0.116101 0.021626 0.668288 0.091715 0.977550 
0.825636 0.844853 0.804041 0.069623 0.072644 0.836647 
0.779361 0.712663 0.092524 0.390209 0.451254 0.749194 
0.995098 0.140654 0.006536 0.201749 0.737926 0.435381 
0.799952 0.321825 0.268706 0.609329 0.505045 0.463820 
0.778193 0.084864 0.579921 0.799819 0.753152 0.671636 
0.777369 0.578788 0.516489 0.581410 0.648410 0.589133 
0.418057 0.427772 0.301795 0.510581 0.817981 0.753049 
0.259775 0.813079 0.893703 0.266311 0.014828 0.631629 
0.701692 0.814780 0.953454 0.970398 0.424108 0.458499 
0.434218 0.202302 0.543363 0.014138 0.002121 0.296515 
0.685774 0.779490 0.875302 0.202263 0.360900 0.523713 
0.791395 0.778958 0.951484 0.093190 0.289539 0.769466 
0.846239 0.549314 0.582545 0.739943 0.815625 0.597372 
0.371572 0.517317 0.412152 0.325026 0.487715 0.836260 
0.783525 0.921933 0.038562 0.326888 0.936071 0.040683 
0.623402 0.621845 0.820174 0.498705 0.824108 0.181074 
0.022417 0.615503 0.960032 0.973902 0.708694 0.249571 
0.743368 0.554933 0.798885 0.325912 0.294876 0.614510 
0.923285 0.666447 0.131828 0.335436 0.991473 0.619543 
0.171697 0.774998 0.541476 0.210259 0.101886 0.477548 
0.250942 0.725288 0.099393 0.071116 0.223993 0.923501 
0.252190 0.246410 0.539005 0.212222 0.220312 0.247698 
0.461792 0.963680 0.802632 0.260677 0.289592 0.097507 
0.875188 0.212877 0.763955 0.007015 0.548313 0.755428 
0.626558 0.720010 0.530426 0.168035 0.930269 0.632312 
0.645582 0.181211 0.357600 0.744975 0.252327 0.581593 
0.668477 0.504517 0.828003 0.207481 0.716739 0.048316 
0.455180 0.178531 0.011995 0.257811 0.439209 0.301588 
0.355318 0.314396 0.514464 0.119273 0.321412 0.062777 
0.874701 0.947970 0.782787 0.405127 0.116005 0.713056 
0.037439 0.761587 0.894268 0.395039 0.506562 0.146595 
0.976631 0.175039 0.651112 0.804635 0.382520 0.367851 
0.852950 0.837700 0.546383 0.864946 0.095511 0.985591 
0.166533 0.450829 0.299987 0.680997 0.570102 0.621399 
0.743774 0.444803 0.569369 0.526562 0.849931 0.685374 
0.239618 0.887369 0.446961 0.133886 0.282408 0.953523 
0.280481 0.259039 0.128562 0.931593 0.063674 0.511082 
0.299444 0.916624 0.348781 0.845827 0.781570 0.444292 
0.831418 0.948103 0.895121 0.131406 0.629100 0.465224 
0.752805 0.372875 0.910027 0.322174 0.899437 0.759958 
0.007548 0.139055 0.647327 0.454508 0.272940 0.929735 
0.408032 0.553421 0.188774 0.536593 0.485015 0.252449 
0.047675 0.784459 0.169073 0.396457 0.630286 0.950643 
0.840749 0.461704 0.898746 0.735870 0.593110 0.527846 
0.201094 0.345915 0.900721 0.111121 0.668089 0.800158 
0.871078 0.675636 0.939212 0.518405 0.130145 0.212153 
0.448140 0.538176 0.765574 0.636914 0.074770 0.250589 
0.889363 0.122445 0.035048 0.058436 0.518902 0.665334 
0.009079 0.359651 0.127038 0.907825 0.095521 0.720148 
0.435671 0.296614 0.066063 0.336393 0.407735 0.734152 
0.136550 0.278813 0.409788 0.075763 0.797218 0.539933 
0.287916 0.245358 0.078109 0.053490 0.882272 0.152879 
0.304079 0.771635 0.275324 0.339126 0.830071 0.794226 
0.004460 0.839150 0.153877 0.131498 0.746975 0.249398 
0.851646 0.182646 0.546012 0.917709 0.519039 0.953747 
0.651860 0.655589 0.232560 0.061648 0.731352 0.029778 
0.601581 0.019268 0.275135 0.679691 0.072758 0.157408 
0.832570 0.376837 0.929043 0.107894 0.715963 0.759114 
0.902120 0.720422 0.598264 0.055997 0.851920 0.345239 
0.305395 0.703566 0.527885 0.851407 0.621275 0.046924 
0.805153 0.273135 0.702513 0.037713 0.334784 0.433865 
0.067490 0.936365 0.453133 0.342626 0.616056 0.525891 
0.500034 0.448626 0.902728 0.429076 0.556520 0.618690 
0.188190 0.458640 0.339113 0.786454 0.514638 0.191033 
0.131693 0.820032 0.894599 0.659578 0.671439 0.515874 
0.706502 0.476592 0.789009 0.409015 0.514305 0.123792 
0.842880 0.581796 0.060157 0.296013 0.924422 0.676213 
0.821905 0.424455 0.124839 0.724633 0.853532 0.681359 
0.343323 0.041722 0.139999 0.682436 0.828176 0.654636 
0.873469 0.959870 0.474669 0.768068 0.619447 0.146108 
0.283942 0.325949 0.622701 0.072950 0.734964 0.137006 
0.196743 0.577844 0.718802 0.256900 0.873857 0.643223 
0.933113 0.695762 0.067679 0.057952 0.420395 0.921210 
0.739310 0.763718 0.962932 0.879309 0.446154 0.791109 
0.533946 0.319623 0.750978 0.008615 0.087691 0.370426 
0.154723 0.371632 0.696375 0.777424 0.444583 0.431339 
0.914430 0.641326 0.009183 0.633231 0.898226 0.883040 
0.276455 0.831339 0.578802 0.344133 0.889291 0.999197 
0.265344 0.628601 0.762915 0.228276 0.507910 0.209069 
0.019385 0.041856 0.528692 0.770363 0.050470 0.616382 
0.140789 0.205193 0.988015 0.837164 0.982617 0.432598 
0.268503 0.897046 0.073923 0.277686 0.530278 0.972149 
0.160727 0.806732 0.803488 0.739529 0.150866 0.692778 
0.738726 0.416209 0.321379 0.501641 0.644486 0.829289 
0.710710 0.663871 0.871145 0.239401 0.434234 0.921615 
0.855784 0.575023 0.126809 0.843799 0.412187 0.109426 
0.276396 0.680691 0.006472 0.350320 0.958377 0.536750 
0.322468 0.119104 0.343482 0.125956 0.858633 0.494348 
0.818734 0.597359 0.910558 0.140113 0.099000 0.555043 
0.969403 0.809709 0.218914 0.840548 0.049111 0.653147 
0.762163 0.904894 0.228171 0.888972 0.748693 0.640358 
0.998397 0.025089 0.321049 0.004870 0.375409 0.279426 
0.541619 0.697877 0.398529 0.885101 0.823833 0.257162 
0.379449 0.642568 0.854520 0.290007 0.782681 0.953520 
0.845050 0.752083 0.763229 0.063964 0.592631 0.812340 
0.717111 0.354794 0.717234 0.945282 0.243766 0.465927 
0.585640 0.242163 0.491016 0.906689 0.247033 0.866425 
0.186114 0.788652 0.564302 0.584644 0.673753 0.388135 
0.841806 0.053203 0.030703 0.696326 0.343210 0.813384 
0.649846 0.188260 0.565467 0.413076 0.252224 0.158098 
0.225415 0.969335 0.512892 0.942650 0.914617 0.756658 
0.408577 0.500256 0.998821 0.899593 0.406945 0.245854 
0.766018 0.593060 0.034506 0.330320 0.177703 0.708260 
