500 6
0.414879 0.740426 0.615094 0.573659 0.597763 0.781422 
0.367830 0.322869 0.359221 0.289000 0.450984 0.397301 
0.423206 0.229236 0.346417 0.366010 0.303750 0.285550 
0.282126 0.121928 0.305477 0.294182 0.251006 0.266387 
0.723427 0.455096 0.656075 0.469567 0.515907 0.572478 
0.270991 0.289325 0.273900 0.333978 0.269890 0.292931 
0.224897 0.416023 0.321503 0.199309 0.423311 0.311766 
0.654301 0.653935 0.449543 0.572435 0.644505 0.261591 
0.356683 0.364483 0.502942 0.358463 0.262870 0.471132 
0.515277 0.454023 0.472317 0.680573 0.356142 0.447804 
0.417514 0.772527 0.533800 0.645798 0.542441 0.604167 
0.252215 0.254487 0.319590 0.227113 0.188898 0.194251 
0.789914 0.708593 0.736731 0.651674 0.640543 0.592575 
0.553807 0.430890 0.632500 0.394890 0.607835 0.564283 
0.690555 0.515358 0.655929 0.591239 0.654890 0.463579 
0.756225 0.636410 0.637042 0.715866 0.705231 0.628818 
0.720087 0.414759 0.634426 0.654480 0.563020 0.546552 
0.609991 0.597789 0.629403 0.802590 0.494114 0.707457 
0.618398 0.593085 0.611631 0.529009 0.570973 0.690563 
0.358778 0.587529 0.563240 0.362151 0.513845 0.519421 
0.563189 0.431686 0.409381 0.539490 0.256305 0.430807 
0.497309 0.546789 0.315133 0.567410 0.606247 0.350734 
0.603903 0.339676 0.471531 0.529426 0.535333 0.692257 
0.289096 0.555347 0.435214 0.424969 0.384609 0.600800 
0.324468 0.241146 0.392575 0.200184 0.372388 0.242591 
0.417840 0.383902 0.439678 0.447208 0.352963 0.403167 
0.381547 0.426630 0.426088 0.377964 0.300563 0.368681 
0.636922 0.666697 0.478007 0.532882 0.590283 0.485885 
0.388097 0.581418 0.487111 0.450658 0.669936 0.356669 
0.287944 0.221609 0.288094 0.240681 0.255787 0.185058 
0.513279 0.526609 0.419148 0.439898 0.584682 0.421494 
0.452705 0.701974 0.514059 0.634766 0.632553 0.733734 
0.474359 0.531346 0.390501 0.327491 0.473205 0.213636 
0.623343 0.577929 0.594626 0.607585 0.534063 0.549808 
0.303018 0.452752 0.280005 0.325571 0.253979 0.377607 
0.653229 0.525391 0.624940 0.608351 0.371339 0.646730 
0.400982 0.496552 0.348453 0.490185 0.459674 0.668742 
0.576494 0.555637 0.550031 0.476787 0.677779 0.584515 
0.590811 0.478384 0.609710 0.405186 0.218375 0.633641 
0.264433 0.250281 0.153031 0.413901 0.220662 0.299163 
0.419608 0.468073 0.604990 0.128287 0.359449 0.496594 
0.590658 0.588446 0.502554 0.269322 0.568221 0.473193 
0.668676 0.786595 0.662020 0.620570 0.632095 0.716227 
0.337572 0.328747 0.476194 0.392370 0.304419 0.560468 
0.452518 0.641537 0.522749 0.615541 0.624427 0.335111 
0.303264 0.323053 0.354606 0.251849 0.301042 0.328676 
0.240711 0.483825 0.527621 0.492410 0.407409 0.556205 
0.326921 0.440557 0.537338 0.492529 0.458561 0.559506 
0.482061 0.629141 0.527971 0.633398 0.459559 0.854379 
0.623659 0.729180 0.409625 0.526356 0.489234 0.662976 
0.606994 0.625790 0.514416 0.711612 0.496634 0.561165 
0.763497 0.577563 0.649314 0.331831 0.726387 0.446980 
0.610692 0.533730 0.719458 0.612221 0.561679 0.711703 
0.614843 0.707675 0.511176 0.584043 0.643952 0.552458 
0.471610 0.671447 0.770770 0.643957 0.427426 0.773044 
0.735078 0.576814 0.766505 0.613719 0.578365 0.790311 
0.300871 0.251645 0.252244 0.354746 0.277605 0.263004 
0.520156 0.408103 0.642295 0.600291 0.346554 0.511433 
0.445384 0.415644 0.456920 0.424898 0.360178 0.397781 
0.642891 0.653825 0.515972 0.560589 0.652236 0.450891 
0.322947 0.272923 0.365848 0.218393 0.287663 0.273261 
0.251168 0.688149 0.318845 0.540652 0.584044 0.472735 
0.323382 0.369989 0.519348 0.434514 0.325089 0.484515 
0.515691 0.480598 0.565009 0.472171 0.361989 0.488844 
0.376798 0.505643 0.297504 0.456770 0.476548 0.535399 
0.550033 0.847749 0.659168 0.622802 0.584323 0.588837 
0.443337 0.591621 0.186780 0.621640 0.334895 0.417677 
0.536785 0.302168 0.391990 0.352463 0.431044 0.389843 
0.484503 0.675814 0.351008 0.766309 0.248773 0.635719 
0.414157 0.244451 0.418547 0.212965 0.266160 0.290054 
0.510665 0.555871 0.658078 0.506550 0.466917 0.690180 
0.448927 0.432986 0.567353 0.345345 0.392293 0.492936 
0.483301 0.489969 0.465923 0.521266 0.616290 0.450841 
0.602858 0.648058 0.738870 0.622739 0.649072 0.675990 
0.577780 0.492646 0.553101 0.681779 0.479854 0.591175 
0.352803 0.414368 0.525942 0.284080 0.347484 0.412355 
0.258489 0.249103 0.374878 0.423202 0.228704 0.334737 
0.730482 0.623591 0.733420 0.777813 0.569515 0.626450 
0.409292 0.581687 0.397993 0.386753 0.598020 0.346548 
0.413512 0.608472 0.463359 0.712416 0.604434 0.613887 
0.646727 0.605816 0.595735 0.490033 0.525746 0.603905 
0.736083 0.764249 0.683801 0.715581 0.817532 0.712114 
0.482749 0.570495 0.563599 0.577320 0.501422 0.744786 
0.350803 0.707127 0.259261 0.417363 0.468969 0.489503 
0.666122 0.728997 0.738730 0.447317 0.621225 0.479227 
0.594570 0.461426 0.649309 0.579377 0.496965 0.643543 
0.422642 0.375341 0.704682 0.582989 0.635259 0.397226 
0.422135 0.663482 0.501156 0.496385 0.526028 0.597719 
0.283779 0.398309 0.370918 0.257802 0.476184 0.363079 
0.679345 0.580039 0.646980 0.620882 0.482468 0.743827 
0.164113 0.191730 0.263181 0.124172 0.245992 0.177419 
0.433090 0.346230 0.337477 0.431487 0.316153 0.310164 
0.265647 0.176973 0.379423 0.185232 0.253597 0.217083 
0.231782 0.299457 0.251453 0.179510 0.425057 0.259462 
0.378640 0.416925 0.443593 0.281195 0.495802 0.308956 
0.622116 0.559425 0.510120 0.488751 0.591441 0.538794 
0.686944 0.657453 0.427829 0.617896 0.446814 0.821260 
0.394674 0.302540 0.647879 0.604599 0.306082 0.483023 
0.439642 0.423602 0.579322 0.434293 0.632236 0.456720 
0.457780 0.264237 0.608963 0.267857 0.542418 0.299825 
0.463725 0.616820 0.153789 0.549303 0.439123 0.411557 
0.296417 0.584740 0.361639 0.382426 0.704472 0.522351 
0.518219 0.519275 0.667724 0.600803 0.526990 0.427202 
0.397796 0.301656 0.552788 0.576260 0.478728 0.697862 
0.503612 0.669353 0.189557 0.769891 0.572414 0.384717 
0.599771 0.509324 0.738111 0.481821 0.523921 0.653294 
0.448490 0.512179 0.280539 0.506135 0.417986 0.371522 
0.649531 0.413394 0.465145 0.454376 0.492222 0.470226 
0.702131 0.493323 0.563648 0.747469 0.588643 0.522762 
0.548446 0.604577 0.473667 0.439550 0.520398 0.344718 
0.577262 0.447335 0.492967 0.530196 0.540389 0.449642 
0.433642 0.289209 0.555066 0.368431 0.358448 0.546829 
0.602212 0.476567 0.687830 0.726919 0.493035 0.564609 
0.684772 0.485925 0.545013 0.478216 0.463199 0.443064 
0.453481 0.626686 0.537996 0.572213 0.501520 0.468843 
0.631650 0.449604 0.630442 0.650565 0.660551 0.457028 
0.398452 0.315030 0.532221 0.219060 0.545861 0.289676 
0.465389 0.435703 0.416565 0.350444 0.339153 0.412314 
0.554936 0.568019 0.498039 0.615764 0.619901 0.607326 
0.687993 0.414186 0.471662 0.517301 0.620295 0.400586 
0.461946 0.465952 0.340030 0.349555 0.607821 0.121686 
0.678762 0.727842 0.826639 0.596888 0.697399 0.662227 
0.505791 0.777041 0.499526 0.506124 0.515968 0.693313 
0.512395 0.660105 0.630169 0.560327 0.527475 0.606533 
0.474574 0.264022 0.375399 0.404062 0.439729 0.232235 
0.644536 0.579173 0.623204 0.762025 0.635514 0.594767 
0.445286 0.319441 0.398277 0.469553 0.424703 0.476223 
0.536243 0.726657 0.586686 0.686435 0.504886 0.712259 
0.524199 0.548789 0.421935 0.618486 0.573628 0.451396 
0.582528 0.639130 0.566193 0.549607 0.499399 0.592145 
0.477611 0.524731 0.528414 0.380601 0.534049 0.517697 
0.434295 0.294931 0.575658 0.474719 0.333996 0.432405 
0.629513 0.645846 0.525381 0.580386 0.585403 0.699228 
0.471601 0.756839 0.528635 0.524687 0.558810 0.696561 
0.603764 0.379441 0.400756 0.594052 0.236756 0.488776 
0.416186 0.313630 0.511184 0.297186 0.386611 0.217167 
0.243407 0.322378 0.177428 0.551702 0.235048 0.348613 
0.536007 0.410095 0.544520 0.344620 0.511221 0.492116 
0.386350 0.682439 0.292591 0.376380 0.439079 0.326725 
0.415438 0.669910 0.369602 0.574642 0.374703 0.412359 
0.367212 0.805879 0.481220 0.559955 0.384324 0.485359 
0.700889 0.544121 0.566307 0.608326 0.507949 0.334295 
0.344946 0.428301 0.363528 0.400253 0.318829 0.411890 
0.184492 0.113061 0.192585 0.200494 0.144985 0.222376 
0.258828 0.419545 0.324400 0.565090 0.206478 0.395137 
0.560646 0.702110 0.418113 0.702466 0.604048 0.581724 
0.250216 0.396203 0.337871 0.240778 0.376189 0.347916 
0.438914 0.679988 0.520768 0.519803 0.451928 0.628913 
0.517730 0.566086 0.596262 0.482411 0.550115 0.642821 
0.464988 0.627658 0.634438 0.530511 0.753726 0.592840 
0.583189 0.588838 0.732954 0.583834 0.654677 0.569092 
0.566099 0.579446 0.451172 0.520276 0.509333 0.465994 
0.484254 0.543881 0.760989 0.489875 0.686673 0.732297 
0.449975 0.265525 0.262491 0.216642 0.424319 0.282293 
0.637666 0.789194 0.779797 0.697966 0.706140 0.733516 
0.487879 0.530983 0.486923 0.476081 0.441536 0.649769 
0.401184 0.346914 0.549342 0.557901 0.362927 0.324178 
0.666121 0.753977 0.742315 0.658739 0.752979 0.717507 
0.280433 0.574108 0.565586 0.400520 0.499598 0.562433 
0.484926 0.204930 0.634892 0.238806 0.421273 0.316309 
0.506476 0.414762 0.556702 0.614384 0.555573 0.534956 
0.515547 0.681099 0.412482 0.511100 0.434263 0.516742 
0.641333 0.722741 0.487456 0.762399 0.692870 0.443170 
0.565967 0.691343 0.595757 0.689718 0.572573 0.751811 
0.419211 0.412119 0.530612 0.341102 0.526815 0.339213 
0.605989 0.726980 0.684816 0.640291 0.659807 0.646995 
0.407514 0.241302 0.317901 0.420859 0.337039 0.339876 
0.465033 0.379858 0.782257 0.378045 0.632429 0.483289 
0.294118 0.321572 0.343421 0.316925 0.303611 0.386732 
0.514296 0.358949 0.661617 0.459744 0.578366 0.552621 
0.310990 0.386280 0.388751 0.492046 0.302007 0.383686 
0.265176 0.576377 0.380316 0.476948 0.415763 0.751950 
0.459702 0.554520 0.310261 0.612498 0.665081 0.510947 
0.561430 0.196103 0.482988 0.388564 0.530413 0.380922 
0.512331 0.506806 0.505142 0.630747 0.660458 0.728391 
0.883074 0.813259 0.813684 0.831675 0.857184 0.775879 
0.336522 0.580915 0.662566 0.338990 0.500163 0.572565 
0.295286 0.472182 0.429012 0.543151 0.501646 0.590656 
0.459758 0.429705 0.584283 0.379130 0.391010 0.738641 
0.683490 0.523689 0.378107 0.659169 0.588474 0.481113 
0.451804 0.420001 0.521996 0.456117 0.473055 0.644540 
0.716478 0.508755 0.677731 0.674751 0.524116 0.455751 
0.476453 0.463038 0.577353 0.522824 0.481805 0.744645 
0.301452 0.643534 0.411111 0.521759 0.436480 0.554238 
0.534639 0.606142 0.563820 0.504047 0.552864 0.606852 
0.583682 0.552206 0.595225 0.671462 0.443424 0.628247 
0.465643 0.514224 0.429821 0.593043 0.568544 0.382984 
0.517142 0.631332 0.197419 0.399438 0.517509 0.292712 
0.471719 0.623626 0.226834 0.617275 0.294671 0.322651 
0.661881 0.798367 0.715152 0.788138 0.671374 0.793741 
0.479667 0.573425 0.305973 0.793465 0.579579 0.430258 
0.720336 0.736906 0.511861 0.717554 0.639907 0.728776 
0.763188 0.394617 0.458449 0.830905 0.390967 0.703449 
0.421434 0.531828 0.656185 0.619248 0.588295 0.604817 
0.639683 0.641189 0.571724 0.566556 0.732696 0.500205 
0.545377 0.461363 0.523878 0.351782 0.402093 0.587518 
0.521585 0.601250 0.462628 0.562784 0.499410 0.488223 
0.313434 0.336050 0.572961 0.255690 0.728948 0.565456 
0.566308 0.708368 0.565598 0.438949 0.679908 0.556394 
0.649811 0.863844 0.709870 0.560647 0.804030 0.649841 
0.437400 0.453283 0.483127 0.435666 0.360077 0.327587 
0.617879 0.418954 0.728071 0.465030 0.696167 0.579255 
0.548430 0.532114 0.630921 0.440334 0.589825 0.528045 
0.481122 0.275043 0.621967 0.253483 0.527389 0.501079 
0.647868 0.638520 0.605622 0.617671 0.658719 0.673697 
0.619257 0.530434 0.305578 0.549439 0.357910 0.238127 
0.616762 0.771421 0.636306 0.539730 0.592952 0.593207 
0.755408 0.530154 0.736068 0.519386 0.637608 0.541365 
0.208863 0.237821 0.348356 0.301727 0.247247 0.318650 
0.534221 0.490606 0.738565 0.559802 0.717270 0.622271 
0.644330 0.677883 0.531106 0.785299 0.548556 0.693351 
0.574647 0.455349 0.415651 0.383703 0.441705 0.379769 
0.469685 0.627512 0.550074 0.595668 0.426083 0.748182 
0.303942 0.244378 0.264367 0.214789 0.261609 0.220211 
0.695428 0.592339 0.603224 0.706747 0.499993 0.662985 
0.455894 0.445121 0.665232 0.544750 0.544686 0.534422 
0.475275 0.394786 0.459442 0.298349 0.387947 0.402266 
0.673833 0.556649 0.600110 0.646071 0.527885 0.552353 
0.697201 0.508132 0.519159 0.449516 0.713722 0.398969 
0.764195 0.789682 0.715888 0.771971 0.763093 0.643353 
0.727944 0.616373 0.633346 0.766941 0.617738 0.718327 
0.628045 0.475950 0.536360 0.854821 0.514433 0.589489 
0.257540 0.267985 0.370804 0.336978 0.206607 0.419527 
0.667711 0.650722 0.608929 0.689727 0.481235 0.628669 
0.519904 0.692908 0.494608 0.656506 0.560900 0.670553 
0.570336 0.561042 0.380486 0.709216 0.733181 0.295962 
0.480597 0.601737 0.654440 0.611748 0.577703 0.717406 
0.647715 0.574569 0.708603 0.576679 0.518313 0.669990 
0.417971 0.366657 0.451662 0.335388 0.448272 0.340084 
0.403155 0.590275 0.448004 0.472672 0.251248 0.600595 
0.654067 0.600182 0.587189 0.614124 0.613196 0.663305 
0.803385 0.683390 0.546553 0.796042 0.618075 0.388890 
0.655383 0.416411 0.634000 0.413104 0.232292 0.489688 
0.818043 0.795155 0.759763 0.832415 0.737227 0.864585 
0.481727 0.392581 0.510395 0.313133 0.319262 0.474725 
0.461181 0.431590 0.467201 0.448967 0.375436 0.366429 
0.595946 0.568565 0.396486 0.418362 0.468040 0.501065 
0.769668 0.484604 0.422821 0.630236 0.460817 0.578749 
0.469593 0.469353 0.521898 0.523545 0.347093 0.582933 
0.556593 0.638007 0.495055 0.584755 0.475163 0.592366 
0.593328 0.349139 0.468760 0.621878 0.362550 0.655310 
0.439225 0.209704 0.196803 0.448259 0.442198 0.252957 
0.455962 0.544122 0.482318 0.503756 0.525013 0.564078 
0.446416 0.158220 0.438974 0.376099 0.433883 0.245317 
0.487645 0.488557 0.430862 0.289909 0.744497 0.294674 
0.218149 0.276074 0.235281 0.200584 0.237405 0.212016 
0.288990 0.417829 0.436748 0.676704 0.115932 0.630133 
0.584151 0.718709 0.719198 0.583839 0.752426 0.630594 
0.496019 0.359187 0.440613 0.554975 0.542866 0.412133 
0.392878 0.488690 0.334821 0.439076 0.261850 0.392525 
0.504442 0.687731 0.544291 0.493031 0.669600 0.433172 
0.643588 0.374390 0.708485 0.464207 0.446654 0.368985 
0.373852 0.412438 0.373209 0.401493 0.396001 0.386414 
0.651674 0.536007 0.780115 0.494080 0.733674 0.428780 
0.417004 0.472964 0.286917 0.428451 0.495584 0.390503 
0.468600 0.638638 0.469931 0.340906 0.540970 0.489452 
0.674772 0.617686 0.342748 0.839951 0.537222 0.511299 
0.386558 0.527923 0.505136 0.548977 0.494260 0.346588 
0.693180 0.492451 0.522627 0.591439 0.700011 0.538955 
0.594165 0.511622 0.588945 0.257658 0.601536 0.398891 
0.323305 0.500268 0.390782 0.418409 0.290156 0.421388 
0.358260 0.371580 0.250204 0.462776 0.483834 0.408501 
0.504053 0.672102 0.591581 0.494226 0.606449 0.694159 
0.614339 0.435697 0.647785 0.655430 0.473165 0.655626 
0.733888 0.693679 0.702710 0.685172 0.724630 0.660938 
0.735514 0.198098 0.769261 0.554313 0.592640 0.476117 
0.611391 0.478160 0.453186 0.642477 0.629514 0.393232 
0.481330 0.477600 0.613058 0.391611 0.503750 0.354048 
0.683620 0.216782 0.326341 0.561167 0.598764 0.386705 
0.687733 0.676279 0.468714 0.644879 0.633579 0.624176 
0.442349 0.435277 0.293375 0.288223 0.309243 0.478947 
0.638059 0.656177 0.546472 0.792993 0.585206 0.469057 
0.655739 0.547556 0.679845 0.555211 0.601595 0.370182 
0.404511 0.412730 0.363795 0.434841 0.416959 0.546121 
0.587132 0.679258 0.461040 0.535212 0.663465 0.480307 
0.795628 0.590366 0.669272 0.499883 0.527413 0.583115 
0.468040 0.638671 0.473715 0.747283 0.357589 0.700973 
0.552990 0.367540 0.683334 0.399001 0.431089 0.386123 
0.613405 0.462111 0.543119 0.366954 0.685930 0.366924 
0.476172 0.294622 0.627312 0.273498 0.761753 0.424985 
0.535401 0.424319 0.414866 0.561960 0.313602 0.443827 
0.355944 0.445757 0.477794 0.471811 0.527822 0.471880 
0.639169 0.469450 0.847635 0.561511 0.599091 0.666014 
0.813841 0.821896 0.814258 0.909874 0.763392 0.759565 
0.539850 0.638755 0.483123 0.677661 0.572410 0.473551 
0.243938 0.511010 0.362559 0.455414 0.253176 0.565614 
0.756596 0.745622 0.762427 0.607213 0.762693 0.578538 
0.645482 0.629866 0.565309 0.463487 0.633520 0.381315 
0.637603 0.553736 0.396929 0.593040 0.383145 0.613514 
0.514907 0.522118 0.409461 0.502457 0.271121 0.332645 
0.553994 0.416890 0.606651 0.504210 0.615439 0.681610 
0.156971 0.589264 0.678889 0.465147 0.363424 0.782208 
0.531803 0.766002 0.411041 0.555540 0.554049 0.615550 
0.430410 0.650270 0.699945 0.307827 0.571280 0.530378 
0.534854 0.238357 0.545449 0.383014 0.458801 0.414672 
0.369034 0.463815 0.476483 0.334280 0.396741 0.407133 
0.614052 0.619283 0.496442 0.386625 0.786833 0.297347 
0.533942 0.606824 0.380384 0.498904 0.481916 0.418598 
0.457393 0.329096 0.261391 0.445836 0.272110 0.437444 
0.536011 0.437787 0.678611 0.355869 0.545077 0.495306 
0.427615 0.331385 0.308158 0.388965 0.387319 0.267345 
0.566794 0.572959 0.524310 0.753775 0.546253 0.532581 
0.707554 0.566610 0.513621 0.565043 0.629765 0.336205 
0.493957 0.763723 0.620858 0.685000 0.418235 0.775685 
0.699140 0.784491 0.713097 0.689796 0.772253 0.818733 
0.641229 0.549156 0.630482 0.536751 0.474666 0.503738 
0.764577 0.743597 0.668860 0.591994 0.750667 0.569763 
0.209083 0.424905 0.208535 0.386332 0.257472 0.300510 
0.443733 0.674286 0.501564 0.698398 0.403014 0.837897 
0.695793 0.434959 0.458857 0.589861 0.608565 0.333071 
0.311962 0.524366 0.564498 0.273428 0.477097 0.507432 
0.728721 0.713300 0.723878 0.600895 0.797973 0.656038 
0.402535 0.639839 0.363711 0.488389 0.362029 0.519188 
0.385025 0.372294 0.299513 0.406616 0.301766 0.475337 
0.615541 0.531253 0.605442 0.477107 0.855689 0.496484 
0.430425 0.555670 0.353474 0.584211 0.556941 0.292932 
0.584869 0.657359 0.460363 0.716957 0.441811 0.543909 
0.649508 0.534225 0.478544 0.559086 0.621420 0.373070 
0.498868 0.451722 0.492245 0.426781 0.585011 0.446161 
0.565253 0.739531 0.634054 0.735222 0.671052 0.727643 
0.723420 0.575072 0.565634 0.812551 0.291981 0.750074 
0.280530 0.306118 0.369634 0.316896 0.439495 0.246132 
0.506700 0.503471 0.424133 0.491204 0.626957 0.364649 
0.460796 0.790374 0.398373 0.614934 0.567998 0.603522 
0.359869 0.669871 0.482235 0.567954 0.618100 0.498047 
0.225995 0.275932 0.233386 0.205971 0.220766 0.134752 
0.438542 0.345079 0.248860 0.353740 0.239720 0.284944 
0.241193 0.511974 0.411178 0.300725 0.456662 0.613779 
0.601108 0.660137 0.564196 0.800201 0.461255 0.622052 
0.506959 0.541481 0.629857 0.400965 0.519821 0.477264 
0.545003 0.373487 0.446857 0.475232 0.484039 0.324216 
0.475657 0.298405 0.567804 0.410043 0.606051 0.415808 
0.440333 0.768973 0.325827 0.640255 0.575486 0.446907 
0.363043 0.358322 0.313929 0.430593 0.511764 0.415598 
0.724297 0.510869 0.471507 0.445707 0.585779 0.558939 
0.711022 0.496860 0.420007 0.459071 0.596456 0.268798 
0.504161 0.710108 0.509579 0.575991 0.707040 0.719322 
0.320929 0.389811 0.387828 0.354609 0.225059 0.381971 
0.442884 0.283497 0.532706 0.291228 0.316185 0.460540 
0.678094 0.660884 0.517441 0.520235 0.766114 0.299765 
0.436846 0.437022 0.283824 0.555851 0.500154 0.531222 
0.833019 0.680505 0.821179 0.865737 0.646013 0.751911 
0.516265 0.752367 0.371137 0.513450 0.599723 0.557761 
0.658591 0.663580 0.395833 0.549213 0.591626 0.546773 
0.323197 0.286762 0.397454 0.406653 0.405505 0.270556 
0.495167 0.717094 0.575659 0.657593 0.637250 0.556567 
0.650569 0.529556 0.462515 0.587089 0.414624 0.625154 
0.458422 0.502764 0.404912 0.726591 0.265667 0.837378 
0.573327 0.620175 0.665889 0.551908 0.564081 0.469319 
0.566393 0.378108 0.487595 0.298111 0.593885 0.497840 
0.401883 0.555993 0.332286 0.454607 0.486657 0.236058 
0.504087 0.379750 0.617324 0.505643 0.434702 0.729048 
0.491882 0.420582 0.579771 0.445782 0.383463 0.352998 
0.555383 0.578905 0.771557 0.656617 0.497085 0.618758 
0.415852 0.398496 0.448252 0.347342 0.271101 0.415669 
0.450669 0.415175 0.489399 0.265207 0.580922 0.385350 
0.371086 0.654901 0.535839 0.437715 0.588533 0.533747 
0.530347 0.717503 0.608176 0.650507 0.470868 0.673827 
0.416812 0.363337 0.582945 0.299434 0.434889 0.589992 
0.408864 0.663525 0.659177 0.431987 0.309537 0.554625 
0.686964 0.804721 0.386233 0.578041 0.619653 0.591886 
0.456397 0.576075 0.452125 0.450292 0.737115 0.495524 
0.355718 0.182505 0.366609 0.418813 0.320574 0.348813 
0.677576 0.539897 0.457179 0.420666 0.467373 0.408134 
0.665148 0.705206 0.549752 0.553168 0.797523 0.611209 
0.363298 0.640558 0.418570 0.508054 0.460579 0.448233 
0.553328 0.565977 0.629177 0.503616 0.523564 0.425730 
0.460588 0.378410 0.404133 0.441996 0.322492 0.606824 
0.424308 0.522334 0.412445 0.586311 0.301214 0.610388 
0.544957 0.187996 0.826094 0.230905 0.551267 0.235712 
0.342526 0.489775 0.395655 0.389536 0.454797 0.530010 
0.239054 0.105328 0.235944 0.272685 0.181707 0.337486 
0.445780 0.583773 0.523988 0.575777 0.529371 0.457420 
0.545509 0.280038 0.551539 0.545327 0.436178 0.579821 
0.482419 0.449648 0.165398 0.424440 0.396777 0.342787 
0.696952 0.779513 0.716196 0.742845 0.768859 0.673732 
0.518921 0.646318 0.507444 0.792986 0.554828 0.770506 
0.588523 0.784451 0.607222 0.577476 0.559410 0.750229 
0.931219 0.816370 0.826996 0.927678 0.843148 0.858707 
0.682131 0.299936 0.736991 0.517735 0.681431 0.473373 
0.542480 0.493382 0.582112 0.552390 0.625656 0.467747 
0.451110 0.566647 0.361556 0.488580 0.612327 0.268424 
0.475273 0.222903 0.410989 0.381819 0.475148 0.271761 
0.389765 0.340200 0.581055 0.524807 0.378032 0.871226 
0.621891 0.520105 0.531912 0.605299 0.449845 0.460262 
0.460117 0.190003 0.458396 0.406610 0.195809 0.486393 
0.245295 0.337819 0.375136 0.247761 0.212880 0.317985 
0.616412 0.717272 0.618641 0.641116 0.552200 0.755260 
0.521987 0.482392 0.521802 0.435081 0.441176 0.534306 
0.441472 0.414090 0.354444 0.651791 0.539432 0.545763 
0.526864 0.338325 0.353849 0.540684 0.653404 0.336405 
0.613736 0.432828 0.517241 0.576955 0.380185 0.648941 
0.547918 0.362257 0.533207 0.433770 0.560386 0.490830 
0.705760 0.515901 0.796566 0.454858 0.683572 0.459226 
0.679902 0.651595 0.485118 0.711229 0.546842 0.611475 
0.555560 0.521548 0.505364 0.436641 0.795800 0.469521 
0.604516 0.259797 0.473897 0.317394 0.503037 0.282206 
0.524212 0.498314 0.464477 0.434579 0.534954 0.410132 
0.281797 0.642172 0.377329 0.570653 0.546030 0.608007 
0.516561 0.502207 0.347937 0.522847 0.448927 0.491422 
0.410720 0.538622 0.531310 0.416086 0.684735 0.558836 
0.578403 0.632378 0.688687 0.591347 0.527285 0.655694 
0.602525 0.348914 0.588402 0.494853 0.618553 0.476365 
0.507346 0.428711 0.592579 0.440348 0.574203 0.450529 
0.319586 0.299460 0.275457 0.313317 0.444275 0.330255 
0.707074 0.585570 0.411660 0.761153 0.582879 0.303362 
0.438963 0.326120 0.390667 0.351759 0.220404 0.367854 
0.573538 0.525425 0.556187 0.258164 0.545763 0.537152 
0.813429 0.448538 0.497573 0.547019 0.471550 0.515650 
0.313782 0.798195 0.259585 0.519254 0.671524 0.555294 
0.500932 0.418524 0.427853 0.494735 0.469515 0.528378 
0.668194 0.494621 0.302258 0.601111 0.467242 0.575912 
0.501731 0.580988 0.321308 0.484222 0.427134 0.316103 
0.382665 0.269727 0.423794 0.263615 0.433004 0.372613 
0.687122 0.504832 0.282400 0.773779 0.561500 0.425583 
0.762227 0.458326 0.627054 0.568091 0.434301 0.571627 
0.393437 0.367123 0.513715 0.617771 0.279405 0.903724 
0.426192 0.845384 0.528008 0.569524 0.589302 0.674689 
0.594676 0.249356 0.453001 0.537821 0.395385 0.612965 
0.327558 0.480461 0.417591 0.457907 0.271651 0.449653 
0.562236 0.353262 0.482836 0.416733 0.585832 0.325502 
0.442935 0.574241 0.506040 0.511276 0.535059 0.744777 
0.453979 0.428732 0.507861 0.390158 0.395386 0.360722 
0.560331 0.275490 0.507926 0.295436 0.427934 0.557338 
0.586250 0.649492 0.728401 0.701590 0.526507 0.788241 
0.749084 0.517876 0.667850 0.715519 0.515242 0.526480 
0.404107 0.349737 0.326376 0.466680 0.362048 0.361603 
0.271078 0.320242 0.189343 0.308613 0.196396 0.222435 
0.423570 0.422462 0.553765 0.508293 0.300743 0.638124 
0.438653 0.470991 0.376310 0.435385 0.381977 0.378469 
0.408152 0.650512 0.493756 0.726970 0.472458 0.729927 
0.676906 0.623976 0.751146 0.644030 0.606582 0.719740 
0.583555 0.499939 0.519839 0.592548 0.581870 0.496282 
0.454692 0.491267 0.608874 0.573107 0.536231 0.522391 
0.384565 0.556178 0.625002 0.389980 0.676103 0.635362 
0.321912 0.368026 0.278947 0.406311 0.391089 0.364841 
0.651928 0.472409 0.582296 0.583690 0.675431 0.450537 
0.623531 0.500342 0.414082 0.603619 0.329497 0.671769 
0.568772 0.353920 0.563973 0.366081 0.661960 0.182026 
0.494028 0.591198 0.484034 0.616772 0.294150 0.640936 
0.451410 0.439946 0.474556 0.604997 0.364803 0.651819 
0.635039 0.337552 0.453763 0.354837 0.493135 0.229949 
0.408883 0.278210 0.414315 0.397857 0.481554 0.183033 
0.771964 0.234990 0.623514 0.464640 0.512578 0.342889 
0.318111 0.585142 0.098242 0.314947 0.354838 0.330754 
0.588588 0.279278 0.701485 0.249599 0.582342 0.602788 
0.544972 0.347633 0.450975 0.616429 0.509801 0.763232 
0.447347 0.748462 0.499127 0.529332 0.611968 0.721010 
0.396839 0.444095 0.640382 0.393279 0.326361 0.654427 
0.415710 0.573099 0.610219 0.552503 0.589747 0.581998 
0.583823 0.561935 0.469117 0.578370 0.552723 0.531232 
0.592210 0.689764 0.483840 0.684374 0.513390 0.698027 
0.380172 0.618656 0.400640 0.486568 0.282585 0.670581 
0.722255 0.535236 0.651436 0.688830 0.708493 0.641469 
0.748528 0.618247 0.700769 0.667551 0.694078 0.691007 
0.501602 0.335971 0.450397 0.251048 0.599529 0.517412 
0.715090 0.434619 0.404636 0.608439 0.661956 0.361524 
0.409314 0.366215 0.645858 0.408535 0.395026 0.440837 
0.778373 0.634791 0.783673 0.648512 0.726662 0.710939 
0.481935 0.516749 0.368054 0.247286 0.541844 0.451068 
0.662373 0.479045 0.669076 0.493277 0.477238 0.693737 
0.597348 0.681939 0.793530 0.802709 0.735252 0.787601 
0.348370 0.501175 0.387104 0.520039 0.443414 0.586175 
0.373964 0.493223 0.611710 0.314755 0.340777 0.743865 
0.285464 0.544581 0.327270 0.439886 0.351605 0.316850 
0.483029 0.506579 0.469740 0.257904 0.423891 0.496927 
0.272356 0.142339 0.300509 0.167951 0.229427 0.227553 
0.643907 0.436502 0.530702 0.395877 0.724739 0.373292 
0.357178 0.231174 0.265339 0.431961 0.341773 0.297459 
0.498783 0.752603 0.347455 0.519934 0.475751 0.401941 
0.567969 0.385304 0.590478 0.399305 0.378582 0.583253 
0.446241 0.500129 0.388285 0.584209 0.433995 0.537381 
0.585252 0.388753 0.690028 0.526916 0.504820 0.567213 
0.277230 0.646931 0.582772 0.331662 0.340020 0.836574 
0.694840 0.539945 0.358842 0.730539 0.438434 0.540019 
0.273976 0.433060 0.355910 0.384002 0.276606 0.400626 
0.506714 0.533386 0.331438 0.468243 0.413968 0.441503 
0.405005 0.428693 0.593554 0.362598 0.487681 0.535601 
0.693515 0.725658 0.399441 0.746896 0.678727 0.488589 
0.372601 0.369533 0.548693 0.587628 0.455381 0.609777 
0.563178 0.440285 0.511470 0.555492 0.521280 0.319731 
0.504510 0.724515 0.431561 0.527580 0.621987 0.477532 
0.737757 0.610796 0.776607 0.653907 0.734745 0.468221 
0.723557 0.734791 0.622890 0.716294 0.621364 0.738969 
0.535503 0.489351 0.612544 0.584776 0.490344 0.465402 
0.540666 0.529659 0.589303 0.506560 0.542440 0.654614 
0.455659 0.511733 0.707496 0.511994 0.436013 0.668380 
0.550384 0.698255 0.526039 0.523892 0.694398 0.463349 
0.524752 0.566595 0.527844 0.537620 0.368788 0.635747 
0.454354 0.468797 0.553366 0.556413 0.417681 0.553025 
0.193353 0.422249 0.440705 0.251340 0.436965 0.426419 
0.421836 0.400659 0.532169 0.337455 0.384976 0.288595 
0.604972 0.455096 0.464815 0.556962 0.528671 0.647249 
0.710216 0.282203 0.486544 0.585419 0.468739 0.629983 
0.401784 0.545665 0.265083 0.357126 0.537264 0.391781 
0.244944 0.304050 0.193175 0.319433 0.265489 0.269361 
0.708861 0.528776 0.414297 0.650910 0.445851 0.501180 
0.815006 0.664542 0.660783 0.781784 0.746818 0.672161 
0.398421 0.245013 0.630537 0.271167 0.436468 0.319546 
0.448841 0.282475 0.499938 0.136472 0.232244 0.497983 
