500 6
684,6005,8491,4790,5039,4339
6292,9143,960,6107,6485,6152
3789,1846,8718,6154,6104,4994
8532,1641,7330,7673,1080,9545
2784,5375,6168,1735,5574,6526
3211,3228,9999,6319,1616,6734
5025,2413,4414,8426,6665,5704
9417,1306,5571,551,9610,612
4978,2796,1645,4603,3972,9749
8596,4132,2161,3349,7631,2805
1414,7009,8834,832,8240,4670
6931,4780,4321,4375,6824,7501
2996,2635,8494,889,6999,656
5591,6798,2469,6745,262,8760
2612,9067,398,7376,2520,7834
9074,1876,4727,6036,1569,4869
4032,8498,6667,23,6554,3156
5178,6330,2841,9135,2033,3646
7477,457,2616,5788,8367,5164
8045,932,8285,6416,5051,3234
5348,5697,3968,2010,5803,6023
5951,8905,2177,3939,4631,5273
9301,664,1109,6446,5408,4021
5543,7057,1010,9046,7406,3638
8954,6791,2518,9577,2095,3801
1989,4642,7215,6152,1246,8821
1097,4714,5392,2323,6782,8053
7624,1250,2565,4207,4810,7269
5482,9889,2597,7776,2857,375
7703,4443,1842,3835,2757,7231
2198,4233,5899,4445,2317,7983
8808,1458,476,4274,3764,6410
205,7524,6864,7633,6635,2677
7112,4765,7621,3215,605,4327
1491,9091,1205,8037,888,7941
4046,661,8850,1723,9318,5327
2090,7220,7131,6075,2783,6335
7917,2147,1523,8890,826,8006
7244,361,5544,7654,6298,2644
6926,7896,4632,5490,2546,7091
9365,5461,2994,2075,6668,6627
3589,5227,7670,2059,7965,237
3816,8535,2496,3291,5685,7454
4370,5277,6741,1868,6766,1871
4275,9456,1421,6582,3854,2183
8877,2129,862,7043,2509,4954
2550,7385,978,1298,5503,6877
6655,6350,5545,6809,1463,6507
695,8135,5250,6074,3907,4706
4109,7486,2065,2127,6382,4555
1435,4001,7648,2501,7010,7715
4406,6946,5144,7675,3303,3327
6854,3770,8919,5808,32,2482
9942,3391,5262,7432,7780,276
5404,4667,7874,500,7343,9021
5806,3268,8037,2835,8801,3715
8260,5928,8087,814,9096,3269
8237,2621,7731,3986,1470,7357
9177,4420,2031,2170,4863,5066
1439,4571,5834,6526,7197,7020
6456,6221,2286,5242,5801,5358
2061,5177,4572,8642,1664,5541
3212,1979,95,6769,5977,5441
8558,4236,5523,9625,1799,1269
7474,3555,5146,5960,276,8464
6654,4576,3648,3744,7533,8123
6601,1007,8433,7077,2438,4171
3397,9947,251,9798,2561,7437
5791,1728,6288,5809,1561,7877
1167,3214,6102,992,8072,6293
7097,4411,3852,2685,4893,6177
4013,5343,8293,4559,2683,7785
8325,3579,7592,5853,4479,1168
4145,5196,6008,1330,7402,7017
1602,2342,9785,1717,4057,7954
9193,4553,4490,6818,6763,2174
1886,7903,4941,8581,1879,5253
4024,8897,3553,4456,2316,3965
4812,5437,6338,6033,3143,6431
4799,6641,945,7749,2114,5612
1773,4239,5361,6764,7130,1511
5315,4365,2221,3105,6883,2708
5211,4475,2362,4351,7639,3913
596,7696,1735,6215,4579,5828
2205,7230,2871,7855,8216,3151
6327,193,4250,5592,7790,1555
2856,3191,5319,7840,4643,4671
1759,9374,3526,1178,5535,3468
1639,5520,2089,5525,8615,8799
3134,5303,6318,5682,5271,7513
6718,1318,6040,7427,6457,5691
1279,8910,979,3633,3106,9381
2062,5639,5640,5506,6827,7023
5509,8891,1979,3651,8558,4988
2320,8191,4872,388,6974,3778
5676,5266,1677,5921,2586,7154
3245,5218,2479,5618,7264,3735
5880,4569,8411,4007,6054,2614
8791,5236,5616,3140,4966,6049
5799,2184,5953,8646,5370,889
1721,9551,4445,1205,8673,5386
1896,5939,9642,3736,5128,3599
472,5770,2403,9680,4660,4149
6986,4207,8893,5413,3931,5573
7558,3954,5761,2240,4380,6005
852,4211,5659,8275,6262,3596
6662,6395,8496,1555,5904,4384
2695,9212,7316,4739,5067,1098
7039,1082,8323,7190,464,3570
1144,6426,3762,5007,8099,6345
7314,7911,1608,3055,8067,4472
7391,4181,6463,2099,1209,7517
8986,2468,3554,5899,5088,4980
3119,7071,875,9404,958,2298
930,7753,3263,5773,6242,7963
7938,6640,1926,1986,4548,8585
7519,4505,4849,4339,3087,3402
3015,1348,8302,4337,8469,3349
3557,3703,621,4700,9768,8563
9863,4425,4120,1054,5206,5338
1394,9224,5053,4531,7947,5313
2183,4800,9173,7381,1155,3812
2144,3722,5006,7833,4108,8302
14,4768,8462,3440,6198,7491
7289,3765,4765,9593,3097,521
6504,6729,3411,2428,7471,3626
1481,4977,9230,3289,6584,4908
8905,671,4251,6206,5360,8197
3851,5139,850,8396,4965,5959
6111,675,3752,7293,6119,3854
4435,2632,6986,4497,7381,4481
3132,1322,9849,3117,7246,5213
9411,210,6075,2700,5986,2661
6716,1531,9463,2006,5268,2576
2805,4346,2021,3918,5654,8208
3606,3767,4939,7473,2300,6818
6109,6802,3651,3590,9122,54
1139,8289,676,4743,6894,7772
7787,4133,5570,8006,6695,6274
2344,9859,1844,1687,3397,8878
3347,4024,1279,7264,5772,6583
7431,4749,9866,255,7689,2967
3824,3733,8280,4188,6441,9488
105,6779,6850,6532,5154,4918
423,5669,3080,3215,6573,1832
4051,4762,3123,5383,4879,6733
4771,2957,7459,3067,2055,8438
5900,5243,2720,1026,7098,5789
9003,3391,7441,1378,6613,6639
3941,7139,8620,2468,8638,2535
5760,2081,588,8845,9519,4478
5353,9073,1470,8720,4041,7014
2218,1948,4953,7897,2054,9804
7624,3729,4928,1440,3808,8884
5139,5534,2977,4270,5742,5235
803,4581,6766,8324,5885,8919
1733,4518,6567,4767,4726,9867
8706,1211,7872,1091,7289,2532
2855,8261,4429,4206,6028,7803
7027,8656,1593,4651,9123,3713
7917,796,7395,7941,3685,5434
5377,5497,5108,1301,7055,940
2765,8479,539,6880,8454,2065
2168,4509,8319,2078,4843,7290
2430,4213,3423,5952,9532,7656
4249,990,8158,7243,8548,5343
1471,8772,6018,7727,3872,3347
6952,2396,4207,3757,7016,5079
7149,7571,6260,6005,1858,117
4983,7517,5745,1908,4738,6956
8559,2941,8238,4522,724,3164
3836,1197,4235,7417,2266,7902
4410,3394,1460,4536,5595,6066
5917,6674,5092,8387,2748,2253
696,2732,6711,5910,6581,3289
4613,7010,3699,8325,3575,2688
7635,340,1920,3612,7710,5300
1596,9132,923,5417,2083,6893
601,9190,1681,7838,3622,8382
6837,2990,817,8470,8530,3079
9336,2595,461,6331,4080,7413
4017,7354,3677,5368,943,7928
5656,819,8207,6296,174,4654
5189,3612,5566,8106,3081,3190
2524,1628,4820,9413,6153,3327
1713,1147,7234,9221,5177,2401
5924,3883,6191,1826,9006,1438
4046,7218,6533,2000,6107,5064
5231,7150,3055,8609,4172,1403
5049,8654,1424,6165,2981,4931
5732,5589,5548,6266,5831,1726
6228,1567,3177,5324,8460,7132
2154,6036,8656,6929,5926,2127
8116,2104,7963,777,4778,9645
8949,429,4692,8534,7692,2256
5408,6503,3852,2859,8495,1920
9170,2550,9747,709,2327,8623
2539,9224,5305,627,3806,8936
3393,8388,1807,1062,7255,2200
9054,8334,2716,5526,1749,2582
4639,3549,4816,753,9404,4909
7959,2068,6676,2142,6209,5924
5895,4154,8282,7312,3518,2321
2848,4703,2284,7510,5295,7575
4358,2270,8013,2941,2421,8900
3312,5111,7317,6229,8164,1482
6415,6982,6614,5782,2822,4434
1138,7946,1463,5092,5874,9679
3263,5808,8152,2522,9330,2704
8012,8341,4908,5341,1586,4262
5406,9506,414,3460,7484,4289
5123,4853,8693,5296,4319,2496
1954,6922,4184,8696,3653,5329
1703,5166,5818,6710,4963,957
1442,2530,9868,4467,4765,7531
3550,5746,8011,2495,1287,9979
9214,4506,1045,6722,7569,102
4822,2525,3477,7825,8311,5286
1115,6117,6671,7179,4696,6801
1067,9890,631,8446,4902,3247
4217,679,8367,164,2627,9889
7530,7412,904,4474,6363,2210
7435,5247,6312,235,7902,1659
91,3420,5901,9848,3949,3791
1422,6604,8198,4564,6611,5566
9599,3092,9498,4523,3787,339
673,5294,6571,4797,1320,7588
3846,8082,4644,6843,2779,1035
4397,595,6164,5366,1882,8422
6736,5943,2388,2493,17,8495
3968,5210,2990,8410,3342,5260
199,9057,6522,1898,9946,7158
3405,7319,8710,2739,5165,1887
1192,4864,9842,7515,2465,4749
5422,5065,1265,4447,5718,4235
4653,9869,7731,344,373,4723
3810,1891,3824,5975,9200,6498
1595,5896,8758,5050,8467,3833
3253,7217,7612,6654,4834,154
6420,5787,3430,4534,1755,8528
3722,6296,5700,8098,8229,5125
8484,6454,1223,8689,3370,7713
9331,5069,1448,4952,5596,4030
5413,6523,5735,592,6081,8399
4946,8490,2126,2166,6493,4798
7269,4040,8410,3579,4293,5461
5895,958,2515,4338,5149,6335
9166,1740,4106,4631,3179,6294
6320,4468,4747,415,6019,9615
6916,5494,3011,5881,7564,791
5981,6114,1576,5953,9370,4849
1614,8746,1830,8483,4853,5128
7534,2530,641,6991,7338,4576
742,4249,2758,4890,9461,9148
2815,6314,5244,2826,5109,6573
8526,5338,6746,1767,9321,482
820,6438,7917,5531,1545,5260
7559,8071,7050,343,9990,1557
3159,3555,4614,5908,4906,3258
8021,1988,4698,4934,6675,4917
6306,2431,6602,1190,5118,6555
9906,2613,9140,4789,2456,7662
7151,5000,3087,4890,7489,5482
2668,7482,1613,7158,8542,3908
6761,5256,2585,9629,3979,6951
5430,892,7938,8432,3317,8038
5215,3738,3191,4944,701,7291
6232,1354,5568,7776,8333,774
6430,3659,2059,3147,5712,7698
9850,3444,1295,4716,7062,546
2678,4122,6578,3241,3201,7007
4208,6268,8589,4029,8709,2353
7776,6585,522,3017,6059,8096
6278,5778,4696,1270,7087,339
4852,3604,1515,4963,4681,8115
2457,3912,9008,4120,9458,2594
1612,3014,8967,632,5763,5527
1493,7592,2610,6366,1805,7688
7000,7016,1250,7199,3069,6294
1581,6753,9047,4158,4095,7195
4214,5194,4115,7945,6875,2915
7042,1027,6200,2085,8046,7334
5178,3465,7657,9185,54,5379
4887,5136,8497,632,5411,1918
7083,2931,4006,6244,640,7240
903,6562,8727,2848,3601,7054
5872,9182,3530,4318,1335,8228
4876,5814,9537,2048,7622,2599
8311,6698,7629,4655,3564,843
2876,2849,5518,2181,6754,4084
2400,9649,6668,3376,4617,2626
5937,9528,6432,2439,5097,923
7718,8386,3618,5535,4537,1798
6179,9476,6560,3084,669,5227
9048,7561,1292,3313,7172,2215
5229,570,9599,7228,5995,5023
1866,8803,2684,8518,3433,4850
6767,3019,6683,3880,1800,7707
1903,3660,2831,5214,9597,2352
9079,5667,1466,3423,4591,3601
646,4159,3492,7373,9099,3221
4899,1430,9110,316,7511,7900
1251,9177,1532,5212,7677,7457
5238,4109,8232,1860,9886,6346
468,2837,6035,9394,1220,7476
5254,9512,4570,2575,9149,841
970,5931,2945,5488,8453,7162
3163,4432,6398,3181,8313,965
720,8869,1630,7895,4486,4323
5170,1909,9797,4463,5347,3578
8948,5130,3404,9086,6679,2420
5503,3481,8242,3777,2970,7391
5278,8831,3280,3648,2121,7750
4290,3308,2052,9821,6529,2944
1346,5268,9372,7434,288,5079
6643,6350,805,6680,7209,3306
4790,3603,3681,3814,4342,8923
7391,7650,6283,1955,4263,1096
7382,5312,992,1931,8470,4448
9514,4557,6130,273,4662,3209
9494,947,8772,2865,4575,2004
7543,3316,2702,3273,1118,8406
6145,6581,2993,9238,7768,832
2615,9273,7755,1962,1400,9381
7907,5068,1754,7579,5103,7452
4242,1600,6243,2546,7827,5088
6412,4582,2654,5941,5265,7404
1864,5188,3277,4124,8310,6858
6747,6226,5566,1050,8336,2587
7915,5017,9427,5094,3933,2956
3943,3850,5877,6812,2480,8277
8220,6455,8140,458,6409,4324
3229,7368,6341,5431,3383,5905
5675,6593,492,7468,5539,1661
643,3400,8445,6321,8775,4484
2140,9107,2378,7384,4433,5960
3352,7579,5280,9429,2715,4617
4511,7557,1724,8653,6158,1222
9818,4698,5715,1752,6064,2757
2659,8106,2287,4065,3307,9291
4704,949,8189,7342,2737,6353
2500,7972,6812,3750,5664,3522
5693,4541,7853,2924,2605,8113
7119,2708,6165,2227,9492,3551
8669,3686,4970,3706,2708,6185
3052,6903,3446,7054,4241,4656
7687,3321,845,9559,5562,2941
7614,950,4176,7652,4351,722
3987,6010,2246,4730,8971,4749
9138,469,7457,2693,7111,5597
2350,5603,9407,1031,3654,6375
2810,2043,8505,3819,5675,5612
6833,3367,4504,8041,5516,3083
3619,7802,318,7414,5187,6169
8791,1728,5952,9649,1308,5143
6222,7641,3770,4209,6859,1501
9727,2766,676,8511,4560,1453
4422,1115,6968,2755,3768,8318
8247,5998,302,6866,4534,5103
7688,3085,3371,8240,904,3771
137,8370,3617,2844,7502,1173
8013,55,6802,2030,9135,33
9369,5004,3228,7743,4238,5939
5997,5504,4661,4994,2101,6065
6209,4465,4560,5446,9052,1192
5725,3984,9958,766,7880,6008
6299,223,3427,3719,9975,7959
138,7165,4980,2754,6393,9838
6614,2863,6819,3634,9542,3159
4397,8996,1805,1658,6428,5914
322,5894,4205,5576,8934,2378
4406,6736,9071,2196,9035,3107
5797,3754,4317,9377,2348,3978
5307,752,5464,3884,6752,9718
1425,6841,4592,6201,3188,9597
3855,7287,3583,7382,2100,7117
4293,8879,5164,7289,3045,2455
8259,1290,5587,7692,3951,1258
1726,2697,7162,8633,5596,5441
1899,3244,9565,4414,7903,7027
6920,5024,3847,9915,2082,4990
8233,7045,4866,3451,7901,1822
6894,2154,4573,4514,1551,7054
8126,4834,147,5027,8755,5214
4553,7005,4160,2645,4111,6538
8552,8718,6488,544,5158,5695
6151,7120,3031,9164,836,3019
1901,5609,3954,3892,7096,5898
2978,5005,7719,5743,4149,7065
6113,922,6368,1434,2282,8588
1185,3817,9755,3498,6135,5090
8761,3732,8560,2935,1946,5405
2779,4245,6434,8958,2594,5149
6816,4217,8685,5439,704,4554
175,9817,7052,4236,3255,3693
5342,1888,6647,8152,4447,3963
6166,882,5355,8779,328,7575
6701,4069,3383,470,9986,1170
991,9978,8212,4854,6861,2554
5395,7988,4016,6536,4206,5100
4803,9137,829,7614,57,8960
4950,6892,9448,805,3451,6040
8023,1737,825,8771,763,9486
6209,4499,5082,8331,4604,4876
157,3844,8203,2060,2766,9306
9737,1091,9059,903,6979,1204
2847,8964,7213,365,5355,2685
5467,1089,8138,6797,6883,4507
4482,2510,5411,251,7540,9546
4870,7713,2406,216,7512,1806
9313,2498,2415,9266,2416,4420
6474,1646,7248,1080,5457,7764
6711,3251,2209,8916,6321,6775
3147,3027,7906,7124,4709,5480
5338,1337,5943,4828,6185,6363
5020,1179,7152,4744,4751,7123
1002,7336,6866,3724,5373,6849
4759,4015,8596,4065,5996,3507
5245,6077,5580,3546,7108,5643
8885,2878,7605,5612,5374,4653
1602,8406,7278,2712,7865,4997
3017,8837,2930,7035,6994,3231
3647,4617,2367,7576,5520,8025
2617,4600,6657,2005,5737,4196
2269,6793,9539,566,1774,8732
2758,5198,9739,3137,6990,1495
2870,2191,7285,1813,8017,4515
3614,2662,3910,7361,6570,6468
1290,5214,6592,8247,4359,7858
5592,1311,9075,4403,5007,2524
7701,7808,5389,1928,3239,1851
2131,4569,8564,1921,6877,8510
8279,2625,8530,181,3155,5411
5646,7590,2296,6573,221,6211
2538,6766,5421,5526,5236,6315
9070,1805,7904,658,3971,5772
3360,9268,9648,3549,4486,1969
6907,6051,8227,5840,7748,199
1674,1219,8576,8255,5958,2560
6076,2504,2764,4810,6925,5998
5547,8595,4652,6434,3801,2517
1735,7293,2751,8980,9119,2517
424,5510,6999,9926,227,7722
9358,3857,4920,893,1938,5588
4659,8702,2740,4564,958,9402
4081,4793,4392,3732,6030,4760
3051,6400,5300,3322,2592,8850
4648,3563,3589,4224,9315,2606
4796,5070,4993,9909,1838,2936
9366,4102,7515,3505,8377,714
4423,6118,304,4648,344,8255
7734,1936,8476,1666,7478,5302
8304,5433,5915,5366,2985,505
2120,32,8614,2697,2826,9493
1707,8821,2829,7218,9828,2496
3041,1940,8954,9466,4572,3728
2942,7923,4847,5398,4351,5926
4979,7664,5731,1416,7738,1958
7953,5328,9163,79,5496,1131
4576,6419,1818,391,6595,7382
3776,3165,3294,9663,3722,7467
355,603,6662,6205,6000,6406
8598,1468,7553,4339,564,3602
5840,3337,5731,8645,3499,6034
4070,551,4587,3701,6199,6449
7383,6713,3932,6385,148,6401
8065,4618,543,467,7897,2243
4200,6816,2209,7296,5453,7357
4508,3838,1005,7527,3926,7847
3207,5677,4985,1567,9677,2516
9549,2327,8846,5062,835,489
7620,6589,4935,8176,2993,3337
9409,1206,5219,8925,827,2703
632,9559,7550,3706,1420,7305
2045,3267,3730,5647,5721,4994
7092,2264,7409,4133,4262,5405
1197,7715,3839,3564,4633,9872
5469,3583,5236,6613,6969,2487
6631,4563,1558,4120,6595,4293
8691,3410,8790,5091,185,2688
7035,4912,5059,4940,1735,3574
3974,3807,8473,5946,4874,939
3396,1638,9415,5793,6222,3936
3733,2024,7676,7491,1650,8244
3152,6786,4822,1795,3710,8837
1177,5557,6852,2312,3318,5025
7736,6763,886,8567,7582,1366
3983,8640,6770,3557,726,8747
9636,4543,1239,6792,6270,3811
4614,8693,3393,9796,737,6854
3971,6881,6403,2344,9205,2016
2656,4539,7894,2819,9967,5323
5765,2897,8624,3700,4650,7883
5288,1310,4577,1970,5269,8903
8872,4521,5325,745,9478,179
3947,3747,7508,3343,9541,2626
5641,4450,6721,6092,6246,5229
9082,1066,4772,1246,5253,8238
2735,9310,3058,2370,2192,3665
94,6177,1280,8290,6970,6000
