100 5
0.424214 0.315886 0.513553 0.461586 0.453392 
0.417035 0.549909 0.293528 0.704726 0.401050 
0.338350 0.482103 0.421863 0.432115 0.306112 
0.445237 0.338312 0.430691 0.420468 0.599012 
0.692370 0.634913 0.280512 0.677550 0.500017 
0.493904 0.799937 0.428178 0.644575 0.757267 
0.641780 0.544500 0.600532 0.754641 0.410995 
0.608622 0.492606 0.505150 0.638603 0.573837 
0.582239 0.591533 0.408467 0.625269 0.463797 
0.196993 0.527655 0.498577 0.286513 0.437862 
0.506276 0.567240 0.343084 0.608228 0.402856 
0.632112 0.656647 0.590818 0.600277 0.676266 
0.292601 0.496987 0.202186 0.371579 0.253833 
0.440421 0.666892 0.306807 0.562528 0.351045 
0.224230 0.356728 0.309405 0.557079 0.360299 
0.414218 0.465952 0.552073 0.454328 0.585749 
0.380799 0.379465 0.500866 0.435807 0.510799 
0.406874 0.318159 0.371747 0.377507 0.303892 
0.328444 0.657603 0.532482 0.333296 0.829518 
0.554492 0.523490 0.608328 0.485333 0.537354 
0.362280 0.539897 0.665652 0.420366 0.533131 
0.491867 0.424767 0.340510 0.597400 0.418410 
0.686746 0.503518 0.535100 0.412335 0.531906 
0.370158 0.473075 0.321812 0.286229 0.353627 
0.559686 0.733015 0.558378 0.451889 0.619381 
0.254722 0.234717 0.229182 0.273928 0.375052 
0.268515 0.558112 0.437654 0.474122 0.365783 
0.449231 0.304347 0.552163 0.309293 0.419907 
0.588399 0.685434 0.645492 0.659661 0.776878 
0.533678 0.626580 0.626563 0.632031 0.559317 
0.257866 0.431547 0.240201 0.391542 0.473755 
0.582026 0.746480 0.516245 0.719056 0.627049 
0.318669 0.249663 0.389765 0.247329 0.474287 
0.675012 0.697788 0.666835 0.657061 0.694193 
0.559536 0.503583 0.504977 0.511746 0.579613 
0.479533 0.543682 0.523035 0.551906 0.822817 
0.512367 0.445927 0.449716 0.669557 0.592415 
0.504590 0.443509 0.462193 0.493607 0.321332 
0.317639 0.354413 0.580274 0.273704 0.410942 
0.298127 0.169057 0.397665 0.226510 0.303015 
0.800047 0.742734 0.657685 0.637526 0.682264 
0.446797 0.131648 0.369046 0.279566 0.291371 
0.383445 0.528845 0.322071 0.650729 0.387584 
0.549669 0.479096 0.464928 0.448261 0.726028 
0.393112 0.508664 0.343354 0.357101 0.439372 
0.692157 0.504678 0.509606 0.535458 0.449167 
0.745996 0.694469 0.683077 0.760521 0.704305 
0.653700 0.419663 0.561537 0.576437 0.537577 
0.380240 0.459125 0.265525 0.433075 0.388481 
0.408730 0.395517 0.371274 0.457185 0.415788 
0.233678 0.299181 0.253907 0.245696 0.279350 
0.355341 0.474535 0.308625 0.501648 0.559165 
0.197929 0.450873 0.263839 0.457914 0.520999 
0.667275 0.434321 0.453235 0.812160 0.391978 
0.625531 0.349115 0.578341 0.608570 0.292091 
0.458345 0.419408 0.315183 0.542109 0.293248 
0.469559 0.470723 0.560334 0.526972 0.297845 
0.499102 0.621540 0.573143 0.360917 0.649392 
0.560519 0.664825 0.550440 0.664738 0.634544 
0.597825 0.312067 0.562021 0.493770 0.251707 
0.788358 0.421749 0.485161 0.606889 0.556058 
0.416556 0.495327 0.304185 0.363891 0.562662 
0.579371 0.577033 0.504980 0.674959 0.403645 
0.219436 0.325982 0.162357 0.269891 0.155399 
0.160516 0.450346 0.298151 0.301437 0.287266 
0.691186 0.607602 0.809207 0.670093 0.716940 
0.687924 0.613219 0.664083 0.632868 0.653316 
0.516166 0.450420 0.417834 0.422732 0.295905 
0.551372 0.520995 0.530961 0.490566 0.852623 
0.560956 0.465311 0.523573 0.553022 0.522552 
0.283174 0.336926 0.309044 0.436163 0.167801 
0.493349 0.543974 0.410484 0.570531 0.398565 
0.578459 0.278676 0.449383 0.469442 0.320129 
0.935947 0.317820 0.730665 0.592892 0.307232 
0.633042 0.437991 0.377523 0.552248 0.420372 
0.773080 0.779286 0.799219 0.832257 0.811980 
0.540970 0.437286 0.430082 0.524429 0.256602 
0.377207 0.260424 0.378518 0.378581 0.328994 
0.618471 0.178411 0.526967 0.595904 0.403898 
0.302673 0.488803 0.430390 0.323250 0.521477 
0.503113 0.678403 0.526104 0.351849 0.621007 
0.469019 0.255365 0.316191 0.395595 0.315544 
0.545419 0.542195 0.704485 0.554582 0.647306 
0.372429 0.784553 0.558896 0.384207 0.452418 
0.465720 0.549629 0.661059 0.573482 0.458644 
0.280508 0.701559 0.315816 0.423726 0.453410 
0.446330 0.790269 0.205429 0.682146 0.654579 
0.653414 0.634577 0.616762 0.655838 0.661607 
0.548767 0.618652 0.449496 0.629723 0.231411 
0.377643 0.423761 0.350975 0.370286 0.358742 
0.455350 0.615537 0.627497 0.396386 0.584151 
0.160427 0.116708 0.158830 0.141267 0.140788 
0.160421 0.143871 0.119280 0.110694 0.123185 
0.640827 0.638388 0.542462 0.719021 0.771399 
0.579603 0.690909 0.700047 0.649876 0.592768 
0.602250 0.655324 0.477550 0.738976 0.496552 
0.767061 0.595747 0.869910 0.623552 0.655664 
0.345668 0.440351 0.390498 0.376720 0.430158 
0.570222 0.260783 0.357282 0.667652 0.232897 
0.674575 0.623315 0.572149 0.450471 0.680976 
