2000 4
0.269650 0.877850 0.904977 0.985449 
0.977521 0.232525 0.551830 0.286619 
0.227368 0.784546 0.833240 0.037520 
0.816083 0.706158 0.222499 0.473429 
0.853883 0.546753 0.304909 0.091435 
0.460672 0.303682 0.296982 0.118849 
0.312334 0.849046 0.597395 0.828180 
0.244404 0.654590 0.995247 0.514054 
0.532440 0.900225 0.499503 0.509962 
0.132749 0.051334 0.796581 0.360117 
0.835879 0.629821 0.397637 0.651962 
0.335979 0.620137 0.125391 0.189862 
0.166890 0.430300 0.281297 0.627562 
0.733982 0.578279 0.746411 0.046315 
0.427325 0.343806 0.874496 0.671729 
0.998396 0.869743 0.185784 0.530836 
0.769967 0.685287 0.040798 0.902717 
0.736621 0.837378 0.262834 0.572500 
0.467199 0.660471 0.224462 0.803178 
0.280608 0.349854 0.993040 0.447499 
0.780154 0.274337 0.075060 0.514136 
0.852615 0.821471 0.560451 0.279940 
0.165277 0.434947 0.951669 0.163673 
0.304689 0.137453 0.694509 0.074657 
0.822740 0.735306 0.977374 0.559360 
0.572685 0.240208 0.131860 0.039884 
0.900679 0.356323 0.843062 0.181287 
0.706177 0.836102 0.628786 0.486331 
0.110439 0.703846 0.000467 0.963054 
0.525317 0.560918 0.242994 0.690594 
0.995864 0.194663 0.854267 0.300554 
0.332116 0.548776 0.375210 0.154856 
0.284082 0.352584 0.714216 0.856767 
0.592792 0.846077 0.896651 0.493471 
0.202400 0.739713 0.674758 0.908576 
0.575815 0.303544 0.394907 0.686254 
0.007390 0.395374 0.649308 0.532708 
0.956292 0.892302 0.223302 0.952156 
0.086966 0.077569 0.252710 0.419082 
0.626345 0.627920 0.573938 0.910427 
0.980504 0.288154 0.767194 0.573296 
0.134230 0.663844 0.066766 0.336630 
0.403557 0.741524 0.245206 0.979372 
0.045068 0.640114 0.665626 0.052458 
0.035487 0.314934 0.585166 0.991779 
0.207237 0.808468 0.943935 0.294202 
0.886037 0.196644 0.713284 0.512381 
0.824565 0.287222 0.422808 0.805069 
0.575375 0.190002 0.378364 0.709606 
0.853846 0.445131 0.046236 0.257404 
0.186655 0.291442 0.236776 0.231723 
0.931555 0.902402 0.284181 0.967043 
0.217337 0.869347 0.958822 0.424573 
0.677814 0.902757 0.718776 0.563851 
0.099401 0.432060 0.076232 0.923966 
0.719281 0.499040 0.729034 0.294657 
0.689042 0.107399 0.004263 0.542889 
0.552529 0.050498 0.800292 0.739184 
0.341940 0.037068 0.970907 0.273496 
0.939471 0.255087 0.240539 0.156807 
0.124434 0.199360 0.581381 0.802248 
0.102117 0.300156 0.366099 0.201518 
0.732216 0.442331 0.125484 0.451498 
0.941371 0.854519 0.746154 0.630413 
0.961917 0.750417 0.173302 0.514447 
0.800915 0.973594 0.253631 0.142856 
0.010662 0.224537 0.416351 0.950133 
0.479624 0.656890 0.106941 0.604058 
0.856251 0.688321 0.406306 0.958368 
0.988478 0.772405 0.159886 0.720694 
0.214735 0.285370 0.172191 0.156106 
0.139889 0.918346 0.786520 0.101806 
0.668763 0.959822 0.616253 0.469678 
0.933416 0.869883 0.612534 0.944078 
0.094420 0.028885 0.894212 0.574045 
0.685775 0.001152 0.178103 0.542026 
0.689473 0.584409 0.500393 0.677951 
0.356814 0.660279 0.398645 0.571549 
0.945650 0.570836 0.727656 0.085538 
0.489182 0.514175 0.187344 0.157944 
0.473997 0.803597 0.627623 0.407413 
0.673480 0.240156 0.351491 0.767901 
0.269042 0.245703 0.341945 0.954817 
0.246855 0.520048 0.496843 0.936328 
0.104457 0.997236 0.614279 0.461271 
0.657515 0.012924 0.032820 0.603165 
0.583760 0.760476 0.688703 0.072941 
0.274651 0.876048 0.230886 0.748648 
0.679644 0.858508 0.156061 0.353125 
0.098665 0.507552 0.121025 0.367706 
0.753255 0.462970 0.322523 0.000110 
0.983019 0.819366 0.936438 0.087476 
0.816602 0.550717 0.548747 0.474117 
0.563641 0.581567 0.077282 0.147400 
0.342042 0.765986 0.220342 0.616693 
0.642033 0.451227 0.365341 0.321678 
0.309736 0.521402 0.674802 0.408401 
0.028954 0.795827 0.776107 0.782209 
0.258798 0.098630 0.782318 0.241816 
0.917996 0.718756 0.329292 0.734598 
0.269473 0.878039 0.208716 0.833113 
0.459605 0.285998 0.980514 0.801648 
0.051984 0.200855 0.418341 0.694017 
0.652083 0.783682 0.015695 0.961819 
0.305084 0.690497 0.370219 0.334038 
0.486324 0.146326 0.116247 0.745122 
0.244957 0.898565 0.986938 0.162953 
0.617322 0.316231 0.897551 0.886794 
0.194269 0.106266 0.719908 0.653875 
0.392264 0.700422 0.455522 0.444248 
0.901277 0.873863 0.138265 0.553360 
0.657545 0.153960 0.515179 0.962629 
0.844457 0.885398 0.296667 0.330781 
0.031724 0.412914 0.075903 0.276681 
0.311479 0.062842 0.439634 0.928801 
0.379072 0.337184 0.815595 0.573342 
0.443451 0.535503 0.227216 0.835715 
0.235925 0.682739 0.279963 0.137202 
0.556602 0.418228 0.690562 0.214147 
0.572188 0.205741 0.176776 0.416645 
0.091139 0.473444 0.747426 0.122863 
0.886358 0.823329 0.399544 0.197837 
0.886170 0.839177 0.126638 0.265243 
0.176362 0.942234 0.838584 0.619812 
0.477737 0.065801 0.455527 0.713662 
0.748539 0.735490 0.850864 0.305142 
0.153719 0.541426 0.519289 0.725907 
0.747167 0.696065 0.142552 0.838306 
0.169509 0.889978 0.961168 0.055867 
0.713307 0.360712 0.253704 0.599477 
0.199889 0.380342 0.864720 0.376251 
0.322576 0.703304 0.996063 0.800313 
0.769104 0.451591 0.513975 0.517644 
0.187081 0.364839 0.822785 0.340800 
0.906265 0.342074 0.066707 0.653432 
0.038139 0.209259 0.491737 0.207648 
0.099236 0.452906 0.263515 0.812543 
0.813618 0.517219 0.412020 0.013507 
0.897561 0.276739 0.389759 0.220137 
0.980043 0.385822 0.020450 0.749147 
0.837413 0.534424 0.266791 0.024494 
0.899263 0.089576 0.365294 0.805528 
0.431650 0.432001 0.458959 0.469789 
0.641259 0.950697 0.677437 0.740496 
0.403602 0.940952 0.553038 0.217220 
0.458171 0.965058 0.230728 0.355732 
0.241798 0.620486 0.575869 0.221841 
0.006308 0.596319 0.970988 0.843721 
0.130743 0.237778 0.868214 0.030006 
0.327354 0.233508 0.835533 0.759004 
0.665509 0.294493 0.228793 0.306768 
0.245189 0.906231 0.047263 0.648792 
0.847183 0.600302 0.866012 0.305354 
0.565360 0.096739 0.661087 0.807157 
0.717225 0.236956 0.028998 0.723533 
0.833275 0.999986 0.567254 0.964017 
0.237764 0.435468 0.994023 0.565118 
0.668976 0.829557 0.324122 0.334485 
0.124049 0.552915 0.641252 0.369239 
0.459146 0.688516 0.018030 0.306329 
0.288817 0.884042 0.611684 0.854177 
0.980781 0.272771 0.661335 0.698006 
0.509727 0.690332 0.421540 0.343001 
0.690318 0.988793 0.307019 0.928082 
0.424261 0.301042 0.493200 0.093237 
0.130598 0.817322 0.427722 0.254648 
0.370238 0.068974 0.623887 0.829384 
0.757490 0.641917 0.135713 0.046307 
0.525959 0.747397 0.900484 0.506740 
0.020168 0.561819 0.204746 0.529894 
0.252151 0.626286 0.872896 0.942469 
0.615079 0.179914 0.870551 0.039340 
0.480956 0.363751 0.132578 0.611554 
0.181073 0.560300 0.866202 0.551311 
0.629274 0.490089 0.380694 0.386764 
0.132006 0.516408 0.433071 0.657964 
0.263805 0.333555 0.164704 0.283972 
0.895374 0.369450 0.813867 0.147525 
0.995736 0.686762 0.089994 0.610815 
0.866677 0.960545 0.650155 0.347633 
0.324296 0.782733 0.959187 0.505369 
0.343033 0.825389 0.056680 0.972307 
0.315478 0.437374 0.359071 0.447484 
0.953782 0.792142 0.105448 0.217587 
0.125697 0.270152 0.501559 0.021071 
0.639602 0.315426 0.168596 0.635337 
0.002188 0.258591 0.246152 0.868865 
0.219136 0.896307 0.216498 0.543432 
0.679040 0.175685 0.048801 0.022073 
0.001074 0.105481 0.994380 0.316552 
0.542855 0.353451 0.764036 0.496637 
0.145593 0.869484 0.714224 0.271290 
0.139635 0.215783 0.292361 0.779237 
0.531209 0.460957 0.414575 0.533397 
0.719548 0.660727 0.402262 0.938684 
0.557034 0.618760 0.482116 0.236074 
0.794444 0.530917 0.258147 0.795518 
0.636399 0.252527 0.112071 0.179254 
0.605978 0.876106 0.675891 0.751571 
0.745590 0.390115 0.022860 0.885226 
0.605898 0.315221 0.664463 0.137107 
0.776178 0.079037 0.670504 0.495726 
0.739764 0.072766 0.434410 0.296798 
0.691526 0.916526 0.532872 0.485970 
0.447443 0.791019 0.281489 0.083842 
0.043546 0.393559 0.263096 0.649524 
0.269665 0.938987 0.401095 0.015256 
0.329102 0.423955 0.900481 0.935000 
0.739176 0.564944 0.072107 0.515354 
0.643981 0.742611 0.011080 0.383745 
0.815377 0.445490 0.680543 0.506902 
0.362016 0.213415 0.992873 0.809459 
0.004434 0.274361 0.893301 0.047980 
0.667920 0.156397 0.697504 0.937586 
0.095384 0.098599 0.952841 0.424486 
0.522554 0.853322 0.359486 0.261730 
0.418267 0.431593 0.777084 0.062248 
0.174204 0.788164 0.445993 0.989580 
0.233653 0.126536 0.496483 0.595669 
0.339951 0.489355 0.405129 0.344384 
0.763717 0.298430 0.392364 0.431637 
0.454827 0.089868 0.369222 0.550212 
0.188467 0.322063 0.974698 0.711021 
0.175386 0.334185 0.972750 0.593652 
0.765778 0.749834 0.655900 0.939982 
0.537997 0.101893 0.929562 0.771651 
0.228429 0.426045 0.367320 0.568380 
0.915400 0.772449 0.912764 0.679117 
0.070879 0.305128 0.110753 0.525706 
0.394996 0.479976 0.075918 0.583463 
0.802039 0.050617 0.294484 0.977425 
0.384801 0.267234 0.571077 0.150579 
0.017068 0.226978 0.090561 0.555065 
0.328871 0.020123 0.326716 0.557301 
0.446168 0.694036 0.125681 0.361568 
0.466485 0.038445 0.040685 0.537364 
0.343574 0.151438 0.063071 0.738570 
0.631414 0.138989 0.322033 0.433453 
0.189606 0.616517 0.410878 0.574407 
0.883751 0.981955 0.724986 0.900819 
0.208933 0.815547 0.455884 0.537805 
0.835670 0.782600 0.095105 0.281838 
0.476636 0.220786 0.643406 0.943121 
0.259231 0.684090 0.480485 0.602805 
0.835529 0.543556 0.341375 0.466942 
0.682545 0.663409 0.900395 0.872151 
0.279926 0.311273 0.446558 0.163677 
0.293229 0.171544 0.064496 0.502162 
0.987091 0.520380 0.039966 0.822762 
0.302980 0.135072 0.104599 0.779616 
0.355858 0.748005 0.722737 0.615089 
0.432096 0.203223 0.217894 0.267624 
0.746779 0.559270 0.734567 0.429324 
0.222679 0.634962 0.301475 0.502605 
0.946235 0.748032 0.666282 0.239464 
0.919576 0.730778 0.741625 0.906668 
0.251157 0.781592 0.729429 0.554137 
0.916663 0.834029 0.333753 0.272521 
0.582034 0.056491 0.887610 0.014130 
0.259714 0.105505 0.281754 0.006493 
0.664775 0.016321 0.435817 0.887453 
0.651282 0.737291 0.390058 0.597517 
0.485324 0.056339 0.836981 0.404900 
0.787117 0.578606 0.311568 0.038274 
0.360198 0.040997 0.592412 0.276861 
0.875026 0.926165 0.549383 0.457061 
0.982656 0.436993 0.471191 0.242370 
0.542498 0.752945 0.248863 0.207272 
0.769265 0.684679 0.094725 0.420548 
0.421971 0.484783 0.018065 0.907294 
0.541122 0.855046 0.312194 0.328239 
0.433652 0.623762 0.366514 0.793850 
0.664760 0.958925 0.070712 0.539786 
0.885090 0.620094 0.996847 0.867747 
0.057087 0.468037 0.110116 0.599585 
0.220982 0.358979 0.806857 0.990247 
0.043658 0.901583 0.410795 0.465629 
0.386366 0.428860 0.372923 0.927488 
0.283906 0.685118 0.255727 0.717558 
0.308880 0.622241 0.511408 0.973640 
0.581166 0.582120 0.513426 0.466257 
0.202214 0.510273 0.334003 0.259301 
0.978310 0.444120 0.858886 0.199292 
0.803099 0.665743 0.189539 0.846757 
0.567326 0.600334 0.312386 0.953692 
0.029194 0.685309 0.881180 0.313100 
0.370427 0.136907 0.030658 0.679306 
0.759148 0.542067 0.652946 0.340314 
0.124187 0.166372 0.806571 0.326401 
0.676644 0.140575 0.585702 0.654954 
0.584694 0.444588 0.854246 0.387793 
0.110331 0.043785 0.234550 0.677657 
0.644120 0.546936 0.631349 0.673314 
0.232245 0.512528 0.986414 0.602672 
0.649435 0.017073 0.281978 0.408584 
0.559140 0.934925 0.748898 0.683326 
0.101296 0.555469 0.009728 0.777941 
0.696044 0.595430 0.432895 0.280738 
0.040018 0.287141 0.668531 0.150349 
0.330927 0.903082 0.828007 0.975046 
0.450018 0.459355 0.648360 0.682263 
0.971884 0.634774 0.284935 0.621319 
0.651847 0.566914 0.029903 0.210986 
0.501838 0.778801 0.894313 0.603135 
0.334270 0.904040 0.381075 0.030314 
0.499470 0.813970 0.311052 0.539488 
0.101112 0.979584 0.689837 0.432038 
0.882665 0.517844 0.407084 0.332683 
0.977199 0.055444 0.014946 0.949083 
0.690218 0.299882 0.570402 0.342065 
0.866795 0.600305 0.553051 0.368634 
0.379105 0.447364 0.971768 0.713375 
0.351404 0.352844 0.743689 0.850874 
0.166814 0.054741 0.390362 0.267925 
0.034325 0.080200 0.699963 0.916990 
0.598044 0.107048 0.249674 0.575243 
0.162492 0.264620 0.524326 0.852710 
0.564502 0.094728 0.194775 0.431297 
0.695032 0.747826 0.799931 0.074138 
0.195190 0.771699 0.787513 0.546594 
0.124542 0.531202 0.397468 0.291356 
0.585944 0.787830 0.559282 0.620269 
0.868030 0.259245 0.537259 0.466074 
0.366293 0.786933 0.041317 0.528784 
0.051553 0.565643 0.381494 0.616055 
0.660371 0.576269 0.047352 0.355403 
0.324095 0.847283 0.429541 0.519285 
0.618982 0.217054 0.065879 0.743524 
0.748257 0.463347 0.034880 0.334200 
0.251177 0.594162 0.954470 0.119207 
0.853407 0.491729 0.585281 0.219700 
0.278662 0.626598 0.748484 0.330215 
0.192241 0.129978 0.946270 0.852612 
0.706247 0.993622 0.208015 0.030342 
0.840905 0.637556 0.549627 0.459887 
0.854610 0.615505 0.203411 0.602867 
0.078852 0.238291 0.937067 0.330030 
0.832453 0.891537 0.449237 0.685860 
0.383266 0.034518 0.905559 0.661928 
0.661116 0.654043 0.992143 0.853357 
0.784022 0.938414 0.705969 0.490269 
0.932036 0.913984 0.520611 0.772941 
0.551540 0.070237 0.232828 0.406150 
0.685743 0.436238 0.009016 0.764595 
0.674529 0.946084 0.094624 0.506982 
0.837620 0.543861 0.192841 0.220886 
0.578379 0.098401 0.882814 0.239496 
0.752444 0.874957 0.092853 0.536466 
0.813370 0.798822 0.026735 0.745406 
0.712806 0.547345 0.518347 0.264346 
0.617583 0.751175 0.670496 0.303325 
0.187413 0.679512 0.067920 0.861942 
0.625596 0.162544 0.368924 0.463216 
0.706405 0.561765 0.684102 0.284785 
0.660166 0.566915 0.524280 0.412610 
0.441872 0.617133 0.949076 0.255243 
0.415955 0.975811 0.000649 0.128761 
0.523156 0.518996 0.393107 0.140739 
0.270171 0.063603 0.444064 0.457585 
0.743115 0.511984 0.319527 0.368711 
0.674528 0.688451 0.831927 0.380933 
0.250216 0.516028 0.665718 0.910382 
0.082944 0.189998 0.322992 0.524816 
0.807132 0.272068 0.780059 0.223087 
0.247879 0.780708 0.351848 0.771035 
0.299704 0.744954 0.911774 0.569876 
0.808557 0.355838 0.027460 0.551672 
0.867822 0.346987 0.920382 0.542350 
0.035438 0.752309 0.923283 0.285654 
0.268338 0.589001 0.196036 0.351282 
0.778999 0.519028 0.876098 0.586131 
0.791096 0.656157 0.809218 0.038976 
0.436865 0.161065 0.810011 0.736569 
0.906020 0.721785 0.306445 0.714577 
0.077623 0.333905 0.266249 0.945444 
0.680892 0.186631 0.487794 0.716329 
0.938940 0.411077 0.001983 0.207278 
0.000078 0.198019 0.558559 0.779077 
0.717047 0.434657 0.365208 0.508143 
0.090814 0.174426 0.547118 0.527679 
0.335491 0.357129 0.264248 0.241511 
0.078914 0.570693 0.956088 0.156537 
0.904597 0.222337 0.101981 0.585489 
0.408968 0.589775 0.301818 0.347908 
0.000852 0.303801 0.555186 0.000930 
0.501820 0.113745 0.780007 0.218867 
0.548403 0.145216 0.727010 0.639217 
0.319642 0.274128 0.166896 0.655133 
0.631258 0.431144 0.896644 0.710172 
0.001837 0.852732 0.866709 0.906434 
0.075069 0.968690 0.491923 0.484037 
0.558465 0.793742 0.831945 0.559316 
0.097543 0.387131 0.560246 0.599363 
0.500876 0.340253 0.818230 0.049279 
0.485469 0.545240 0.688496 0.805111 
0.819369 0.855392 0.460244 0.450626 
0.286536 0.356888 0.160798 0.288373 
0.209621 0.027507 0.194807 0.284690 
0.996196 0.686730 0.768727 0.554661 
0.480472 0.600672 0.113977 0.578015 
0.987802 0.674224 0.177378 0.488679 
0.014477 0.995608 0.537957 0.499946 
0.540849 0.226453 0.305057 0.360217 
0.081845 0.765301 0.810843 0.368381 
0.122189 0.971641 0.656754 0.331810 
0.999148 0.851560 0.616500 0.995344 
0.538290 0.385226 0.550005 0.018762 
0.985898 0.663983 0.596777 0.973700 
0.338207 0.774155 0.462379 0.352684 
0.769764 0.000336 0.852630 0.310612 
0.226789 0.157686 0.670829 0.308635 
0.922987 0.481673 0.677016 0.045176 
0.453314 0.333769 0.376986 0.452462 
0.185330 0.993486 0.447806 0.723620 
0.378712 0.997812 0.742383 0.364610 
0.661795 0.339159 0.338310 0.000001 
0.113314 0.800688 0.352685 0.883078 
0.801024 0.205314 0.193690 0.027814 
0.363001 0.864519 0.336448 0.285988 
0.346192 0.013464 0.331164 0.799506 
0.347233 0.708150 0.251968 0.532563 
0.701636 0.699775 0.256184 0.080348 
0.697587 0.998566 0.444957 0.359381 
0.337726 0.783267 0.359382 0.451040 
0.583955 0.712067 0.334118 0.384979 
0.917382 0.527808 0.412793 0.280383 
0.392328 0.749241 0.566371 0.738520 
0.762705 0.897535 0.538026 0.109939 
0.605685 0.789995 0.642502 0.307321 
0.489769 0.898686 0.387669 0.187356 
0.897252 0.832626 0.546737 0.234978 
0.615893 0.906119 0.686019 0.199848 
0.618187 0.020137 0.584827 0.535568 
0.547945 0.997620 0.815951 0.940273 
0.746861 0.382321 0.678793 0.509566 
0.279856 0.216820 0.619505 0.885541 
0.006814 0.262007 0.192862 0.496584 
0.160693 0.580531 0.683940 0.057946 
0.413157 0.230677 0.292924 0.029050 
0.136796 0.978943 0.228898 0.754983 
0.999079 0.813725 0.290551 0.547025 
0.811345 0.106502 0.487298 0.558206 
0.488823 0.166091 0.067772 0.768679 
0.382911 0.687277 0.654220 0.389725 
0.949284 0.847083 0.886309 0.109977 
0.427614 0.570249 0.167923 0.840771 
0.800925 0.460847 0.869821 0.937722 
0.439790 0.098718 0.692704 0.438869 
0.912443 0.983255 0.985894 0.723788 
0.089757 0.473191 0.281993 0.578580 
0.639283 0.349765 0.347258 0.022193 
0.037042 0.001479 0.411918 0.986327 
0.848561 0.298227 0.096304 0.276175 
0.868476 0.264227 0.116946 0.669402 
0.725074 0.986767 0.607123 0.164864 
0.085486 0.299828 0.603733 0.997929 
0.283083 0.589626 0.721716 0.372840 
0.062818 0.003710 0.951419 0.702100 
0.353475 0.298678 0.724294 0.390517 
0.300156 0.136212 0.376844 0.148718 
0.434440 0.473147 0.424893 0.302916 
0.737375 0.541839 0.972317 0.462449 
0.528607 0.579440 0.627313 0.614092 
0.879268 0.231046 0.612021 0.162351 
0.820672 0.333737 0.535191 0.883490 
0.337447 0.486610 0.585590 0.690922 
0.785288 0.309884 0.081439 0.085444 
0.446097 0.458282 0.234162 0.880536 
0.931430 0.659055 0.183452 0.668804 
0.200894 0.155769 0.131253 0.729501 
0.735210 0.758566 0.343593 0.614478 
0.989611 0.955614 0.776829 0.810283 
0.289351 0.312020 0.693773 0.626798 
0.798629 0.279364 0.317720 0.583917 
0.589248 0.399158 0.669361 0.035344 
0.857440 0.903523 0.915881 0.788870 
0.562578 0.099332 0.457674 0.763472 
0.255102 0.588927 0.492973 0.990311 
0.347493 0.836566 0.604789 0.337104 
0.792180 0.381618 0.147387 0.081532 
0.693637 0.841161 0.708330 0.492267 
0.120524 0.026050 0.076184 0.709772 
0.425208 0.745545 0.745117 0.282648 
0.649068 0.660997 0.071518 0.211645 
0.760330 0.529192 0.975118 0.015431 
0.118119 0.468091 0.005743 0.465612 
0.304657 0.610532 0.802716 0.096837 
0.992149 0.950103 0.178369 0.685787 
0.791264 0.886699 0.178054 0.911788 
0.912749 0.254238 0.621560 0.337957 
0.999782 0.366676 0.620606 0.648850 
0.027674 0.692124 0.860496 0.788003 
0.221316 0.835613 0.803435 0.339435 
0.303704 0.809177 0.805047 0.608361 
0.419709 0.607763 0.705198 0.411858 
0.557866 0.883567 0.097645 0.349130 
0.770266 0.275699 0.260918 0.683015 
0.529937 0.882478 0.020973 0.529719 
0.249154 0.641578 0.178569 0.276828 
0.333702 0.039065 0.064831 0.555019 
0.874678 0.868266 0.894454 0.178382 
0.677443 0.699501 0.786742 0.097152 
0.307264 0.491940 0.509010 0.865131 
0.375507 0.606655 0.214261 0.145773 
0.882354 0.475178 0.828789 0.412291 
0.357656 0.849761 0.942010 0.606810 
0.491340 0.120579 0.883638 0.825042 
0.159644 0.948469 0.380060 0.034322 
0.816735 0.274514 0.212704 0.494177 
0.974016 0.999446 0.591329 0.281280 
0.491386 0.100340 0.146411 0.866893 
0.706995 0.360672 0.012667 0.589349 
0.835850 0.841455 0.001640 0.193506 
0.691217 0.943650 0.800316 0.182556 
0.064229 0.683953 0.007598 0.223873 
0.632422 0.387658 0.258195 0.449157 
0.662173 0.470899 0.943334 0.636189 
0.470346 0.534664 0.917469 0.961732 
0.635003 0.063880 0.828625 0.341998 
0.424552 0.841292 0.931347 0.260401 
0.682748 0.932988 0.453907 0.373964 
0.876638 0.254223 0.556520 0.940867 
0.938176 0.564118 0.164740 0.570599 
0.951776 0.422935 0.019755 0.613949 
0.893835 0.963090 0.250138 0.364180 
0.497753 0.167607 0.325912 0.132756 
0.231487 0.154538 0.474754 0.656038 
0.995830 0.406102 0.916440 0.678577 
0.339090 0.370347 0.052541 0.215727 
0.624570 0.609061 0.156594 0.562746 
0.173179 0.321334 0.133345 0.124956 
0.744270 0.153100 0.738905 0.638104 
0.116190 0.989043 0.002284 0.613943 
0.156650 0.328197 0.746700 0.388136 
0.482734 0.221454 0.044174 0.478564 
0.627556 0.960614 0.157141 0.966646 
0.330961 0.209682 0.182373 0.955531 
0.818744 0.338967 0.518277 0.991923 
0.660301 0.651622 0.116879 0.404571 
0.804722 0.855784 0.042675 0.920912 
0.844827 0.044960 0.534856 0.001476 
0.373156 0.281556 0.389613 0.855890 
0.503010 0.433787 0.334454 0.130566 
0.394401 0.491595 0.097212 0.725362 
0.701278 0.279585 0.680892 0.520022 
0.618552 0.199169 0.511945 0.278853 
0.850791 0.628824 0.683424 0.655514 
0.484608 0.726100 0.576426 0.329435 
0.771060 0.111282 0.330911 0.144216 
0.392838 0.720523 0.000107 0.895847 
0.154310 0.334561 0.026413 0.548711 
0.826156 0.123625 0.274073 0.527434 
0.403210 0.954965 0.047455 0.021761 
0.154135 0.559400 0.300615 0.004926 
0.188224 0.984039 0.660440 0.672832 
0.710139 0.236866 0.002266 0.481198 
0.348148 0.333177 0.625414 0.740985 
0.053701 0.625521 0.636833 0.208011 
0.960082 0.663246 0.756722 0.786238 
0.786871 0.030795 0.313672 0.190081 
0.985760 0.361127 0.211842 0.139895 
0.920528 0.512457 0.144821 0.108751 
0.496496 0.805260 0.781583 0.206634 
0.042126 0.783849 0.687833 0.390274 
0.117026 0.313247 0.131259 0.170727 
0.938768 0.768091 0.378738 0.898850 
0.431337 0.135460 0.685088 0.218208 
0.166255 0.998760 0.408289 0.152015 
0.359887 0.620131 0.291909 0.280415 
0.132587 0.436730 0.389166 0.629083 
0.241990 0.170749 0.835717 0.284116 
0.954598 0.523550 0.674390 0.071625 
0.836797 0.805648 0.242352 0.775565 
0.573740 0.621090 0.674415 0.005077 
0.756549 0.359503 0.223285 0.922804 
0.358262 0.631574 0.074819 0.718149 
0.251705 0.366728 0.998564 0.384292 
0.803458 0.387730 0.013376 0.045448 
0.558479 0.849093 0.329564 0.513078 
0.372643 0.003954 0.584702 0.209440 
0.809602 0.827054 0.985005 0.383342 
0.448144 0.659420 0.388419 0.204693 
0.018923 0.611705 0.127497 0.377185 
0.243279 0.202316 0.095334 0.494984 
0.569044 0.093898 0.879276 0.372502 
0.481628 0.892652 0.417950 0.040107 
0.741745 0.747515 0.553184 0.114388 
0.751469 0.137887 0.323828 0.561071 
0.964941 0.308833 0.944413 0.413085 
0.968253 0.332833 0.617778 0.987176 
0.944538 0.745275 0.364360 0.187817 
0.947591 0.459694 0.682801 0.516635 
0.553592 0.562077 0.889137 0.035219 
0.454729 0.307088 0.075326 0.196474 
0.054602 0.628511 0.310862 0.806071 
0.766397 0.634690 0.367142 0.731338 
0.943523 0.311555 0.144423 0.911776 
0.644387 0.762201 0.898952 0.588925 
0.507476 0.263312 0.776742 0.455067 
0.723007 0.459542 0.971703 0.276599 
0.021619 0.860840 0.311818 0.476349 
0.167927 0.387144 0.672823 0.222529 
0.015655 0.983685 0.028600 0.782052 
0.618375 0.395742 0.513390 0.561898 
0.707296 0.657814 0.473674 0.351684 
0.420015 0.372626 0.940609 0.927491 
0.635939 0.717350 0.382559 0.358945 
0.176893 0.354261 0.635544 0.198512 
0.215101 0.947362 0.674861 0.383028 
0.334506 0.347683 0.605558 0.350161 
0.331368 0.634158 0.132213 0.949742 
0.029900 0.645603 0.511640 0.737196 
0.303417 0.985314 0.088880 0.723432 
0.357940 0.029489 0.650923 0.993879 
0.746839 0.033482 0.352824 0.923732 
0.387743 0.988368 0.122244 0.602844 
0.935730 0.797105 0.985873 0.270236 
0.144788 0.591431 0.620397 0.476156 
0.225589 0.752610 0.425898 0.255488 
0.398213 0.937538 0.992684 0.701630 
0.922852 0.081564 0.425062 0.280792 
0.111053 0.075985 0.274671 0.857892 
0.109467 0.627495 0.781624 0.497210 
0.615863 0.903869 0.100054 0.551593 
0.700973 0.085927 0.821829 0.845762 
0.677357 0.442226 0.321917 0.902946 
0.194836 0.747816 0.158434 0.593049 
0.685354 0.151119 0.294679 0.608206 
0.232683 0.719740 0.888998 0.343736 
0.795725 0.163669 0.201629 0.905192 
0.791164 0.983253 0.402402 0.407028 
0.887122 0.502456 0.958621 0.588095 
0.588383 0.780450 0.433857 0.265740 
0.222676 0.755774 0.168686 0.417512 
0.503590 0.327120 0.010561 0.188943 
0.478239 0.305239 0.797149 0.710922 
0.024980 0.686147 0.054659 0.820705 
0.849816 0.256287 0.725897 0.640981 
0.239540 0.128299 0.048009 0.126662 
0.630755 0.006630 0.714757 0.219137 
0.787080 0.148614 0.484877 0.009756 
0.904388 0.653563 0.427268 0.407977 
0.980683 0.437829 0.596921 0.458923 
0.743068 0.394070 0.169845 0.768048 
0.080217 0.224504 0.588753 0.930033 
0.480791 0.314650 0.571014 0.720331 
0.442949 0.619023 0.846993 0.073703 
0.625652 0.561750 0.292840 0.412732 
0.710364 0.777717 0.422489 0.614751 
0.431280 0.849757 0.022729 0.411964 
0.287586 0.619649 0.870886 0.030655 
0.013719 0.040731 0.798703 0.093936 
0.265235 0.387456 0.023969 0.746026 
0.702106 0.594983 0.466357 0.145055 
0.214006 0.313350 0.218758 0.839658 
0.875100 0.511599 0.252390 0.585463 
0.289316 0.674879 0.200214 0.720597 
0.524636 0.222943 0.132560 0.812222 
0.842592 0.003447 0.842877 0.856311 
0.044178 0.641580 0.950247 0.309413 
0.029036 0.974216 0.055439 0.731142 
0.569199 0.521796 0.876197 0.783204 
0.835146 0.094955 0.622862 0.710245 
0.606553 0.875253 0.295709 0.895869 
0.550132 0.495923 0.616466 0.074768 
0.718866 0.749026 0.886990 0.561458 
0.752473 0.729867 0.417769 0.796652 
0.371448 0.368016 0.106065 0.400484 
0.342232 0.161504 0.131625 0.911430 
0.683300 0.007822 0.694634 0.518446 
0.102777 0.317496 0.228691 0.709330 
0.192749 0.524400 0.605199 0.742881 
0.020323 0.221665 0.817648 0.739189 
0.970692 0.704638 0.300648 0.723165 
0.434506 0.718417 0.519816 0.805953 
0.086433 0.625881 0.206437 0.428665 
0.787386 0.338062 0.340095 0.470686 
0.345885 0.034729 0.989132 0.448661 
0.352226 0.217823 0.157991 0.544975 
0.742223 0.763191 0.287855 0.762546 
0.984856 0.105503 0.501736 0.955547 
0.810142 0.802383 0.678712 0.244648 
0.520800 0.198529 0.050601 0.607234 
0.824410 0.257038 0.035898 0.611795 
0.595101 0.375993 0.082481 0.940985 
0.410723 0.071613 0.389647 0.762948 
0.289436 0.547638 0.307923 0.031659 
0.310829 0.595778 0.794205 0.295684 
0.701282 0.295941 0.251232 0.511424 
0.098324 0.929944 0.756071 0.619125 
0.128473 0.806673 0.226358 0.952883 
0.063711 0.262257 0.564678 0.658812 
0.638250 0.647159 0.599797 0.048973 
0.718772 0.989444 0.811921 0.008208 
0.537082 0.119845 0.039867 0.847910 
0.715623 0.834073 0.143595 0.416905 
0.130014 0.394827 0.928328 0.228338 
0.324771 0.684400 0.847462 0.453243 
0.491073 0.073821 0.406126 0.554784 
0.336078 0.970804 0.213595 0.974328 
0.617963 0.813393 0.023301 0.336735 
0.802836 0.835223 0.344943 0.339918 
0.955067 0.384810 0.187828 0.670690 
0.218883 0.331422 0.087595 0.348897 
0.726249 0.015923 0.577234 0.051020 
0.700323 0.424697 0.504263 0.191395 
0.498518 0.910389 0.746179 0.834595 
0.881192 0.959774 0.808923 0.499155 
0.773167 0.832224 0.835890 0.576003 
0.667447 0.180833 0.915921 0.622514 
0.565644 0.103749 0.293204 0.784527 
0.435171 0.380799 0.133423 0.161420 
0.396722 0.710658 0.212440 0.097045 
0.135355 0.716703 0.288440 0.633872 
0.627091 0.034619 0.468467 0.508283 
0.994393 0.277391 0.007439 0.767560 
0.109615 0.843329 0.343563 0.777062 
0.024162 0.259484 0.399576 0.589806 
0.363233 0.692781 0.374333 0.798404 
0.073580 0.507757 0.959825 0.470302 
0.218414 0.172264 0.567347 0.353769 
0.888967 0.855787 0.987641 0.516058 
0.890406 0.456108 0.024341 0.884799 
0.733499 0.031780 0.652359 0.843114 
0.875109 0.995923 0.620176 0.899271 
0.255407 0.019753 0.489077 0.618640 
0.712533 0.863411 0.417045 0.786113 
0.371167 0.376869 0.256415 0.589582 
0.549134 0.823761 0.943351 0.438101 
0.679548 0.930992 0.954159 0.569954 
0.387100 0.978500 0.454752 0.120599 
0.010280 0.107112 0.963713 0.885389 
0.103034 0.583890 0.784660 0.358441 
0.603643 0.273737 0.977082 0.316176 
0.137148 0.394126 0.102289 0.508315 
0.770996 0.358704 0.097896 0.320129 
0.182465 0.041247 0.758230 0.862013 
0.972239 0.712388 0.431967 0.359339 
0.690888 0.886719 0.479938 0.701168 
0.993831 0.443651 0.586557 0.096865 
0.027541 0.371216 0.455306 0.631184 
0.644953 0.432388 0.947360 0.782101 
0.826514 0.049648 0.290416 0.597510 
0.408352 0.388312 0.917639 0.590817 
0.429559 0.675869 0.452830 0.401797 
0.388258 0.884797 0.761136 0.079146 
0.771516 0.241074 0.780314 0.765346 
0.684725 0.366871 0.862211 0.712266 
0.738087 0.317517 0.343450 0.383040 
0.749905 0.290809 0.165141 0.576419 
0.340458 0.455557 0.173929 0.748810 
0.843869 0.091569 0.339627 0.273428 
0.767438 0.792457 0.675225 0.155696 
0.677254 0.436361 0.234842 0.448769 
0.677435 0.015156 0.214116 0.362160 
0.382027 0.076327 0.074426 0.120114 
0.393844 0.417876 0.503154 0.143749 
0.708685 0.668296 0.720169 0.049143 
0.123852 0.894098 0.797953 0.967721 
0.985667 0.137580 0.241148 0.753105 
0.930037 0.916373 0.908801 0.607291 
0.352734 0.143643 0.056061 0.030169 
0.158799 0.270176 0.392329 0.540826 
0.346503 0.466755 0.660940 0.740347 
0.884630 0.164094 0.884097 0.593315 
0.832390 0.604265 0.642458 0.956242 
0.498364 0.440411 0.923963 0.484031 
0.577991 0.165112 0.237136 0.508029 
0.081485 0.145937 0.115320 0.434219 
0.289580 0.171381 0.464388 0.448379 
0.441557 0.856717 0.989205 0.788060 
0.323472 0.650145 0.528408 0.208102 
0.814239 0.412504 0.801417 0.646629 
0.016770 0.443875 0.602871 0.515133 
0.884286 0.526834 0.999164 0.462278 
0.691945 0.236300 0.970306 0.773430 
0.382236 0.085626 0.207649 0.671816 
0.257007 0.672038 0.120195 0.698564 
0.528755 0.109400 0.486624 0.852226 
0.759544 0.015032 0.060328 0.573783 
0.427536 0.861745 0.220412 0.444306 
0.305620 0.823282 0.959439 0.189907 
0.350116 0.958603 0.652184 0.042061 
0.194903 0.622491 0.815492 0.577139 
0.708117 0.023141 0.248956 0.965124 
0.695179 0.369151 0.663688 0.223933 
0.478550 0.150312 0.076159 0.238094 
0.165344 0.136487 0.811877 0.592880 
0.998232 0.032289 0.037186 0.303853 
0.855572 0.996625 0.493759 0.205688 
0.955229 0.145944 0.247749 0.150132 
0.768435 0.063241 0.727271 0.476552 
0.086382 0.976227 0.441676 0.781560 
0.345377 0.105364 0.005493 0.823927 
0.255676 0.081653 0.062022 0.421020 
0.218140 0.873899 0.013901 0.216372 
0.906188 0.051087 0.520225 0.761760 
0.047713 0.013984 0.967448 0.002941 
0.159928 0.215197 0.153073 0.928363 
0.278437 0.880344 0.404914 0.364819 
0.856571 0.846590 0.146379 0.201948 
0.951954 0.151872 0.025876 0.207631 
0.233525 0.087897 0.628651 0.451665 
0.961796 0.642552 0.668037 0.867985 
0.693639 0.188262 0.629745 0.741351 
0.202246 0.597192 0.744293 0.362174 
0.812389 0.897366 0.290536 0.090826 
0.777710 0.695451 0.455645 0.634280 
0.542041 0.602024 0.836228 0.493995 
0.753896 0.862104 0.701626 0.987421 
0.950001 0.330277 0.439086 0.911798 
0.972829 0.107122 0.779782 0.666468 
0.295384 0.409527 0.407819 0.497630 
0.006719 0.152112 0.859804 0.819108 
0.049478 0.150340 0.909934 0.827187 
0.845791 0.365579 0.461467 0.387832 
0.967603 0.297696 0.881827 0.721499 
0.159800 0.583453 0.708920 0.109801 
0.913730 0.148005 0.021599 0.886559 
0.255128 0.801381 0.553027 0.550512 
0.210908 0.960846 0.048142 0.217627 
0.112958 0.907946 0.036735 0.162435 
0.058286 0.946670 0.989623 0.904076 
0.312249 0.451090 0.291908 0.279852 
0.748786 0.173735 0.001351 0.908586 
0.757187 0.710271 0.018387 0.670917 
0.858276 0.039986 0.557476 0.113404 
0.841367 0.110502 0.663916 0.052275 
0.071348 0.712058 0.269902 0.184306 
0.620003 0.306637 0.346742 0.678289 
0.253307 0.336364 0.582365 0.565556 
0.787454 0.874273 0.845408 0.536240 
0.048008 0.846759 0.444826 0.805195 
0.557029 0.463213 0.476113 0.415305 
0.503198 0.033588 0.528709 0.344565 
0.144091 0.192625 0.396840 0.215439 
0.904683 0.666742 0.399745 0.524686 
0.973380 0.746487 0.202975 0.226687 
0.082851 0.785341 0.792242 0.870305 
0.659614 0.637650 0.406545 0.707622 
0.484409 0.851371 0.512817 0.041438 
0.314584 0.988929 0.456743 0.817782 
0.022518 0.985453 0.162347 0.166609 
0.178078 0.559187 0.382048 0.082761 
0.225929 0.781793 0.607447 0.199308 
0.528280 0.810423 0.425995 0.611131 
0.595763 0.218237 0.481437 0.255377 
0.855888 0.887982 0.962999 0.340296 
0.739354 0.475815 0.381734 0.053937 
0.464745 0.838478 0.871719 0.487262 
0.823931 0.034066 0.653871 0.002009 
0.593253 0.035919 0.084769 0.819182 
0.817712 0.692217 0.018490 0.345992 
0.502639 0.444485 0.957124 0.098403 
0.662723 0.438560 0.353780 0.518610 
0.326543 0.316778 0.858906 0.065896 
0.792594 0.240641 0.119834 0.257338 
0.079119 0.991553 0.744601 0.903049 
0.025619 0.398472 0.905058 0.618872 
0.434390 0.989827 0.438054 0.252102 
0.682044 0.456544 0.598094 0.184683 
0.901029 0.555218 0.283085 0.563752 
0.993778 0.636865 0.082362 0.320321 
0.953643 0.941268 0.386217 0.746237 
0.181909 0.506051 0.003575 0.261028 
0.497604 0.748176 0.164077 0.523223 
0.146648 0.069134 0.142095 0.581038 
0.058962 0.580149 0.833141 0.741005 
0.036693 0.431235 0.925688 0.937722 
0.986453 0.208773 0.501474 0.980231 
0.845638 0.583836 0.300552 0.799281 
0.525104 0.686769 0.545518 0.707013 
0.192820 0.549094 0.968040 0.690424 
0.297270 0.132117 0.213647 0.443918 
0.201252 0.355742 0.024957 0.260213 
0.935890 0.858098 0.001218 0.972583 
0.289333 0.926906 0.910305 0.275786 
0.135679 0.411779 0.256017 0.981317 
0.995615 0.556569 0.780599 0.520719 
0.243338 0.326117 0.227732 0.436159 
0.875211 0.195772 0.126583 0.172481 
0.327889 0.340230 0.616399 0.529141 
0.695972 0.641356 0.789354 0.631862 
0.499454 0.790573 0.604445 0.788786 
0.717479 0.514751 0.064572 0.853158 
0.926530 0.320589 0.834475 0.922145 
0.877157 0.615074 0.442864 0.120496 
0.941191 0.670595 0.556655 0.816402 
0.866368 0.683238 0.988883 0.194257 
0.023468 0.605282 0.723398 0.719439 
0.246638 0.512753 0.351301 0.746092 
0.303325 0.955747 0.534878 0.020804 
0.470497 0.599450 0.873962 0.397027 
0.920038 0.708437 0.319172 0.797196 
0.323511 0.762036 0.917691 0.264701 
0.432631 0.474346 0.081103 0.298999 
0.157584 0.069986 0.493256 0.181051 
0.675268 0.216654 0.900490 0.921906 
0.729407 0.251792 0.667997 0.032732 
0.207538 0.202875 0.053536 0.678035 
0.802325 0.927498 0.075063 0.722363 
0.635935 0.394235 0.519558 0.959446 
0.156270 0.437250 0.224147 0.588902 
0.911596 0.305250 0.887900 0.069180 
0.375236 0.381156 0.250231 0.050504 
0.597811 0.150722 0.972409 0.327217 
0.402513 0.640407 0.359949 0.610052 
0.843282 0.413485 0.288087 0.645607 
0.340984 0.363150 0.367970 0.976919 
0.757384 0.887528 0.936365 0.913655 
0.324778 0.160512 0.502556 0.236374 
0.465762 0.390457 0.305554 0.840999 
0.771613 0.555786 0.891502 0.369424 
0.706507 0.863912 0.696641 0.109021 
0.504319 0.056590 0.719073 0.347600 
0.470076 0.007160 0.993207 0.811059 
0.370309 0.361177 0.787978 0.127694 
0.248705 0.724343 0.041349 0.573483 
0.884855 0.543905 0.809857 0.350617 
0.934362 0.115411 0.191616 0.705975 
0.671197 0.083118 0.075399 0.377704 
0.947030 0.772040 0.486725 0.451349 
0.828630 0.205797 0.798949 0.298706 
0.212957 0.792156 0.109765 0.583267 
0.153333 0.897744 0.710961 0.402037 
0.622086 0.752309 0.975520 0.506941 
0.296214 0.785377 0.857558 0.230576 
0.900788 0.049174 0.936551 0.571984 
0.132293 0.011949 0.949688 0.079323 
0.783989 0.436413 0.530671 0.612619 
0.642210 0.329620 0.911325 0.855168 
0.121776 0.021090 0.438434 0.275109 
0.918834 0.149395 0.677146 0.540920 
0.901704 0.652666 0.047861 0.197918 
0.438043 0.905420 0.428494 0.338830 
0.954594 0.365045 0.910815 0.086886 
0.376994 0.860503 0.166209 0.160983 
0.296916 0.696880 0.773602 0.939126 
0.026500 0.684927 0.794294 0.148277 
0.706018 0.232728 0.423386 0.624852 
0.382123 0.100532 0.165772 0.283827 
0.753198 0.213633 0.481745 0.191240 
0.119052 0.910240 0.530071 0.073646 
0.275285 0.440885 0.160533 0.652279 
0.301388 0.326742 0.813263 0.598304 
0.023622 0.586865 0.537430 0.050122 
0.271793 0.331724 0.198399 0.977810 
0.564453 0.621784 0.602662 0.946576 
0.722316 0.768434 0.230403 0.475514 
0.982066 0.712148 0.666754 0.101119 
0.622388 0.196825 0.174765 0.897673 
0.637711 0.335298 0.549952 0.939099 
0.662039 0.363215 0.537403 0.685661 
0.950080 0.074833 0.735783 0.221872 
0.406557 0.934182 0.199683 0.971010 
0.555967 0.802345 0.917586 0.278283 
0.570778 0.147989 0.753797 0.552845 
0.860137 0.420551 0.653964 0.482525 
0.617376 0.828729 0.380198 0.255087 
0.164026 0.930150 0.194185 0.826066 
0.293365 0.731588 0.511727 0.243445 
0.806421 0.247510 0.465317 0.212979 
0.181692 0.665000 0.183989 0.737659 
0.467344 0.101575 0.015941 0.038123 
0.249564 0.769738 0.590967 0.109701 
0.190289 0.244931 0.592226 0.807665 
0.073660 0.972424 0.062752 0.237686 
0.902574 0.256937 0.063752 0.195939 
0.988525 0.575479 0.439384 0.794946 
0.822989 0.904701 0.007925 0.004681 
0.569700 0.191914 0.742339 0.037045 
0.293489 0.758281 0.075167 0.543052 
0.528019 0.666134 0.652753 0.718308 
0.911065 0.244979 0.525973 0.984725 
0.217404 0.588725 0.222411 0.119978 
0.845662 0.286163 0.315917 0.834187 
0.861642 0.755301 0.629133 0.684631 
0.660001 0.637058 0.689311 0.229701 
0.828972 0.431651 0.266746 0.122461 
0.189932 0.341913 0.665513 0.717951 
0.008048 0.318266 0.436258 0.919113 
0.563245 0.962231 0.903838 0.780649 
0.550956 0.126250 0.900627 0.396618 
0.412413 0.216543 0.230805 0.274055 
0.971844 0.859939 0.958685 0.631845 
0.496997 0.647997 0.861547 0.325969 
0.079648 0.128293 0.448430 0.269579 
0.470206 0.113943 0.987530 0.478254 
0.432209 0.423788 0.397367 0.995454 
0.386020 0.301206 0.776103 0.936976 
0.427455 0.676729 0.333594 0.839868 
0.893273 0.564399 0.113922 0.865117 
0.424338 0.072608 0.496962 0.921335 
0.720604 0.358509 0.247304 0.800252 
0.486801 0.695734 0.069831 0.957008 
0.809677 0.057361 0.435261 0.241886 
0.481150 0.832629 0.237340 0.867169 
0.133834 0.013443 0.804145 0.561289 
0.690172 0.137739 0.401157 0.583445 
0.702138 0.515080 0.448562 0.126476 
0.587688 0.945524 0.047811 0.308292 
0.304033 0.295115 0.108544 0.790834 
0.990849 0.178376 0.747842 0.800526 
0.235737 0.183103 0.042412 0.716887 
0.015732 0.279752 0.584056 0.149566 
0.293195 0.388201 0.710856 0.983368 
0.525941 0.112013 0.566813 0.228079 
0.627093 0.015375 0.354555 0.214780 
0.960899 0.402365 0.523072 0.264932 
0.697480 0.631616 0.055766 0.688329 
0.809992 0.803608 0.488855 0.045729 
0.986711 0.531267 0.762615 0.002443 
0.811019 0.346671 0.152009 0.104214 
0.734873 0.862864 0.087582 0.260813 
0.974877 0.654394 0.488892 0.601970 
0.669769 0.843447 0.816750 0.630669 
0.245812 0.339822 0.895600 0.943292 
0.971438 0.951366 0.631621 0.781430 
0.754974 0.120476 0.827158 0.741685 
0.651743 0.589773 0.744128 0.462762 
0.936445 0.896137 0.566976 0.671317 
0.759001 0.654558 0.932131 0.733878 
0.308952 0.421023 0.335848 0.978722 
0.264470 0.152598 0.609390 0.510282 
0.492420 0.504990 0.453574 0.463858 
0.456357 0.085195 0.245288 0.211331 
0.205672 0.072446 0.953016 0.857415 
0.662219 0.697144 0.320176 0.598664 
0.593281 0.887153 0.269981 0.352282 
0.541710 0.202112 0.086160 0.850662 
0.623134 0.422008 0.829384 0.887604 
0.574606 0.438774 0.397886 0.067026 
0.943764 0.851460 0.530884 0.400121 
0.936656 0.776172 0.611452 0.142327 
0.848617 0.564469 0.999742 0.510836 
0.261612 0.319918 0.109500 0.854893 
0.207071 0.379481 0.207175 0.748781 
0.581592 0.293335 0.599443 0.204727 
0.715343 0.428827 0.092331 0.289949 
0.867601 0.490217 0.356975 0.811366 
0.341678 0.887860 0.211487 0.278333 
0.664031 0.822940 0.420661 0.512649 
0.387408 0.420403 0.023485 0.649021 
0.740321 0.132985 0.503914 0.947392 
0.512465 0.711089 0.696173 0.094058 
0.004423 0.295616 0.298784 0.719766 
0.724444 0.391115 0.009716 0.592045 
0.881332 0.366691 0.403411 0.223010 
0.254551 0.614898 0.501343 0.918582 
0.437838 0.922004 0.431230 0.825246 
0.342407 0.454715 0.474266 0.082728 
0.587700 0.978180 0.030120 0.100165 
0.689269 0.726293 0.194223 0.693692 
0.021909 0.493007 0.413458 0.746353 
0.884122 0.423174 0.338398 0.765455 
0.789865 0.741809 0.988465 0.044416 
0.356707 0.489808 0.962998 0.794545 
0.411813 0.394228 0.619790 0.754219 
0.848944 0.094057 0.836947 0.436644 
0.072237 0.867067 0.536809 0.761505 
0.593360 0.731031 0.455197 0.615269 
0.224039 0.868656 0.361622 0.108161 
0.291830 0.700020 0.873616 0.081695 
0.441829 0.862081 0.126111 0.798536 
0.351889 0.089109 0.593081 0.763702 
0.483338 0.212871 0.517921 0.332281 
0.306928 0.354868 0.768925 0.379164 
0.221935 0.305734 0.140670 0.815295 
0.036765 0.595867 0.430564 0.260804 
0.464523 0.792186 0.368965 0.756353 
0.492206 0.242581 0.838048 0.934035 
0.104662 0.964159 0.732571 0.456551 
0.053269 0.325651 0.220253 0.536606 
0.538522 0.738174 0.868888 0.845450 
0.093043 0.637813 0.224615 0.314978 
0.943546 0.365284 0.130273 0.980312 
0.961151 0.560837 0.241115 0.425674 
0.353023 0.610080 0.182027 0.845228 
0.852661 0.020075 0.779263 0.957323 
0.984234 0.511833 0.413874 0.037503 
0.837485 0.634127 0.574109 0.376007 
0.372302 0.442997 0.221457 0.465345 
0.080810 0.446072 0.780323 0.024357 
0.811356 0.910596 0.004668 0.772507 
0.471433 0.245783 0.198181 0.824455 
0.855863 0.380208 0.669683 0.708524 
0.400283 0.448946 0.665847 0.384517 
0.960779 0.079721 0.422020 0.798264 
0.713848 0.996129 0.174271 0.086149 
0.439126 0.395728 0.551494 0.519936 
0.841800 0.331817 0.544293 0.653156 
0.242412 0.548961 0.425664 0.713845 
0.794744 0.623845 0.538300 0.650607 
0.004053 0.207984 0.359131 0.404336 
0.656930 0.024978 0.788853 0.617709 
0.104699 0.210873 0.415973 0.818546 
0.207002 0.590244 0.904696 0.646128 
0.985972 0.456190 0.166064 0.827772 
0.788006 0.710357 0.480928 0.030418 
0.259318 0.906592 0.744263 0.054062 
0.530437 0.282564 0.704670 0.534491 
0.490547 0.063801 0.938827 0.147477 
0.088779 0.727680 0.765186 0.193478 
0.938553 0.181158 0.012024 0.145555 
0.771402 0.916720 0.791683 0.757374 
0.372909 0.957747 0.585146 0.160915 
0.668104 0.066075 0.191334 0.927422 
0.972667 0.935597 0.981485 0.503104 
0.218161 0.686154 0.037595 0.708708 
0.749955 0.976421 0.856185 0.838735 
0.704101 0.621371 0.032213 0.642654 
0.802529 0.044237 0.788209 0.573931 
0.960956 0.579891 0.331305 0.333866 
0.537638 0.916452 0.494781 0.205742 
0.982527 0.686115 0.133165 0.955193 
0.621712 0.114649 0.458297 0.839874 
0.800804 0.495892 0.548582 0.550759 
0.472313 0.404767 0.389494 0.176414 
0.026138 0.421706 0.819068 0.828667 
0.465943 0.607277 0.402598 0.426899 
0.187168 0.733903 0.760765 0.724806 
0.650355 0.255546 0.930549 0.632882 
0.941662 0.063713 0.588075 0.563374 
0.178363 0.046373 0.403247 0.979166 
0.542265 0.951829 0.529925 0.014578 
0.356596 0.919419 0.190992 0.382734 
0.341125 0.010060 0.211401 0.807068 
0.617337 0.613998 0.233968 0.804505 
0.347902 0.994733 0.529311 0.998257 
0.250279 0.459860 0.631139 0.191941 
0.523573 0.219214 0.755315 0.701935 
0.265587 0.158562 0.681102 0.807851 
0.110392 0.211027 0.822429 0.466988 
0.130446 0.013421 0.849722 0.471571 
0.023482 0.061122 0.278639 0.640819 
0.675121 0.512606 0.445324 0.023022 
0.507339 0.974635 0.021279 0.757618 
0.434494 0.652418 0.949559 0.958067 
0.871632 0.704874 0.660003 0.137218 
0.863436 0.341104 0.945069 0.973828 
0.552131 0.767498 0.440815 0.682576 
0.780920 0.290537 0.154147 0.804401 
0.351660 0.432786 0.445220 0.026780 
0.945392 0.890544 0.049803 0.452732 
0.865179 0.071082 0.210350 0.299673 
0.723500 0.159909 0.257740 0.595131 
0.864783 0.917743 0.732349 0.728219 
0.258848 0.677419 0.702046 0.810978 
0.444917 0.142862 0.493555 0.225837 
0.433399 0.647702 0.030238 0.785059 
0.080488 0.475458 0.811839 0.025881 
0.366002 0.861642 0.478612 0.231181 
0.932723 0.688962 0.530854 0.656223 
0.848871 0.788594 0.251354 0.713654 
0.706337 0.983703 0.441873 0.965185 
0.661122 0.143919 0.776163 0.106039 
0.286781 0.269718 0.331875 0.720180 
0.917421 0.362113 0.505239 0.997909 
0.837571 0.317078 0.023790 0.203573 
0.178720 0.502402 0.434754 0.111443 
0.191364 0.965607 0.767666 0.040235 
0.754202 0.019020 0.753889 0.460539 
0.002723 0.195761 0.425724 0.663845 
0.339681 0.201888 0.769884 0.626462 
0.471606 0.101759 0.346642 0.389027 
0.463873 0.851881 0.386936 0.301444 
0.168959 0.410725 0.505017 0.347679 
0.913127 0.939771 0.459122 0.104491 
0.905379 0.226789 0.144726 0.659580 
0.245809 0.898614 0.120119 0.248532 
0.094376 0.545843 0.912377 0.434056 
0.747731 0.682261 0.060518 0.219337 
0.784020 0.407160 0.608364 0.247893 
0.259041 0.995299 0.549337 0.428000 
0.406024 0.054354 0.775679 0.319151 
0.994125 0.234802 0.423642 0.899504 
0.461590 0.568368 0.559084 0.707399 
0.466982 0.679203 0.955931 0.561358 
0.225047 0.868309 0.995414 0.972778 
0.550570 0.055931 0.192115 0.334590 
0.463091 0.800478 0.582483 0.722132 
0.795777 0.131820 0.150132 0.201802 
0.186174 0.925812 0.520953 0.180300 
0.160613 0.944595 0.079804 0.622204 
0.512963 0.638888 0.329603 0.979945 
0.318091 0.285534 0.541303 0.543138 
0.153843 0.536716 0.515916 0.704413 
0.592648 0.708030 0.039003 0.055739 
0.508509 0.621486 0.777871 0.304286 
0.753306 0.928003 0.506088 0.939481 
0.853815 0.027041 0.119780 0.014428 
0.971637 0.199584 0.636632 0.484600 
0.838471 0.966235 0.464545 0.156562 
0.251769 0.005847 0.699700 0.405612 
0.542564 0.215616 0.110025 0.135211 
0.923646 0.149028 0.190950 0.432155 
0.770514 0.968821 0.736441 0.523820 
0.896824 0.242529 0.463301 0.750639 
0.269570 0.583081 0.765067 0.241206 
0.782664 0.401699 0.725806 0.621136 
0.367934 0.190351 0.777698 0.619703 
0.196198 0.477398 0.025315 0.738762 
0.693014 0.135340 0.873974 0.616661 
0.284368 0.064924 0.048815 0.054882 
0.033745 0.785256 0.578702 0.930570 
0.027785 0.042003 0.681209 0.297355 
0.625083 0.446276 0.538561 0.407748 
0.847976 0.264367 0.028884 0.215910 
0.454718 0.806582 0.835613 0.650916 
0.283980 0.860928 0.389678 0.976994 
0.996268 0.263652 0.593655 0.280636 
0.328576 0.642470 0.335518 0.362321 
0.427726 0.914220 0.292891 0.455511 
0.956222 0.974100 0.752866 0.581306 
0.420376 0.291427 0.989054 0.268352 
0.555794 0.017937 0.484262 0.010512 
0.824519 0.319875 0.661428 0.108499 
0.180803 0.051106 0.085493 0.177071 
0.314758 0.679148 0.457708 0.643334 
0.321619 0.793226 0.005654 0.749345 
0.707445 0.298545 0.204857 0.663668 
0.272644 0.957722 0.244974 0.693020 
0.249149 0.234028 0.961372 0.804943 
0.251965 0.445634 0.815455 0.076484 
0.765508 0.476883 0.184983 0.946311 
0.527990 0.270476 0.123383 0.842748 
0.949625 0.581090 0.486081 0.271244 
0.374316 0.491735 0.020589 0.081761 
0.790280 0.225446 0.745429 0.062925 
0.183168 0.990403 0.755945 0.432318 
0.224430 0.717317 0.237261 0.476395 
0.162951 0.052716 0.552879 0.928459 
0.529600 0.737862 0.874770 0.057589 
0.008338 0.998153 0.900337 0.957963 
0.579243 0.386418 0.229207 0.953559 
0.878153 0.249796 0.035320 0.668434 
0.475242 0.780749 0.731358 0.658410 
0.771152 0.487304 0.090727 0.995583 
0.204621 0.327988 0.471978 0.367572 
0.380705 0.024857 0.296031 0.910304 
0.762719 0.170801 0.967894 0.771058 
0.168954 0.868230 0.729021 0.748197 
0.254648 0.958228 0.701756 0.132802 
0.208024 0.737076 0.801235 0.683266 
0.517826 0.532594 0.341676 0.288978 
0.019897 0.432403 0.284561 0.224518 
0.760391 0.756539 0.592090 0.141096 
0.781396 0.888121 0.051400 0.544115 
0.058923 0.019294 0.315172 0.227877 
0.887524 0.044193 0.976075 0.142172 
0.002421 0.677831 0.274974 0.210445 
0.414907 0.076209 0.893711 0.932733 
0.608803 0.235387 0.221711 0.628700 
0.667789 0.506272 0.853219 0.428181 
0.262810 0.445309 0.569277 0.044206 
0.333431 0.620677 0.588321 0.392353 
0.639971 0.903493 0.620230 0.527495 
0.947686 0.596305 0.669667 0.950107 
0.274136 0.944642 0.160553 0.689043 
0.020851 0.054263 0.621776 0.629654 
0.289650 0.843488 0.258354 0.957439 
0.349759 0.111573 0.385620 0.612569 
0.556882 0.954897 0.656775 0.890313 
0.575574 0.245096 0.282666 0.215545 
0.148589 0.902897 0.743040 0.096275 
0.499202 0.412707 0.046382 0.773337 
0.357349 0.206935 0.462381 0.378200 
0.261199 0.084157 0.007854 0.550848 
0.927645 0.266208 0.508288 0.277404 
0.377782 0.893908 0.889973 0.934664 
0.848805 0.546749 0.824977 0.424379 
0.791844 0.107643 0.639924 0.940433 
0.010540 0.382964 0.036708 0.509741 
0.795672 0.083091 0.283079 0.153021 
0.290026 0.745460 0.531221 0.551224 
0.829617 0.539074 0.102073 0.757262 
0.805283 0.610361 0.034666 0.183064 
0.504269 0.924639 0.117728 0.353074 
0.471387 0.942705 0.777454 0.263232 
0.050348 0.417378 0.203665 0.060888 
0.800343 0.240374 0.570629 0.596014 
0.323465 0.853708 0.749035 0.613490 
0.599168 0.280256 0.164715 0.428784 
0.819330 0.266788 0.186046 0.624613 
0.877149 0.220712 0.807677 0.381418 
0.145350 0.925405 0.734492 0.616738 
0.868110 0.511946 0.879970 0.918458 
0.929324 0.083635 0.979346 0.729667 
0.324009 0.549975 0.325681 0.647473 
0.403683 0.074716 0.260964 0.002851 
0.354972 0.425679 0.431635 0.174302 
0.692466 0.617681 0.798915 0.569615 
0.838393 0.606592 0.951033 0.983743 
0.531996 0.685525 0.600481 0.400106 
0.197471 0.480451 0.318564 0.126795 
0.564086 0.297910 0.856462 0.888095 
0.847885 0.182143 0.535569 0.251568 
0.256860 0.796533 0.254419 0.611832 
0.222211 0.686054 0.786134 0.914678 
0.303736 0.585049 0.484293 0.142128 
0.191640 0.435326 0.125872 0.723636 
0.120850 0.726353 0.123742 0.318321 
0.206805 0.442306 0.445116 0.770891 
0.740216 0.301578 0.658986 0.588101 
0.483721 0.194555 0.839669 0.740581 
0.991088 0.094087 0.352412 0.213299 
0.780142 0.138546 0.127977 0.083877 
0.723595 0.612269 0.226006 0.915235 
0.047595 0.351877 0.638872 0.168445 
0.078231 0.762614 0.486766 0.285035 
0.204920 0.931883 0.055926 0.945136 
0.233461 0.714913 0.533237 0.717182 
0.909468 0.372906 0.457763 0.900555 
0.466993 0.810175 0.113854 0.247135 
0.948721 0.241831 0.331012 0.672316 
0.854100 0.557017 0.587551 0.901695 
0.908895 0.226423 0.070141 0.987125 
0.989037 0.556907 0.272161 0.193957 
0.488790 0.328087 0.139093 0.722250 
0.043000 0.672330 0.439432 0.952467 
0.045236 0.897195 0.853022 0.512229 
0.707370 0.966877 0.759363 0.656091 
0.208708 0.090375 0.328407 0.062808 
0.647393 0.915959 0.964504 0.556287 
0.142382 0.034644 0.543413 0.131419 
0.591552 0.815573 0.325376 0.080341 
0.143660 0.464470 0.802592 0.186660 
0.136800 0.242024 0.139127 0.182036 
0.139219 0.992150 0.694265 0.846589 
0.959026 0.453628 0.502680 0.167734 
0.544003 0.831088 0.230542 0.191396 
0.747046 0.195046 0.747683 0.889428 
0.229690 0.291096 0.020847 0.821242 
0.106670 0.346223 0.901583 0.250330 
0.810693 0.704175 0.436990 0.947493 
0.946199 0.576117 0.129529 0.085418 
0.568266 0.823793 0.932007 0.527293 
0.277422 0.434687 0.695027 0.821425 
0.265774 0.925569 0.012821 0.012821 
0.120615 0.760504 0.902249 0.350305 
0.051600 0.923096 0.171546 0.158270 
0.269320 0.073129 0.408600 0.080013 
0.777304 0.845590 0.027506 0.723503 
0.421706 0.157034 0.808921 0.989973 
0.980828 0.740928 0.517266 0.258249 
0.175615 0.212292 0.079674 0.441389 
0.137861 0.092495 0.454210 0.258476 
0.852999 0.356459 0.608781 0.904599 
0.279555 0.780327 0.062869 0.548875 
0.853457 0.471469 0.628887 0.630761 
0.317058 0.656393 0.354264 0.738765 
0.813428 0.163186 0.728738 0.794255 
0.904113 0.246003 0.052505 0.079728 
0.458296 0.132179 0.521117 0.596157 
0.224674 0.975326 0.854633 0.077673 
0.331785 0.463414 0.982273 0.611340 
0.243741 0.045142 0.160215 0.097198 
0.516611 0.789102 0.727959 0.833669 
0.445495 0.082224 0.572434 0.258922 
0.245409 0.301172 0.053178 0.149523 
0.547175 0.105683 0.229251 0.005471 
0.237862 0.750368 0.601628 0.462536 
0.725694 0.456262 0.540209 0.057479 
0.919676 0.522482 0.668819 0.163417 
0.567624 0.829034 0.260616 0.084235 
0.618136 0.988575 0.917904 0.063631 
0.070798 0.490338 0.322553 0.316208 
0.791510 0.375731 0.465730 0.338685 
0.481413 0.694981 0.344156 0.719275 
0.445349 0.945785 0.181811 0.171043 
0.402046 0.722020 0.228522 0.321722 
0.244502 0.897341 0.485140 0.812126 
0.726375 0.745755 0.896360 0.344511 
0.734330 0.814264 0.408141 0.805128 
0.304602 0.730694 0.121336 0.096111 
0.106425 0.587066 0.434796 0.587838 
0.282047 0.778952 0.307113 0.727396 
0.724737 0.488924 0.898439 0.126783 
0.210944 0.126961 0.448505 0.455447 
0.024302 0.933645 0.267572 0.750677 
0.679400 0.163933 0.095188 0.413731 
0.978197 0.503329 0.218859 0.282799 
0.234023 0.340195 0.378910 0.340448 
0.927261 0.813707 0.928286 0.209308 
0.592659 0.235399 0.936704 0.317396 
0.724324 0.835143 0.444179 0.935268 
0.962104 0.892684 0.390715 0.986406 
0.826329 0.658287 0.737084 0.505730 
0.822220 0.832271 0.919460 0.800417 
0.335600 0.138319 0.083216 0.569623 
0.478514 0.462126 0.910071 0.405775 
0.275833 0.838357 0.615084 0.868492 
0.073756 0.551788 0.185887 0.798080 
0.386931 0.630066 0.733348 0.349036 
0.522750 0.124063 0.335442 0.349080 
0.782350 0.072526 0.854810 0.604570 
0.904797 0.774270 0.404987 0.240398 
0.912590 0.488203 0.810021 0.391104 
0.950330 0.720092 0.796879 0.226162 
0.558449 0.411963 0.094654 0.632205 
0.963751 0.280541 0.430286 0.350683 
0.910607 0.163634 0.699718 0.433357 
0.287697 0.035160 0.782437 0.070047 
0.107686 0.637247 0.674617 0.012483 
0.411517 0.079604 0.252881 0.324107 
0.567808 0.062902 0.715210 0.518137 
0.782994 0.512090 0.744299 0.341443 
0.924053 0.838953 0.973649 0.887804 
0.119494 0.403934 0.238486 0.030102 
0.567568 0.938204 0.463459 0.855264 
0.973365 0.245896 0.925311 0.081051 
0.883143 0.599928 0.093534 0.294660 
0.679532 0.346415 0.618767 0.247340 
0.409317 0.333977 0.765477 0.192311 
0.846067 0.509776 0.533754 0.770119 
0.348730 0.507402 0.657923 0.468224 
0.911336 0.896409 0.498326 0.478904 
0.834613 0.961785 0.334168 0.807978 
0.207681 0.259479 0.889028 0.090824 
0.859407 0.982562 0.385484 0.538940 
0.328977 0.004251 0.786280 0.738294 
0.338228 0.551757 0.930604 0.184295 
0.061533 0.464358 0.954414 0.410263 
0.971760 0.612337 0.878487 0.883096 
0.508746 0.376813 0.362000 0.343359 
0.338598 0.696168 0.151337 0.546279 
0.955647 0.040366 0.637103 0.815055 
0.022928 0.022587 0.353994 0.351905 
0.026838 0.140274 0.090199 0.365066 
0.692030 0.020803 0.549360 0.753563 
0.485160 0.503774 0.163826 0.456920 
0.116111 0.042313 0.340016 0.624857 
0.419126 0.702016 0.968216 0.757724 
0.398184 0.119554 0.304004 0.353831 
0.159919 0.941107 0.168886 0.182847 
0.963694 0.522880 0.534752 0.990532 
0.663154 0.624951 0.355598 0.355185 
0.645754 0.904958 0.108748 0.130914 
0.408732 0.272574 0.587834 0.524844 
0.314887 0.927850 0.149701 0.734014 
0.629866 0.117917 0.491738 0.028050 
0.237471 0.795742 0.381881 0.397390 
0.736849 0.550767 0.580238 0.700542 
0.073647 0.114990 0.691074 0.736801 
0.739941 0.046672 0.091986 0.385695 
0.951630 0.200734 0.516609 0.360363 
0.473308 0.104443 0.885206 0.788195 
0.032293 0.034907 0.522209 0.662159 
0.152824 0.013947 0.690209 0.390295 
0.809689 0.072090 0.787685 0.546538 
0.622857 0.367923 0.247080 0.696504 
0.482913 0.938155 0.433305 0.222854 
0.984827 0.525291 0.608549 0.936457 
0.726024 0.125158 0.296820 0.199332 
0.229601 0.182026 0.987527 0.261894 
0.216933 0.509736 0.924053 0.369757 
0.523684 0.614261 0.760052 0.333373 
0.686351 0.547737 0.879911 0.309208 
0.915660 0.126992 0.005711 0.398573 
0.065146 0.439016 0.621427 0.049973 
0.964307 0.229976 0.986430 0.690331 
0.355133 0.283250 0.889663 0.584734 
0.465276 0.877191 0.846627 0.682209 
0.386927 0.770680 0.051966 0.910611 
0.384941 0.812017 0.243984 0.071292 
0.359754 0.123895 0.380500 0.275414 
0.250887 0.386211 0.673986 0.316033 
0.825228 0.295413 0.366007 0.789535 
0.525389 0.352437 0.479866 0.880522 
0.635687 0.369529 0.465256 0.100963 
0.246720 0.311883 0.783172 0.633647 
0.082563 0.835137 0.544258 0.467504 
0.647155 0.788242 0.538797 0.006909 
0.912138 0.919297 0.282323 0.163025 
0.305508 0.956309 0.479058 0.130736 
0.251723 0.845065 0.920270 0.777111 
0.197502 0.400136 0.657633 0.833188 
0.769665 0.122889 0.934151 0.016385 
0.434772 0.717323 0.650032 0.517334 
0.552461 0.194291 0.984839 0.199615 
0.982533 0.523635 0.206525 0.894671 
0.442932 0.488848 0.057695 0.748440 
0.445157 0.536753 0.879175 0.696880 
0.381818 0.799445 0.473991 0.579319 
0.199581 0.131624 0.412508 0.969247 
0.254513 0.346659 0.985632 0.689284 
0.063982 0.635664 0.206619 0.616443 
0.829955 0.191457 0.816058 0.812488 
0.715092 0.022583 0.707158 0.158024 
0.511430 0.764853 0.906464 0.956587 
0.301606 0.785639 0.653467 0.683424 
0.585084 0.127458 0.262743 0.784666 
0.259082 0.675251 0.753912 0.513594 
0.021910 0.739544 0.202878 0.085892 
0.375208 0.409497 0.702335 0.205163 
0.600954 0.518394 0.017651 0.316047 
0.540976 0.724809 0.474071 0.052407 
0.489662 0.380534 0.008994 0.791268 
0.166173 0.662461 0.474692 0.751258 
0.789919 0.737436 0.535923 0.049000 
0.412687 0.289835 0.562594 0.434597 
0.029379 0.765473 0.520490 0.404587 
0.174970 0.222825 0.609750 0.775924 
0.741218 0.627401 0.091970 0.282195 
0.352210 0.566041 0.334602 0.841872 
0.946576 0.343596 0.633140 0.112749 
0.006057 0.107833 0.864007 0.795975 
0.845269 0.399930 0.844976 0.257955 
0.689765 0.407570 0.692553 0.719144 
0.173043 0.213042 0.123732 0.348012 
0.435867 0.733482 0.123936 0.177085 
0.360883 0.215907 0.459280 0.713093 
0.781948 0.793882 0.554965 0.728523 
0.137477 0.188105 0.841272 0.143534 
0.295938 0.705279 0.939510 0.141206 
0.105209 0.784485 0.399162 0.794974 
0.192055 0.091714 0.514119 0.365098 
0.304756 0.637851 0.713110 0.740623 
0.371333 0.837046 0.917709 0.732216 
0.052953 0.376989 0.445309 0.834900 
0.170870 0.000274 0.563424 0.308348 
0.188379 0.404696 0.451882 0.484317 
0.109976 0.391391 0.625523 0.215185 
0.175877 0.024685 0.010159 0.367932 
0.116400 0.524278 0.733030 0.421156 
0.162129 0.446140 0.161779 0.533462 
0.283186 0.079488 0.265678 0.336138 
0.456477 0.710987 0.171039 0.627347 
0.711262 0.734463 0.935695 0.899641 
0.139159 0.387577 0.383958 0.249135 
0.778968 0.009481 0.464319 0.954844 
0.034166 0.474478 0.322776 0.150566 
0.998756 0.055806 0.571722 0.160885 
0.501945 0.733501 0.694347 0.785131 
0.812989 0.960025 0.121270 0.269466 
0.671012 0.292308 0.896813 0.382274 
0.026771 0.832508 0.281915 0.165930 
0.220085 0.665873 0.415065 0.999053 
0.675354 0.879384 0.953897 0.709521 
0.353862 0.276673 0.860087 0.352619 
0.332479 0.431808 0.513504 0.834424 
0.165310 0.207851 0.619556 0.978299 
0.167876 0.740825 0.247766 0.838888 
0.033134 0.144579 0.221162 0.059905 
0.977087 0.503077 0.225835 0.197172 
0.168950 0.640900 0.196225 0.844304 
0.520284 0.150122 0.553825 0.874146 
0.426795 0.413912 0.226765 0.759275 
0.845720 0.740269 0.593699 0.011030 
0.948119 0.213255 0.989329 0.115995 
0.954080 0.237095 0.954883 0.987213 
0.381674 0.176045 0.047118 0.358761 
0.679123 0.272953 0.555933 0.848073 
0.913853 0.752158 0.692377 0.434137 
0.902280 0.246203 0.308283 0.329076 
0.660114 0.535048 0.088350 0.505834 
0.275317 0.682050 0.516864 0.223436 
0.895304 0.506194 0.339431 0.849384 
0.743289 0.294314 0.836597 0.124963 
0.470359 0.883715 0.483724 0.149482 
0.156668 0.039657 0.997555 0.070521 
0.791816 0.689932 0.504658 0.694096 
0.936135 0.812941 0.023172 0.596249 
0.347989 0.111523 0.102083 0.623306 
0.793572 0.618948 0.846741 0.688876 
0.125141 0.186172 0.538260 0.868430 
0.480486 0.374857 0.993393 0.950845 
0.258573 0.477117 0.100327 0.415241 
0.516774 0.097882 0.485762 0.308590 
0.787814 0.990420 0.002686 0.723949 
0.803361 0.025858 0.320199 0.151350 
0.137381 0.422282 0.774656 0.930953 
0.041230 0.621398 0.619829 0.166371 
0.807570 0.158089 0.034801 0.288056 
0.532947 0.028193 0.238901 0.791519 
0.505310 0.339228 0.206760 0.022084 
0.437110 0.692522 0.330674 0.224924 
0.682943 0.333360 0.948874 0.486304 
0.359218 0.269072 0.637655 0.496599 
0.691354 0.412311 0.427552 0.732584 
0.033708 0.047381 0.898955 0.841278 
0.205470 0.933755 0.129334 0.738417 
0.961949 0.368234 0.529936 0.467259 
0.707462 0.736696 0.489343 0.144572 
0.429219 0.820016 0.369496 0.112161 
0.153376 0.318370 0.598465 0.512594 
0.587442 0.236120 0.009193 0.278796 
0.648431 0.436745 0.011380 0.682139 
0.484125 0.910335 0.523417 0.689595 
0.844090 0.652751 0.428012 0.806039 
0.020985 0.957947 0.273298 0.728447 
0.694643 0.762640 0.873019 0.123862 
0.582657 0.242516 0.236023 0.736033 
0.560886 0.834489 0.248627 0.148328 
0.070609 0.257820 0.427125 0.719040 
0.694565 0.438505 0.401179 0.178690 
0.348839 0.924596 0.868285 0.192929 
0.577347 0.296296 0.998968 0.598332 
0.254244 0.272266 0.326779 0.948887 
0.034906 0.199799 0.072749 0.617563 
0.442314 0.308773 0.353596 0.003200 
0.143262 0.602223 0.151529 0.213871 
0.860043 0.578653 0.932910 0.554607 
0.017158 0.334089 0.733297 0.365997 
0.258685 0.601582 0.558926 0.836032 
0.897878 0.557895 0.434364 0.152122 
0.830161 0.761143 0.101009 0.865067 
0.960941 0.173758 0.482630 0.403256 
0.482531 0.836225 0.406456 0.625792 
0.438448 0.557985 0.839663 0.298490 
0.136638 0.772573 0.853098 0.153796 
0.106663 0.586395 0.519793 0.365348 
0.187977 0.078720 0.201380 0.085855 
0.636614 0.635744 0.237977 0.466775 
0.396887 0.338986 0.331842 0.357829 
0.512744 0.814471 0.761085 0.995275 
0.650696 0.167541 0.621067 0.089144 
0.725526 0.460731 0.387634 0.862165 
0.233304 0.240732 0.015961 0.339967 
0.827127 0.535754 0.705315 0.015103 
0.614473 0.906695 0.100958 0.251088 
0.542440 0.338935 0.717863 0.939327 
0.677920 0.049705 0.297155 0.190664 
0.864176 0.058240 0.185939 0.514872 
0.225781 0.807007 0.604017 0.951307 
0.267737 0.991651 0.813472 0.501041 
0.232383 0.829432 0.841008 0.059510 
0.365186 0.546323 0.074613 0.979660 
0.453018 0.175572 0.230747 0.995458 
0.514506 0.948610 0.934785 0.192427 
0.998315 0.231940 0.383091 0.862491 
0.290180 0.569031 0.377363 0.515961 
0.376038 0.981380 0.467268 0.643775 
0.973031 0.280740 0.144816 0.205414 
0.110172 0.985825 0.264924 0.475358 
0.532148 0.339537 0.455018 0.985166 
0.515109 0.685765 0.980624 0.029615 
0.634375 0.915409 0.222042 0.632690 
0.147349 0.605134 0.495181 0.437529 
0.174164 0.872545 0.953489 0.550202 
0.853925 0.420757 0.193977 0.826955 
0.701497 0.338794 0.032369 0.811669 
0.324618 0.297293 0.287027 0.856766 
0.636831 0.742045 0.841932 0.151939 
0.427810 0.822556 0.181555 0.062185 
0.737964 0.403597 0.694876 0.885313 
0.008731 0.190057 0.322841 0.182895 
0.062602 0.276331 0.733097 0.916526 
0.697088 0.927074 0.743482 0.398585 
0.265868 0.775851 0.210254 0.590486 
0.073144 0.497281 0.447252 0.709975 
0.239326 0.289184 0.861914 0.667136 
0.111740 0.043469 0.729322 0.849704 
0.447066 0.424197 0.735017 0.455797 
0.614254 0.057858 0.638691 0.676856 
0.334189 0.371789 0.593382 0.031277 
0.298863 0.336864 0.429863 0.564731 
0.112715 0.640117 0.155217 0.185859 
0.137398 0.602469 0.895834 0.376724 
0.891653 0.757748 0.043860 0.003393 
0.801217 0.773182 0.853096 0.248283 
0.197379 0.588113 0.704080 0.811634 
0.645972 0.342771 0.488490 0.980161 
0.714560 0.081872 0.011438 0.013422 
0.418736 0.441301 0.578153 0.531451 
0.081418 0.733370 0.717310 0.218815 
0.335839 0.613144 0.595539 0.227492 
0.370892 0.639399 0.230885 0.172109 
0.412581 0.083981 0.420392 0.609960 
0.672094 0.124471 0.421594 0.318066 
0.467242 0.910083 0.298227 0.181802 
0.991955 0.309666 0.195224 0.410691 
0.750967 0.773377 0.942141 0.832384 
0.506747 0.659451 0.051200 0.842587 
0.272595 0.646739 0.070079 0.643486 
0.286138 0.300963 0.815595 0.698719 
0.384944 0.235987 0.308679 0.057039 
0.360458 0.730272 0.375105 0.827700 
0.640356 0.673332 0.009502 0.632311 
0.982998 0.204726 0.043001 0.733965 
0.978104 0.985143 0.566349 0.484851 
0.644594 0.617549 0.327438 0.917188 
0.264288 0.397516 0.560675 0.550426 
0.698479 0.376269 0.249145 0.083423 
0.612256 0.557824 0.140462 0.972714 
0.288096 0.515567 0.800414 0.928452 
0.188899 0.809916 0.560762 0.171897 
0.014643 0.603764 0.905862 0.992746 
0.588906 0.472211 0.477597 0.233500 
0.089759 0.805035 0.150688 0.354047 
0.202551 0.711363 0.904473 0.901030 
0.087632 0.153618 0.984453 0.699889 
0.711441 0.124915 0.672603 0.999538 
0.640482 0.473017 0.927990 0.829381 
0.282933 0.488752 0.001278 0.297576 
0.092516 0.907139 0.290322 0.681422 
0.379350 0.767920 0.914922 0.469109 
0.572954 0.065611 0.823156 0.775505 
0.776974 0.727629 0.676535 0.864606 
0.881247 0.660989 0.564495 0.592688 
0.785904 0.237098 0.592226 0.426386 
0.710115 0.520215 0.255767 0.993048 
0.008967 0.257044 0.290624 0.101483 
0.164183 0.580946 0.782905 0.543533 
0.348866 0.697828 0.012642 0.921820 
0.763439 0.835799 0.697325 0.540412 
0.563428 0.373861 0.405019 0.444674 
0.034849 0.969514 0.037363 0.820753 
0.206611 0.629588 0.247139 0.916726 
0.149804 0.502906 0.909774 0.158771 
0.759950 0.200398 0.260254 0.924133 
0.781344 0.043159 0.467666 0.130210 
0.740987 0.480309 0.052030 0.504426 
0.316107 0.749356 0.044838 0.879535 
0.123216 0.449857 0.324209 0.158066 
0.419370 0.361572 0.978819 0.625982 
0.991160 0.225958 0.542708 0.140964 
0.728864 0.452482 0.299735 0.488814 
0.652879 0.559989 0.412947 0.434223 
0.603149 0.880614 0.564433 0.344136 
0.360922 0.616463 0.848562 0.677029 
0.365819 0.893400 0.556564 0.489035 
0.343257 0.880774 0.647101 0.762627 
0.242346 0.625920 0.388609 0.233506 
0.851879 0.931316 0.374471 0.580743 
0.383798 0.674206 0.069556 0.036677 
0.234195 0.482504 0.470901 0.837344 
0.363117 0.035334 0.181480 0.724039 
0.651798 0.030042 0.401069 0.017617 
0.923442 0.957633 0.506652 0.266699 
0.838407 0.153753 0.029326 0.080753 
0.779673 0.417934 0.314259 0.631552 
0.349251 0.688730 0.212294 0.733049 
0.362936 0.281851 0.769726 0.597131 
0.764354 0.240627 0.434476 0.127471 
0.275961 0.615956 0.851511 0.927759 
0.645998 0.252580 0.945375 0.569440 
0.210213 0.452027 0.836139 0.048620 
0.605780 0.865464 0.129373 0.385453 
0.283399 0.443632 0.017005 0.632650 
0.132362 0.229299 0.365699 0.495298 
0.511150 0.135425 0.092430 0.275504 
0.376052 0.526906 0.402975 0.652013 
0.142862 0.254486 0.579772 0.788860 
0.507066 0.525147 0.358300 0.717279 
0.977174 0.194439 0.765899 0.582954 
0.059904 0.895272 0.968407 0.343303 
0.338904 0.985412 0.975953 0.471266 
0.214711 0.341651 0.966564 0.725861 
0.477076 0.058994 0.001365 0.853128 
0.585900 0.404340 0.505142 0.728761 
0.658826 0.084914 0.517622 0.165892 
0.610061 0.875922 0.883170 0.587235 
0.070361 0.649069 0.170189 0.130265 
0.544340 0.138596 0.473568 0.883244 
0.124008 0.449520 0.354510 0.338719 
0.791172 0.321075 0.064580 0.268248 
0.380069 0.065945 0.121377 0.965969 
0.470284 0.626518 0.694730 0.129111 
0.711432 0.212352 0.295002 0.321492 
0.088274 0.178172 0.908727 0.158635 
0.827241 0.078916 0.288900 0.371581 
0.217512 0.762468 0.254826 0.341520 
0.211988 0.609336 0.680239 0.003160 
0.930411 0.744819 0.271408 0.310479 
0.810763 0.392785 0.276448 0.281048 
0.019303 0.971178 0.410158 0.730735 
0.183530 0.705161 0.052227 0.271803 
0.883333 0.960955 0.430438 0.710574 
0.039870 0.719338 0.082156 0.257382 
0.481806 0.336981 0.598902 0.693795 
0.946317 0.279141 0.696955 0.876727 
0.023960 0.968363 0.187207 0.834724 
0.361148 0.463655 0.115771 0.380452 
0.434833 0.525930 0.111187 0.618363 
0.231090 0.163414 0.890166 0.114423 
0.124368 0.320605 0.824997 0.164239 
0.039943 0.907153 0.421621 0.521749 
0.244134 0.020523 0.215544 0.190451 
0.299665 0.912499 0.067179 0.323625 
0.880862 0.254386 0.158348 0.242010 
0.718041 0.274120 0.622462 0.152874 
0.800050 0.733649 0.771237 0.031140 
0.897063 0.661403 0.145563 0.021431 
0.982008 0.970561 0.185670 0.021951 
0.877714 0.607291 0.543700 0.121848 
0.627815 0.759244 0.312299 0.927479 
0.671743 0.379478 0.251104 0.552605 
0.633863 0.409453 0.794616 0.351904 
0.683572 0.417078 0.504778 0.483622 
0.150726 0.276015 0.514762 0.047789 
0.937418 0.660325 0.069220 0.919426 
0.630886 0.254890 0.941377 0.508600 
0.862181 0.485077 0.630448 0.489996 
0.244322 0.942747 0.417475 0.916065 
0.322225 0.668579 0.468670 0.956088 
0.078032 0.263286 0.307992 0.761604 
0.680364 0.812770 0.245226 0.831090 
0.088784 0.759988 0.878879 0.026202 
0.420314 0.948099 0.945628 0.051200 
0.202989 0.887005 0.559800 0.065170 
0.372083 0.190248 0.555165 0.616404 
0.132996 0.972640 0.532469 0.455220 
0.641219 0.001139 0.411309 0.719251 
0.264425 0.719300 0.480855 0.944789 
0.532070 0.726081 0.775879 0.620855 
0.486069 0.654758 0.647057 0.906383 
0.602856 0.592685 0.957583 0.805845 
0.479691 0.517384 0.871015 0.851774 
0.707632 0.426180 0.468178 0.840627 
0.398820 0.000647 0.295848 0.040039 
0.001786 0.707156 0.759290 0.266210 
0.426457 0.240145 0.210999 0.958527 
0.966226 0.986878 0.579382 0.452295 
0.641635 0.226439 0.358678 0.244492 
0.819124 0.316262 0.050337 0.298815 
0.833645 0.921352 0.150588 0.541277 
0.347532 0.618766 0.381904 0.746352 
0.619413 0.677752 0.786391 0.621198 
0.384909 0.545681 0.887409 0.811366 
0.785826 0.098408 0.769893 0.752051 
0.085285 0.349275 0.204346 0.726920 
0.575713 0.563025 0.971412 0.394837 
0.879286 0.021749 0.693652 0.712931 
0.943101 0.844241 0.254208 0.290632 
0.463007 0.636113 0.036984 0.082420 
0.313865 0.823375 0.703618 0.698774 
0.369056 0.591027 0.510140 0.154882 
0.689435 0.280033 0.906933 0.774720 
0.629307 0.111279 0.501641 0.205020 
0.674304 0.473053 0.599858 0.553590 
0.494802 0.293510 0.266522 0.437902 
0.137751 0.520730 0.728535 0.600758 
0.156843 0.765519 0.683178 0.470708 
0.588894 0.386796 0.169482 0.957950 
0.977823 0.679622 0.112832 0.667258 
0.959655 0.019765 0.441978 0.588962 
0.131044 0.943619 0.793982 0.805348 
0.416672 0.393840 0.358939 0.911474 
0.687350 0.625460 0.349376 0.825100 
0.146191 0.077911 0.425858 0.303034 
0.843430 0.109036 0.773742 0.432324 
0.495832 0.943225 0.390274 0.473655 
0.622847 0.503106 0.140913 0.582501 
0.522871 0.582891 0.171463 0.653915 
0.526510 0.965445 0.459263 0.943182 
0.359285 0.818201 0.854656 0.046635 
0.443662 0.204032 0.871735 0.589853 
0.281943 0.297593 0.892886 0.125373 
0.406629 0.666629 0.557697 0.902460 
0.609853 0.947972 0.376115 0.232700 
0.451078 0.517028 0.815201 0.973948 
0.099919 0.986664 0.627863 0.626429 
0.952109 0.087125 0.569611 0.311394 
0.905327 0.424267 0.358029 0.348988 
0.628300 0.229764 0.938841 0.910243 
0.527357 0.831727 0.035616 0.933986 
0.498356 0.593314 0.836446 0.108209 
0.541285 0.212561 0.340909 0.992363 
0.729589 0.156110 0.966311 0.829507 
0.142775 0.594174 0.455936 0.094884 
0.681299 0.025548 0.406278 0.586625 
0.449815 0.764307 0.935614 0.078115 
0.994071 0.874454 0.988357 0.521427 
0.706182 0.023974 0.455413 0.204538 
0.617288 0.291859 0.312747 0.158573 
0.504420 0.653656 0.150936 0.234008 
0.809766 0.117247 0.063516 0.952541 
0.711421 0.519452 0.047425 0.392719 
0.545000 0.453703 0.979345 0.994815 
0.218010 0.914959 0.072929 0.212081 
0.789413 0.061287 0.733508 0.495595 
0.085261 0.188921 0.700132 0.702548 
0.480780 0.012879 0.861121 0.985200 
0.666535 0.012057 0.219208 0.476302 
0.129304 0.282724 0.428843 0.840724 
0.802176 0.476268 0.233444 0.347176 
0.929971 0.212789 0.341991 0.147981 
0.127747 0.414920 0.360062 0.917161 
0.476207 0.093570 0.412755 0.561467 
0.282491 0.112888 0.264015 0.763271 
0.125767 0.125136 0.748471 0.792302 
0.137193 0.967679 0.268604 0.266497 
0.250403 0.697447 0.107221 0.052579 
0.173714 0.340665 0.399755 0.103685 
0.553454 0.741745 0.251666 0.681201 
0.156665 0.611728 0.598362 0.632872 
0.705299 0.011118 0.194339 0.987790 
0.124005 0.458355 0.751061 0.249773 
0.583491 0.499532 0.042075 0.720684 
0.467211 0.310679 0.987181 0.717613 
0.008126 0.094403 0.770192 0.181840 
0.435068 0.169946 0.285525 0.988522 
0.911692 0.537192 0.669723 0.068357 
0.148920 0.268085 0.701229 0.854219 
0.279203 0.895568 0.842009 0.403208 
0.353922 0.593070 0.652981 0.937413 
0.092602 0.695056 0.658098 0.559812 
0.005735 0.645279 0.277426 0.013861 
0.739682 0.047617 0.195702 0.174749 
0.217564 0.481227 0.163271 0.129255 
0.018419 0.832994 0.197612 0.167339 
0.101080 0.898841 0.021557 0.380282 
0.794408 0.863566 0.783490 0.148331 
0.456636 0.436471 0.085744 0.549237 
0.131527 0.743842 0.109050 0.137263 
0.389121 0.386475 0.151124 0.128803 
0.434093 0.346826 0.303552 0.651656 
0.828053 0.466823 0.780911 0.846471 
0.299818 0.978523 0.013810 0.400897 
0.877364 0.035367 0.781179 0.671772 
0.898933 0.564670 0.820103 0.355569 
0.001141 0.905847 0.904807 0.132668 
0.649689 0.013856 0.269931 0.038810 
0.400332 0.421055 0.167613 0.834424 
0.767881 0.471165 0.486080 0.595933 
0.937988 0.266992 0.442405 0.237806 
0.245515 0.456215 0.638703 0.122879 
0.491582 0.419882 0.794651 0.390516 
0.984551 0.614754 0.746085 0.985692 
0.520601 0.650892 0.118360 0.170290 
0.664748 0.388291 0.209100 0.065079 
0.809346 0.376713 0.899504 0.577227 
0.847878 0.385584 0.173160 0.785866 
0.652575 0.615565 0.023671 0.898090 
0.071780 0.662374 0.020969 0.563362 
0.082256 0.815620 0.953878 0.066807 
0.430373 0.699963 0.052500 0.950974 
0.350855 0.170860 0.121265 0.015602 
0.559151 0.330365 0.080682 0.368497 
0.707078 0.980186 0.945724 0.554956 
0.365769 0.118885 0.340822 0.018345 
0.734449 0.364494 0.916435 0.806229 
0.026868 0.937404 0.369591 0.109124 
0.753024 0.323469 0.175931 0.183397 
0.023432 0.228431 0.134372 0.374287 
0.399291 0.255636 0.389889 0.958442 
0.586001 0.470571 0.326939 0.293079 
0.450757 0.272664 0.848036 0.816526 
0.391548 0.188858 0.834871 0.125998 
0.553351 0.751306 0.932227 0.580219 
0.688710 0.301818 0.689342 0.441734 
0.625287 0.865273 0.625131 0.648720 
0.093704 0.759502 0.023006 0.492995 
0.015139 0.412896 0.451437 0.601140 
0.883467 0.778376 0.894219 0.334223 
0.051040 0.742255 0.150749 0.442588 
0.931112 0.985620 0.568585 0.484463 
0.736926 0.500812 0.064682 0.425636 
0.802630 0.754024 0.867370 0.427918 
0.619298 0.492501 0.076637 0.713002 
0.252003 0.099644 0.205997 0.267142 
0.512539 0.657433 0.868282 0.396006 
0.435809 0.762501 0.730229 0.486849 
0.504756 0.880978 0.929437 0.435868 
0.866598 0.498022 0.920332 0.603524 
0.998834 0.985014 0.029160 0.801464 
0.739038 0.896530 0.229382 0.358336 
0.389031 0.306020 0.071338 0.641035 
0.405664 0.277334 0.908177 0.918203 
0.934768 0.776459 0.314209 0.370577 
0.538960 0.044438 0.857426 0.043716 
0.925416 0.786863 0.479584 0.792015 
0.284885 0.399916 0.395539 0.283719 
0.384929 0.424699 0.085183 0.123967 
0.321230 0.314566 0.482303 0.710261 
0.620585 0.553641 0.351296 0.026249 
0.830975 0.259473 0.944452 0.765743 
0.035932 0.258661 0.136320 0.574891 
0.303099 0.993746 0.618607 0.228515 
0.780609 0.098191 0.020530 0.065494 
0.498107 0.416069 0.349213 0.883036 
0.840768 0.434396 0.007004 0.161998 
0.748962 0.489307 0.872259 0.369548 
0.042948 0.223555 0.395797 0.873924 
0.483028 0.340248 0.639667 0.518959 
0.598909 0.775987 0.093851 0.902008 
0.769733 0.712458 0.130523 0.550342 
0.810649 0.151053 0.615836 0.308756 
0.567122 0.965049 0.191792 0.407890 
0.399446 0.198796 0.569888 0.148408 
0.688103 0.442147 0.517955 0.731051 
0.665702 0.913752 0.604975 0.148729 
0.254000 0.244641 0.667689 0.852910 
0.020628 0.761539 0.754918 0.790361 
0.473997 0.885441 0.340703 0.284646 
0.036494 0.956539 0.593402 0.603616 
0.921588 0.785194 0.011506 0.321034 
0.983990 0.581394 0.469442 0.672093 
0.023541 0.987397 0.403144 0.689243 
0.901149 0.008119 0.837973 0.155149 
0.252761 0.505661 0.008059 0.273389 
0.267200 0.762977 0.063750 0.741197 
0.648418 0.404453 0.025843 0.684912 
0.360992 0.619245 0.288528 0.282581 
0.404439 0.300035 0.603615 0.388429 
0.881429 0.073057 0.060522 0.904971 
0.060454 0.463666 0.594214 0.961603 
0.471785 0.432187 0.116752 0.724546 
0.937848 0.124811 0.997935 0.205049 
