2000 4
6576,8302,5357,6786
7696,2683,4260,8495
3027,2901,5509,73
4002,1567,600,6934
7608,2766,2474,6827
674,8686,1169,8967
6525,1645,7658,4783
6906,9386,1394,3483
7689,6751,270,5386
9435,4530,3881,2462
7431,9391,2536,1434
958,3136,8369,8567
5903,844,5394,6577
9530,6564,5545,6056
8209,3204,839,5116
2590,2233,8600,279
8984,8870,5666,8420
3400,9547,882,832
8939,3419,2266,9898
6555,636,8465,2458
1480,3860,9035,1010
424,4581,7066,8634
7785,7906,3750,375
139,2351,655,9124
1221,6321,7544,4622
5869,8427,5454,4809
1846,7721,4707,8401
8357,3173,860,9838
7033,9895,848,7458
4477,7915,6092,2262
5821,9843,2637,5961
2194,3293,5085,3416
9615,2629,8038,5484
1057,3493,293,2903
1214,5001,1305,9572
8174,2165,9410,5207
2061,259,2666,6538
8175,8758,8800,3997
8602,1438,9958,797
4731,5044,4213,4347
7674,2251,9831,8731
5745,125,1635,6960
5127,2940,6533,3301
5106,5943,8509,7167
6203,1175,3706,4379
9934,2506,8377,8536
3945,8336,9333,8677
3380,3547,3024,1055
5799,2856,9786,1544
2982,1422,8504,8109
4362,5037,1410,9468
981,9920,6636,7185
1096,342,1564,1030
2849,9942,9567,6794
8278,8901,5471,1658
2448,8495,2714,8247
1351,2500,9791,4333
3922,8296,2442,8285
3333,3853,7754,4315
3774,4390,1500,4870
4733,3065,5901,7582
3007,5468,4377,1285
4370,9848,2944,6818
8343,5658,5065,9695
8159,4857,4029,2082
3153,6472,368,6487
326,8122,802,4100
2513,2303,8971,7246
5368,4872,4829,8376
341,9206,9661,4712
9054,2606,1530,7398
8265,6596,7094,6425
1454,1123,8507,4607
7596,8875,1095,7922
6998,1897,2022,9511
4200,994,6758,9569
5866,1587,7945,6208
793,7607,920,9848
213,2451,7247,8479
9047,4341,4904,502
5465,3412,5109,3061
2287,6205,983,9285
8102,3006,8797,2303
4000,5555,1872,9866
7142,9817,6075,7936
7424,6996,7785,7638
9447,5032,6117,8495
9373,1022,8997,4838
4434,4107,7900,6722
312,8883,6008,8415
1889,4805,718,5889
360,2591,5756,7503
2409,1832,5440,9834
8828,3225,7472,8276
8257,3590,6771,7631
4613,5769,2469,9047
9876,370,5770,189
9253,1778,8604,1143
6583,9322,7033,6944
1913,2790,4448,4322
4622,9888,4156,3451
3113,1629,1727,1371
5220,8499,9002,9833
4269,1472,8881,4146
1842,4651,4335,1095
6429,2939,2239,3013
2262,9272,9958,4175
2062,4406,8498,6685
4295,2655,136,7409
4285,1864,8780,9505
364,7782,9339,4633
9254,8220,8779,1096
2871,3114,2192,9301
6054,4432,2314,8316
3704,2272,2492,5767
6679,991,2452,975
3646,2589,8384,7932
4454,7164,7438,4818
4947,6777,9451,4202
4997,8231,5298,7869
1346,7491,7170,7400
1923,9485,5716,5628
1758,8208,1395,8437
9200,3848,9413,2847
6438,7797,779,892
4962,8217,5711,9910
4995,5163,4112,9992
3394,9410,7862,4740
6902,5032,2140,8826
4517,7857,4454,6275
6066,5850,4713,5266
9699,4127,8113,6137
1924,8892,7030,6887
7110,2741,6797,2105
7904,909,2098,1299
320,9960,6039,7222
4993,8180,6048,9511
6038,503,5787,2104
6353,500,7371,6053
4627,5484,2190,6552
4377,9221,3440,1488
1963,237,3594,9867
1147,5692,1167,1467
5653,7206,8690,646
5387,4739,158,1426
5243,5945,3530,1597
6445,902,7650,1073
6387,9841,7626,765
9062,1066,2253,1025
1304,5848,893,2451
1540,2060,3919,7194
9267,2610,7841,4655
7349,7999,6081,2593
3944,9612,4190,390
514,1840,1464,6902
1681,9090,7667,744
157,9921,1769,1461
5769,2663,3913,7309
4724,7832,4504,3991
442,2345,8646,7792
344,4728,385,4289
4340,4575,4679,4855
6416,6143,1757,8097
5234,9424,8841,5391
9345,611,6852,5114
3274,766,2424,7999
8598,6929,1990,9041
9274,637,6833,9619
5366,7219,3909,9706
1795,8588,4562,8211
4732,6319,6309,9966
5744,5150,5358,5089
5762,2211,204,9037
2977,2629,7036,1575
9558,9026,617,8833
9664,7451,8452,5030
4670,2362,4737,6466
950,9299,4677,5683
5618,986,5650,1362
6137,1008,6452,1899
3219,6657,936,6197
9286,7972,7773,8844
6999,8390,7677,6664
5841,6130,1694,512
8492,6432,6978,9443
5731,1656,5126,1350
2643,777,2713,8780
1785,9165,680,5005
5822,1616,1203,5109
9589,8976,3953,6589
7367,1631,3253,3208
7762,4948,3721,6254
1380,700,5698,7111
2356,825,8462,4999
1602,1175,3780,3388
340,4460,8394,6163
6077,9597,1272,5667
8573,5226,2256,5940
6857,5509,9149,4619
457,2870,874,1838
3570,6572,8950,5927
7398,7412,927,9000
8587,4707,2389,8927
9168,783,5091,5246
380,6363,913,8954
1589,3170,4895,8447
8679,4044,3067,9137
6915,3941,976,486
514,9926,6414,7912
7338,7341,6913,5925
2049,9302,4853,1218
86,9944,6464,467
6308,7378,9421,7898
548,4317,6346,9227
8362,9413,8365,5278
3354,9341,5764,3868
9267,2179,1781,6606
9520,8694,2531,1570
7997,7384,2788,8084
7329,9252,8551,3638
6630,7973,1536,7178
2290,7882,6406,652
7295,4772,5931,650
4114,1696,4519,3381
3875,6300,9987,3395
4995,2519,4965,2993
9904,7753,1077,7233
7006,9628,871,3636
7601,2408,815,9892
291,7222,545,7587
1994,6476,8237,6108
8172,2757,9490,2047
9057,9478,5443,4053
1997,409,7047,1901
8163,8124,9135,5169
7753,7,8806,5355
2415,9622,5247,2707
6844,5793,294,8838
2270,8532,4947,442
1289,4437,2490,347
3915,7934,4401,5912
8343,1448,7814,6507
9572,6949,1676,7326
6956,483,2681,9372
105,7929,2079,6950
3722,2374,5788,5992
906,735,6435,2196
5173,8926,2543,9088
6860,6945,5001,5203
8393,2815,1711,7966
9764,3387,5292,6721
3871,7974,6093,3977
5903,8173,927,9626
547,6716,5619,1454
7451,2054,3651,2624
980,6194,1713,7841
3139,6714,3045,1533
9529,4756,9499,9294
8144,4792,6015,2015
2766,2108,5992,8669
282,6920,8296,830
3636,3915,2284,1087
5970,5935,3712,6951
2130,5425,4792,5270
2139,7837,6804,1669
2594,6303,963,738
1095,6978,2753,3861
9087,8746,2531,9369
5666,827,199,9302
4743,2484,390,713
8420,4103,7665,551
9529,2457,5821,1669
295,2626,3338,2889
8929,4301,3627,25
1280,6381,3886,367
5128,6418,9737,794
7245,9936,97,1989
2421,488,2702,841
4592,367,1392,4121
2825,7214,5790,3121
9840,9129,6010,8770
3430,9638,8795,4711
6020,2682,5078,1148
9100,4815,1943,6346
4752,2041,8335,7174
2529,1038,8015,7121
1406,9408,1243,4232
6622,7034,7353,6463
6163,3364,5233,9594
3002,4028,4305,9022
6711,9384,170,5811
4200,2114,2158,8952
4155,494,6126,6684
1532,4142,3806,2939
3550,5050,7171,173
2084,4525,6636,8247
7889,1869,7842,891
5898,2147,9914,2609
1531,85,8421,5731
2199,579,4684,6354
1074,811,3039,2607
4953,6846,5546,8504
1896,2718,8677,3981
7243,5313,2228,5132
7183,71,6024,3082
2218,5939,5691,3750
6024,4113,9481,8224
4693,4166,4578,5767
4977,7618,8374,9931
4464,3921,8435,6361
6639,7112,342,3882
2426,2571,9015,9609
2642,5040,2691,4860
979,8383,8610,7004
2496,8092,5228,7189
2258,9807,2956,7236
7426,1331,7167,1890
5252,5602,8252,1891
2714,8594,5774,5140
1166,4790,4750,3808
9830,7441,8669,810
5825,7280,7815,8321
5373,3044,5510,7631
2851,8467,4868,278
9798,2035,2168,5050
7638,421,6942,353
9015,2717,5494,181
7507,244,3990,7338
7686,2659,8149,3511
9939,5964,1833,5312
9008,7343,2944,1860
5811,7812,2138,5610
9848,4307,660,7486
4728,7603,7839,3743
320,3334,3925,7828
3578,7915,5166,1265
574,3315,4776,514
9279,6609,5827,8288
3953,8772,148,9765
6585,2286,5375,6433
6593,6036,3920,1321
3639,1760,5065,3960
5094,8990,1788,8673
6906,6954,9938,7480
270,4715,7995,9549
1325,3823,7837,5279
2595,7986,5044,9180
272,419,5613,6865
6455,9534,8187,95
1294,3252,4055,6389
2242,5843,5062,9148
2798,5000,6629,3068
9716,4625,2618,1041
8448,456,6320,1043
8442,1364,223,8714
1784,5837,5580,8240
5372,3767,8335,6666
7020,2391,3056,9263
8235,8118,8412,1033
3119,5042,4102,2835
9667,6720,3877,8116
7176,197,9159,5619
1562,9383,4333,3346
5221,9914,1586,593
3682,9922,7260,702
2314,316,9965,549
8435,8377,1583,1554
3419,5685,4390,3086
2406,8267,1203,9583
8464,363,5202,27
9746,9536,3373,4968
9450,4960,5562,3132
4883,2823,3834,7197
3139,3800,7747,1575
2177,9330,3130,5596
5016,7520,8683,7423
5788,9886,7006,4253
249,2208,4280,9996
1744,7654,4965,1195
2614,527,4327,7497
3350,8162,4694,6490
1962,2441,8066,4140
1772,1196,9736,6789
8717,8420,4212,4505
8307,1219,8759,8557
3427,3039,8554,5172
693,3519,6368,3308
4046,696,805,7397
8858,5500,3888,821
7941,1954,4961,9714
3150,4698,6503,1867
3119,716,6373,1426
1935,5133,9984,5363
8172,8538,536,8866
2057,6904,2174,6104
7601,2980,3501,6460
8480,7389,7281,6422
9343,2243,6136,2494
6942,2640,4362,61
3357,735,1488,5292
5868,1472,656,4041
10,1193,2908,2068
8098,5082,8172,5699
8063,1673,2159,6543
9063,9441,2965,8407
1685,9102,901,8627
1743,5263,8689,5100
5998,177,393,1867
1650,1049,5909,1660
2243,8817,3728,341
3900,1901,6040,1963
3574,8199,8506,2638
7641,1472,1045,9326
575,1946,7953,2318
7209,6642,7418,3208
6819,7812,5076,8469
8862,985,130,1105
9803,3859,1446,3703
5760,7486,5667,9335
5685,4174,1973,3326
5646,3019,2652,6221
4965,606,8539,2175
7248,5958,5384,4068
3770,460,2538,2632
1446,2668,3737,1249
6528,5183,4953,2288
2669,620,1624,8355
4794,3598,1682,440
6617,4335,6662,1583
4942,5202,3758,2190
1160,9142,6259,4931
9603,8797,7563,1050
1466,1301,2299,7995
6485,7253,284,9154
7873,1908,7510,2667
5506,9193,3108,2124
3529,9771,3707,8471
4973,7466,662,6133
6609,6922,1065,6212
5719,8628,7262,7186
9930,9562,5181,6415
6815,5465,5570,4689
7374,3080,7356,2880
2274,465,5005,5804
236,8712,4276,5209
6178,4939,1343,2787
1861,2408,9000,7581
1037,6263,4767,967
5826,9949,7382,2642
5415,2952,7331,2789
6033,4688,5670,8308
5153,675,4112,5390
9388,8389,600,5567
3328,1943,8355,5189
4352,7355,2771,5389
3619,7539,6357,9446
7488,3739,2088,2903
6692,9419,5693,2726
4107,1363,1034,9261
2039,5147,4651,1427
3536,5252,6994,6864
7195,5349,2054,1548
2705,4825,6938,6325
2365,3295,5771,9853
7035,7859,2757,3728
7279,8451,6454,1386
9814,7488,648,1853
2635,5300,3281,6171
552,276,3036,7748
5625,5091,9297,8331
9917,6235,4656,2282
9530,428,2135,6566
8287,4893,294,5566
3344,6748,6953,3159
4237,7602,5013,6872
2903,8294,3044,3455
8571,6081,1204,4196
1172,501,2528,1089
6736,7185,3371,6267
7613,5507,2834,5901
401,3128,1468,3745
9877,8422,6905,4114
6024,1918,987,8928
213,4031,2383,8784
113,3588,2981,1285
4089,5510,2374,826
2695,5746,7094,309
1253,9928,6211,1654
3057,7679,5400,2934
6101,2305,7049,2126
4224,8036,1054,4437
2068,3438,3222,2181
7027,6203,3466,1117
1713,5841,1943,4409
1588,9038,4718,2842
8966,929,4496,2024
8609,9897,4958,4711
2203,2007,6838,6427
44,7893,865,2112
1332,4087,4293,8359
291,7760,9476,2004
3602,1420,6414,5190
458,1133,8032,9425
2063,2529,1449,672
2426,6408,5383,4630
8416,2221,1057,8460
115,1922,572,1447
6010,4866,9806,6301
2627,9282,8306,6229
702,4720,1420,1161
5853,9452,586,7916
1982,2035,8589,4409
8443,3973,9039,6860
6195,97,5320,6310
2020,5893,7757,8030
760,7563,4331,3387
6846,2638,9617,7549
7359,1037,8710,3213
490,9296,1129,2472
1332,9719,6881,9776
3692,5921,6636,9887
6018,1956,6197,8038
7849,3954,6068,8610
1518,400,1997,8364
3039,1614,5913,398
2652,4623,3611,3142
3920,4741,5615,5252
4460,2497,5028,8153
8418,1664,8040,4437
3621,4238,2475,1471
8192,8544,81,9711
8945,2078,8075,1984
3693,3989,2383,6345
8613,5994,9488,2533
736,5103,7785,5196
7600,2814,3349,6019
4479,1390,456,8100
5628,2932,9571,3821
1476,9652,3532,421
1731,1608,2406,5424
5598,4789,1770,4211
784,1259,6745,1520
6362,4531,6717,3963
7345,67,9982,1824
1457,439,9925,7086
3371,9496,907,4847
9149,4440,5269,880
6049,7676,6305,1647
2465,8076,5859,3250
9335,2604,4770,5697
7135,1487,9661,4480
1554,9644,6305,3012
83,6230,98,3455
5726,1006,8302,4875
5447,3572,5756,1496
1248,2061,3144,3714
138,9003,6964,9473
1607,1735,5171,8742
3222,4832,3223,4777
4477,9528,7789,4560
5758,7888,8015,1485
8895,6318,6361,4342
9891,2117,5839,1140
4179,8983,4855,4317
7986,1819,3790,9593
3554,8962,8336,6777
3794,1559,1554,8271
1087,9344,2832,6846
7233,848,8332,6128
7167,4693,471,7058
6811,6310,8199,991
5294,3054,5308,3280
4873,9099,2874,8428
8061,1210,5206,1856
2769,6760,128,3857
6105,2961,704,3338
3809,9036,9467,977
3729,9938,8035,541
6249,6234,1532,1543
9289,6841,4823,4163
5940,7698,2591,4002
8909,7797,5859,1678
4558,5988,5536,663
8949,6240,4002,2759
5276,3469,3736,9006
3408,1772,9547,9657
8007,1080,1200,7296
7921,6024,1459,3862
3723,4051,7865,2632
1849,3725,4311,6407
9713,9847,7071,8663
6088,1073,1423,1364
4543,5159,371,7951
6932,9919,7609,4939
999,8810,2235,8920
4835,3695,2783,8558
7746,648,1190,9596
4373,5501,6003,4087
5349,3075,2750,1437
4148,4173,2802,8692
9333,3174,6644,6265
3093,4253,1204,4092
3064,3440,3013,7899
7136,5796,6458,4883
6444,7649,4479,818
3151,482,4905,8500
3558,7656,9938,7706
1829,2741,6399,1163
5915,3043,7428,9008
7297,8633,3100,361
2074,6114,8261,9210
1910,4720,4093,8355
2369,8572,9173,5520
9055,4079,4021,2613
1735,3959,320,3565
6700,6719,4729,2615
9763,2157,1624,7061
791,4724,7422,2865
839,5684,2075,2749
404,6169,1105,2774
4741,279,8294,3797
4358,2315,6411,6094
6275,6731,9660,2976
3451,4389,5591,3214
6547,7215,275,7338
1940,7698,203,2779
3383,2279,5529,3788
8448,6634,6562,3190
6914,4856,6987,1272
7172,3398,7367,3447
130,7027,6423,3581
1417,2015,6796,7964
9231,7072,5303,1172
4771,5507,3952,8154
7786,9482,1942,6235
6116,8504,9425,3030
3361,6413,4303,533
9812,1671,3981,9942
8698,405,3524,116
2421,321,8080,1653
7393,3384,2825,2164
8891,6778,319,6677
6260,2262,2913,2377
766,2339,5408,4128
8752,9712,4662,8564
1383,8644,8507,81
9049,2032,198,1471
2353,8278,3124,9746
1662,5950,1911,554
2728,2230,7232,8989
4492,145,1366,5259
2484,6774,9388,1236
6487,4050,9801,7870
2694,8309,7952,1744
341,8150,3215,2694
6428,6340,2441,8091
2290,4353,8645,5019
6584,5877,4008,1076
6023,5374,6336,8507
2149,5724,9744,8636
9774,9546,6506,2469
7856,4458,4213,8197
2608,7429,892,9037
3769,3334,7129,6059
7687,5775,1078,4272
1653,5087,5348,7676
461,1685,6184,2611
7410,5929,1248,7184
5475,7754,9654,3332
2213,3868,1530,4822
1297,2423,3860,5066
5757,989,1126,3445
6765,2205,7717,8418
7292,3066,6095,7754
4752,2280,366,2162
8209,1614,9347,3685
9368,9001,7017,1582
2869,8547,6405,4167
970,265,9233,6728
1255,360,174,8020
2566,7892,6439,9858
959,2534,7613,5711
4814,7979,7873,3024
9593,7220,6709,8962
6221,3727,545,9091
2274,6950,3258,3245
7215,2492,9974,8470
2853,149,6491,5419
8041,2930,5278,9000
5465,2892,4711,280
871,2584,3304,465
9805,14,9428,6027
3741,9973,5118,6016
6923,8377,9262,4139
870,9236,2610,3723
9385,9101,9143,7426
2032,4421,6427,7497
7313,1138,7778,8185
3723,1082,8650,3528
1096,8079,9555,4837
8052,4674,854,4976
3052,116,9115,3922
9352,1725,7646,8738
827,6789,6165,2859
1211,2592,357,8524
3731,8135,6710,7454
9218,5360,983,315
3439,539,5153,1492
5213,6007,6468,8265
6123,5584,2188,5476
7310,9834,4214,8137
6624,379,997,7835
2972,1355,6359,6703
9491,3069,4158,8709
8430,5142,9024,1870
5681,4178,3363,895
185,9831,9161,6309
5416,1349,1785,2726
1184,5999,863,7808
6379,1861,5643,9352
3216,2003,6055,2707
5073,214,1417,3504
5356,442,5374,1038
4620,8737,1933,4805
8569,1094,1114,3985
2444,2900,6711,3629
8899,7575,1437,5279
9436,7081,4631,2652
9084,687,5360,4157
902,6777,7661,6259
7219,3036,7297,1839
1774,9231,6645,344
326,7760,4329,2771
660,1041,6400,9560
8617,7837,4839,8053
4918,9471,706,4003
159,6066,8161,1062
2844,5822,7321,63
8859,4619,1903,633
3850,8548,977,4177
6308,5307,6948,6969
6349,3348,6529,4966
1186,1369,3019,6104
841,3726,108,1000
9792,8269,2063,2637
4092,9384,2700,2951
4004,4604,3585,7855
3153,4563,2032,9462
9870,8980,6431,6219
2328,2960,1186,3514
4329,4205,9619,5171
7932,9728,6172,7725
7997,8235,362,2089
7619,3063,5041,1624
7667,8626,9479,820
3189,1511,282,3060
491,6713,9280,2820
9674,466,6335,4004
4672,5955,9175,2604
5683,5347,329,3680
3582,692,5770,1202
3755,811,2826,1422
9438,2305,2243,2628
3817,2526,5688,4308
9240,4968,7129,8914
5435,3464,2919,107
9420,2095,2712,5103
7443,3041,8784,1025
3734,4555,2228,7489
5366,5055,8912,4805
7361,1155,7433,1178
3682,3122,5487,2922
8091,2616,1837,3526
6081,4756,3633,5501
6852,6346,605,4295
9388,9389,5321,3122
3944,7549,611,9311
2605,9523,4116,9966
679,1550,1145,4361
4672,6632,7283,2763
9249,9121,6290,5330
3878,9923,832,730
6270,1437,5025,5658
827,346,8780,4771
7895,9391,4082,501
8915,8199,467,9595
9750,1613,3956,4423
8245,1240,7186,7495
362,3477,2826,4240
3400,3658,4970,9671
5096,9995,5329,5923
341,4109,694,8237
3501,4777,8738,2417
2977,9206,2012,2728
819,5969,7151,9065
7209,4338,6560,7571
7815,9386,1811,1216
3045,6782,887,8141
6777,6216,4064,7118
326,4759,5356,3827
9536,4094,6245,2514
3301,8257,5242,4121
4226,2393,3186,1436
6731,9747,9008,4547
9133,820,5763,2178
7602,6650,319,4380
2866,4384,1498,3193
9143,6855,7021,8680
950,3266,1195,4251
1523,6437,8372,5750
8831,1559,7187,5563
1306,6195,110,440
7016,5873,2618,4619
2524,2938,8999,5390
7323,498,8584,6466
7353,5605,5147,8303
8871,6342,2554,395
2780,927,6146,1612
2486,3333,7175,3793
9529,7286,4233,6546
3160,6852,1165,5684
9790,164,1075,7114
662,9659,3580,8015
5264,8728,6319,4136
5071,8874,4531,7851
9801,678,9464,2288
4012,6639,6082,3541
3926,315,88,7086
7167,1253,2770,6958
1418,3845,4072,2080
3504,7653,96,8769
6381,6416,2905,1453
5290,7437,9305,5092
8116,8769,7381,2128
5409,3463,5670,9335
3779,5758,6421,947
7012,9192,7905,8430
3038,1978,511,6542
9631,608,5312,6013
7024,8218,7466,2315
5656,6772,7407,3772
5541,4789,5900,950
8253,1570,286,2032
7329,6708,2979,4341
5900,885,2771,8938
2863,3283,5481,2495
3891,794,8508,916
9012,5975,3231,4668
2748,639,8440,8289
5428,4341,9240,3681
5912,9526,5714,3241
6234,8693,7583,2135
9578,354,1074,2442
3638,6555,4937,7529
7350,3446,8445,6362
9422,1677,1031,2170
2316,9471,459,7745
3813,9700,1427,9725
9226,7141,2967,5461
5835,550,7596,5414
905,8670,7856,4544
5226,2794,2073,2576
6240,519,8938,5663
2197,9969,7834,4513
9441,8294,2259,3255
7994,3686,2981,7220
827,5949,2681,6663
6499,277,2077,7405
8948,9933,1949,4174
2728,4023,6751,8969
4543,5690,4632,6740
5659,2466,1253,5101
760,3513,8357,8754
7199,1338,5975,8027
7287,8656,4690,3787
8934,6767,1193,7883
6701,3143,2057,9429
7166,8809,8398,1709
4499,3031,8450,159
5497,9703,5260,6258
3217,3618,5013,416
4956,988,8443,2244
9645,3134,6031,8579
9901,7225,6463,6603
368,8521,6032,7534
7330,4431,9244,1829
7462,7694,1988,2960
7398,7249,9219,615
867,4232,1032,5824
5221,9476,8068,4866
2610,4100,3446,2511
1325,9909,9114,1694
8430,5147,9228,5760
9578,8473,7590,7041
6168,9578,2,3566
6828,9221,4182,7695
3454,5214,3519,8675
4691,1588,3541,7301
5689,6988,9813,7014
6897,8927,8708,5328
4075,7937,1088,3654
6411,8679,695,2579
8257,698,6146,5085
9919,329,2781,3373
5544,6301,2049,235
7890,5590,7536,3579
2579,7349,594,9476
6277,9303,4804,353
7241,5893,4007,3652
4572,4703,6232,2830
5401,2378,7916,5321
2708,697,8695,8252
6999,744,8487,4889
6335,6024,8468,8914
3373,9062,8391,9651
8366,3196,4,5607
9089,4011,9259,3662
8715,5491,6493,4117
7870,4409,9438,578
5107,8133,8831,2107
8878,7318,6996,5213
3342,5465,4128,6716
4528,2519,6367,2894
5715,6372,8501,4805
383,7761,8468,9099
3253,4961,3216,1123
9371,2654,1702,4479
788,533,6586,9666
7852,3583,4880,1195
9049,9008,7912,3577
1528,4279,6472,7243
651,4973,2048,1035
2734,517,135,5987
5478,3351,7111,4850
6006,8814,9329,6795
9348,5916,6462,7200
9499,1342,8396,8548
351,6308,2126,1879
588,8598,9123,1240
3572,1172,2276,6306
1689,2411,2294,7167
5762,9406,2017,1769
8220,1347,8564,7568
7263,5026,4769,6762
6369,3165,5311,6720
9474,7438,8600,62
6036,7723,1302,9608
8895,3578,5915,584
5990,8210,7752,1753
7616,9770,3522,5837
1117,2086,3406,8381
7113,8176,5144,3482
1342,455,202,816
7893,8802,879,3930
6526,2181,3538,5421
5760,9454,6006,1750
7664,3758,3503,5281
3529,7026,1118,4647
9112,4525,3028,6226
2701,8172,9708,4044
8628,9911,4860,6521
8714,5739,451,5240
7921,3990,662,3682
3444,6668,5433,1109
427,8937,6390,3956
5963,7509,8603,5076
2034,1631,1302,4736
9804,1011,8780,8432
922,3641,4953,9636
9381,5405,4877,7303
9396,5539,985,2841
2207,6419,3950,2635
5356,340,6591,1320
7850,5195,6396,9884
6827,7699,4621,6631
8711,3402,5063,9633
7043,17,9270,6424
5423,4148,3728,4820
9687,4713,7661,1895
1132,1611,4531,6489
1952,1122,7809,9802
6318,4206,9687,3145
1906,4308,9777,617
7711,4841,251,4754
4858,9521,1179,282
3670,4907,5102,3358
9621,2763,5253,754
4375,9784,7243,6327
907,5052,6129,7226
9259,5817,372,1165
126,149,1782,7837
4990,2034,2591,9849
1556,3771,131,5226
8679,5233,8584,8300
7996,3838,9055,2371
3622,6298,8699,4530
1351,4829,1756,610
646,2128,1776,772
2278,3559,8609,7268
5593,1201,7118,7149
4973,7249,2375,3652
2482,959,1953,479
4797,1008,2850,8420
7306,1550,2951,8658
6379,4708,9269,7025
6836,1045,7797,9115
4604,6407,6384,198
7608,3502,7347,2581
751,9723,6234,3234
682,8187,3713,5480
9195,6564,3901,6502
8114,6852,5160,4493
1561,4429,1518,8398
5475,9316,7513,79
5723,3897,277,3332
7399,7625,5913,8151
7348,2148,1385,8031
335,5098,3512,9531
1662,7414,6033,9776
4267,1194,4270,5828
5624,5788,4226,1099
5105,1739,1179,829
5637,1457,4161,3036
9083,75,1188,6431
2223,2573,4463,2558
7672,7975,2089,9334
5389,8123,9111,9656
9318,3381,5484,4942
9170,9710,6042,4275
1450,7222,5104,7087
8679,9266,124,7762
9341,1312,4194,1564
3885,8657,4123,1558
6632,6213,892,2022
4337,4,1678,3655
3385,7163,8598,2555
6873,4640,6831,8324
1862,1936,5411,542
1202,5535,8305,543
6848,2499,2108,734
1156,6231,2292,7789
2444,3184,9811,6782
3188,1489,437,6574
8652,9035,9130,5526
3676,5962,3851,5539
7898,9262,6081,9100
4798,4386,9644,1646
6886,1752,2380,8042
7983,4673,5832,428
7857,5643,7210,1046
7133,7648,7621,5786
6684,6752,1313,360
2714,5164,5899,612
4426,1980,9712,9225
6367,9357,871,3253
1109,3252,1296,9093
7925,7128,9521,5783
2771,6732,6830,9905
4381,4451,5691,1065
1204,7004,1425,3918
2168,7325,4530,6595
9306,4243,5820,5673
3600,6691,8927,4709
9944,223,3802,7869
7352,3324,3653,124
57,483,29,4438
4935,5720,5504,6139
2724,6929,57,4893
4254,4588,1488,3560
8831,7308,9234,2432
3999,8161,7142,3944
8385,945,1813,5738
4270,5467,5862,4328
5950,5891,8767,885
1611,4271,7025,4336
1201,7083,9229,5456
1671,717,9017,503
8025,8251,2935,2025
6413,78,5970,4799
1023,7783,537,5294
3250,6399,9622,9201
2290,8389,87,3902
2660,7112,8238,3861
4195,7468,9318,5867
8185,8335,6370,6211
6586,9306,8237,3000
9384,4207,7799,408
1991,8337,5703,5242
4736,5325,4443,7027
3715,4531,929,6376
1644,9168,238,5840
6637,9556,1707,4822
7891,8077,1034,4477
7384,9272,7478,6769
3479,5277,7178,5471
3614,2881,713,8351
8207,5157,5378,1922
9688,6308,8298,1332
5477,8536,7172,2114
8093,8879,6937,5984
6957,7972,461,4342
7244,7939,1111,723
3217,8289,6195,6832
1170,6908,5183,9378
2066,562,1300,1754
6870,9599,3087,2348
8136,260,4462,6229
9140,1400,2213,6097
9372,2675,439,6616
615,1551,7340,3833
9840,3535,665,1011
444,5849,389,2510
6411,1690,4264,3282
1290,7352,5630,9426
7612,92,5656,6752
1492,7870,2850,864
546,3289,7481,1161
4840,4821,4995,4681
8356,5660,5692,8800
1509,6082,1310,7921
7773,5575,1203,9063
2927,6833,8490,539
6926,4146,7291,8419
2017,141,9284,2563
3431,6765,3725,8272
1586,8720,2953,9943
4381,8646,8743,5891
4729,54,3812,2502
5629,5016,1565,8557
1849,56,9096,8776
4203,6388,7195,6220
6529,6479,8783,9961
3244,2509,8233,4831
1230,1187,4774,5611
9834,3517,1503,4563
3572,5315,7066,9202
332,8632,7759,2181
8688,6855,957,2891
3243,8153,9111,9773
4632,7895,9734,7877
405,7968,2708,1635
9156,7482,7246,8990
1000,8749,3554,4572
4065,621,3774,4397
9253,1533,6579,7941
8389,7537,832,1632
5690,9944,1406,322
7840,1140,8199,8245
9109,908,9880,8265
8390,7127,7256,9390
5877,811,3963,9943
1432,7738,4341,685
9272,921,8627,7661
8458,9460,9294,4148
9404,700,4471,7244
1841,2671,5490,950
3579,5371,9216,1970
2498,6473,1361,8376
7285,5324,8319,8717
3063,2660,9403,2335
3581,8030,9997,2040
7490,9291,6189,6895
9992,660,4140,1833
3332,9630,2784,6912
5001,2001,8882,7500
8474,243,5876,5759
5568,4195,4477,8631
6856,3881,967,438
1912,964,2478,9402
256,8668,6298,248
9328,438,2082,2661
69,4867,9573,5070
6868,8455,2570,5343
8698,8447,1103,4267
2642,5581,2899,9499
9462,3866,9938,1374
4831,2416,777,5088
1084,7075,5337,413
7514,7420,3074,7583
2287,2648,2654,9156
1103,5225,4500,9802
3672,5603,4069,6315
1184,6969,5814,647
835,5752,2021,5667
8169,2799,756,9254
9875,6093,9668,7389
3513,2743,4973,5801
5391,7627,4957,6495
2852,9457,6297,6525
5061,367,2840,6246
7336,8654,6893,8172
4407,8915,3840,2576
1714,4596,1831,1590
689,1499,8979,4203
4243,3952,4,9634
1580,4961,6129,4433
4418,2427,958,9480
2794,3798,5726,131
2453,2619,8303,6860
1534,2143,9437,3249
6740,1269,4839,7429
2769,3819,1632,7012
7772,1637,6646,9352
6598,2776,3786,1017
5203,4744,497,7997
8543,6223,8128,996
8843,6432,7857,378
8576,7295,3628,5316
8564,8467,2746,1333
2287,4379,8345,59
6016,4992,9412,2614
7768,3198,3632,2971
7943,4129,969,6486
353,9098,7483,9196
5531,5340,9575,4107
2635,3203,9424,1200
1670,2170,2533,3958
6549,879,4017,2565
5871,3430,5179,3639
6628,8812,6611,4572
2941,7581,1059,3295
6680,8542,2492,2211
3883,2067,6318,6519
5270,5742,7719,6941
7913,253,899,4462
1132,4916,7027,7003
8346,2207,643,4975
1019,7255,9547,3961
4836,607,7256,1516
9149,9748,3727,3033
1815,46,9552,7085
5789,7271,4026,3702
7524,4925,8165,8657
9842,5192,5660,8189
7400,6304,3164,8419
3559,2712,2381,8396
3319,9637,9912,2469
9386,3640,5502,1202
3686,5054,8287,9476
2326,2314,3179,9851
7240,1344,8508,7082
6537,4169,5272,3937
473,8436,2357,4033
1149,4739,2429,4469
4376,2341,6938,3763
5982,2440,4965,9669
7495,3253,9145,9821
5568,2325,9672,2808
3669,8181,9891,207
2350,5163,4145,2824
3600,6503,6857,4749
1242,9287,9218,5619
1629,6156,9382,7611
8597,4347,7280,6092
7601,6426,5914,3169
8751,5587,5977,2421
3768,5869,2629,6119
1032,6774,8944,4633
3277,5802,9382,4519
5089,8601,138,6718
4758,9521,4330,3355
3869,1611,9448,1470
8038,5363,4640,6790
950,617,9211,4719
6487,1841,839,7519
8615,9783,2153,1893
5586,1535,6413,675
136,6552,7394,4895
6073,1725,8251,9943
3336,7699,1413,1374
3063,6053,8164,4013
6671,7376,8733,3159
9217,9572,678,7833
9356,2832,9726,4942
4367,6139,5618,4504
2692,3012,9399,8765
4738,7650,8708,8074
5350,122,9448,8413
6176,7613,2427,2848
4989,1160,6007,4207
733,6686,2040,90
9518,1767,5033,3886
7907,651,8390,599
3664,7790,9365,8402
5441,8074,6477,791
8196,5926,9205,4373
3539,1632,7221,8529
2793,3229,2736,3527
9915,4777,3617,9434
6544,8651,3320,4452
9302,1710,5051,2967
9501,4417,1369,4942
2491,7847,5733,687
3773,4938,5061,7312
6571,2283,5842,9364
5512,8579,2892,5428
3356,6510,4862,9901
5161,8182,4353,4463
9893,9405,7431,9394
3822,8800,4336,6313
6647,70,7001,421
5009,2062,7733,1580
4345,3576,945,9857
2155,3837,5285,5511
347,148,5413,5509
8330,9766,9972,8223
9172,7403,7618,2994
6204,1955,9308,2852
2025,6309,3274,7035
8372,1008,8615,2718
4584,9561,2575,6739
3399,7861,2251,3747
8009,7664,9256,6340
7431,9229,4564,6603
6633,2182,9598,2838
4138,8906,5691,6164
5216,8965,3199,3588
9973,1815,6306,4557
1376,8882,1296,4776
6744,3548,8523,4754
1212,7779,1095,8643
7009,5659,5246,3642
7842,4844,6480,1980
3751,2171,8144,8967
1137,1343,2556,1110
3159,8863,5667,4535
7746,6964,9312,4491
512,7835,9246,1724
5615,341,368,2624
6001,5614,6267,3843
459,2748,5824,4211
4920,3969,3179,6057
5313,5735,7167,8472
4599,2835,3008,2346
9799,2320,6837,312
155,6084,2036,5771
6425,2404,8396,2426
8019,4663,6270,8479
7412,2094,2690,2332
6063,5869,8389,1376
1605,5557,9849,6204
8392,2857,8551,8191
5177,5389,8503,5333
1473,540,1105,7899
2945,9501,325,964
4165,6596,9444,1577
8691,2134,3909,4754
8003,2299,6131,9608
7856,5981,5813,6248
8838,4364,4440,4016
9754,2944,9349,1227
3485,454,9126,6430
9956,9452,7395,4121
6048,6839,5698,4739
8973,9608,9494,6977
1907,5626,6586,9764
1607,2399,6013,446
6764,453,4462,6518
3398,3812,7746,6883
4267,6873,3314,4223
6325,709,8344,2374
7549,4043,7113,6522
3651,6608,3500,5559
2234,86,5324,3842
2486,1337,4288,9250
1791,8750,5769,5189
2562,3516,2073,6829
389,5387,1053,6714
6096,9397,9088,3645
3441,6202,168,7093
2810,3668,2653,5045
3755,7977,8887,6241
9314,3175,5492,1106
1925,1262,6296,4488
4778,8369,1318,5168
3756,2371,1883,9853
1769,972,3499,5210
7174,3668,2303,9985
7337,4957,5030,1092
2934,3917,7334,2249
7093,2826,3355,9018
4088,9652,3507,8867
8021,4825,4035,1778
7197,5919,1632,8966
6891,5132,4177,4066
8800,6481,4051,6137
1438,9081,7230,4372
2999,4564,6622,92
7391,9978,9111,1480
9630,2618,347,7652
7444,4383,9430,4641
302,1063,3608,7194
6195,7785,1260,4995
4266,5311,1133,5704
4393,8364,77,7392
2928,6700,7485,319
6678,6596,1800,6309
9215,2147,3961,6660
6531,3392,1302,6834
4455,4910,4028,651
2696,5288,5646,6963
599,6780,2667,4992
5144,2745,2385,8072
9446,9870,8392,6125
6467,192,2434,5683
2340,6396,2343,8872
9789,3645,5706,4245
8556,9734,4896,1252
5022,543,8215,5622
7323,883,614,2467
3629,3000,540,3075
2871,8933,9200,9338
9126,1635,5022,1467
8031,7365,339,7821
1011,6045,2066,9568
5780,6962,820,802
7505,9036,6424,4828
9920,7039,7296,3550
40,7836,6626,2911
6770,5827,2250,5896
7462,7272,7363,5494
4638,7703,3315,5649
3748,5381,5217,9528
2344,6038,331,9849
5075,6756,4678,4996
3795,1974,8546,3835
9810,5172,6747,6581
1000,8997,2477,8462
6269,9841,3957,907
7544,7272,6557,1293
2654,1774,822,4998
7813,1153,4847,2889
7909,9525,7885,1705
1499,6431,5541,1310
1604,2288,7892,2604
1285,369,1067,7555
211,5024,8463,7755
2297,5020,9049,4951
6795,9871,9949,4608
1024,4797,7497,8934
4323,5383,639,5822
1814,6181,7133,3419
8469,5025,6024,9755
5395,7091,7310,5606
2116,5773,3362,4413
793,2412,9365,7589
2283,9314,2197,3308
4112,9695,2242,8435
5078,2882,4257,6893
9063,1391,313,7533
6417,6337,7288,1813
3429,4598,7419,5546
372,782,9959,1165
3194,9324,8754,5478
8639,952,8786,2751
648,1028,1186,5726
3911,5444,2620,2975
6836,2933,508,3254
9271,7796,5067,2701
2395,2487,8247,2767
3270,8207,3932,6464
7532,2687,1942,6172
3640,729,8923,4288
1757,110,15,5669
5555,2636,8644,2392
5569,9152,5646,4841
6949,713,7542,9344
3200,5790,2111,6470
3997,6044,2935,1529
8732,4878,7702,2372
5607,6626,6661,7365
6736,6676,3034,2292
9312,1679,4684,4882
832,331,9723,7781
1044,7266,7125,4245
3056,9236,716,7054
5280,3652,8584,4012
8530,6286,6385,4138
2912,3046,1504,9649
9723,4539,1941,9036
6218,6626,3918,7050
6957,3642,4831,8002
908,1956,2248,3965
1193,2965,1019,6474
6617,9603,487,5148
5889,6872,9287,8801
9919,791,8450,9642
5330,392,8678,1548
7018,2597,8599,3976
6239,3430,1979,7148
5387,4228,1113,6580
7193,2132,3055,3811
1736,3542,8959,7625
415,8246,6427,334
9037,4877,9977,4368
5270,8655,5916,2289
1253,4516,6266,7493
7946,8245,4641,3334
2473,5755,9915,9667
7887,2970,3478,9623
6512,2438,7249,6927
684,3676,7262,9722
8554,7239,4091,3825
5894,8,6114,7148
4524,2380,4641,2470
626,9282,5805,3100
5037,5720,2767,2925
8690,6246,2549,5203
8684,9798,2130,9369
3475,9392,9092,2030
6631,3183,5855,2526
3191,1969,9674,7716
4350,4316,186,4976
3598,5992,8076,8636
1712,844,1562,402
7090,4111,5605,5775
3910,7736,5144,7386
7128,4237,9416,3760
7420,5271,6287,612
7241,5962,8328,1591
278,8515,6568,3877
4507,4645,2514,6219
5490,4076,6622,2580
8188,2227,8356,2099
9964,3501,9485,7093
7738,8902,853,5159
4173,7141,5771,1415
3103,4100,3007,3382
2616,9575,7259,7123
4221,9774,3343,9711
3850,9965,2292,2038
2193,648,4137,2157
4149,3623,9251,1887
2525,104,7047,6699
7246,2818,8114,349
6919,1122,3731,9535
698,991,6659,4919
765,2,4631,4616
9968,6923,6655,2162
7572,792,4320,1721
4415,3571,3609,6941
3676,656,3640,922
3475,1755,1271,395
2877,5003,9930,3575
5995,6589,8495,6761
6592,3126,1377,6560
49,8032,8722,7622
8825,3042,9343,3241
6614,2953,182,290
3610,3822,1212,7086
5578,2484,7481,8455
7488,7412,2031,3483
4001,526,244,594
3652,1622,7155,3702
9655,5877,1324,8480
8920,668,1722,5535
3621,1904,5825,7232
5727,7037,4318,1305
9521,1800,9760,7009
9212,1791,493,3213
2318,738,3808,5971
2360,963,9673,2015
6841,998,496,5762
1666,2218,1297,5288
4122,7122,2520,9850
4159,6839,1156,3681
8639,917,691,7851
2709,1184,1065,5027
1922,4873,998,4283
5837,671,6299,2678
1670,6795,8440,3336
9014,9737,8625,3137
6860,1146,2987,1019
7985,4143,4701,6625
5060,5393,4477,7769
6577,5543,2797,8500
417,3795,2784,6254
4467,9083,8932,6137
5879,7372,9474,4893
7110,8099,8031,3970
9245,1018,4990,7231
5162,9692,3857,223
5085,8334,7993,1662
3877,790,163,4294
4586,2947,548,9054
2031,9481,5191,7911
6853,4666,2805,3964
2766,836,7934,2012
1854,2925,9243,7017
2617,3100,7240,7702
1435,5234,9365,5313
6024,9529,9607,611
2476,156,9665,4508
9637,4857,2419,6491
9523,5224,455,2289
6061,8390,4302,7916
1316,3545,4933,3933
6646,2174,1636,8082
7408,1002,3395,3433
531,3002,4044,3008
3158,3710,7516,2796
8567,9936,9287,8091
5161,9743,381,1222
8134,4683,9138,9450
8228,4072,3384,4875
6246,5020,2957,3654
6023,6352,7088,6554
9355,1132,9562,2514
4842,7079,5310,3410
7015,4598,1501,2177
4342,1882,3400,2476
6565,2538,1927,4794
6610,5311,9670,2857
332,2627,6512,6355
8980,3600,2909,8336
4733,2471,850,9576
9550,6161,2986,6566
759,4488,8743,5101
6370,2143,7578,2936
4682,9505,7731,1293
4816,7401,4150,5149
28,663,1504,9009
4263,4414,7345,8997
6886,8196,8573,6437
4357,1560,3004,5117
6048,1747,219,2419
3891,7797,5356,8574
7302,3087,9868,2119
488,4019,7269,517
4682,8774,9527,8946
3188,6872,7943,75
5068,6517,6512,9426
8078,9516,4543,4127
1264,4762,6546,5156
2559,1903,3731,9862
4990,3599,1982,5479
7618,9251,5996,2300
8025,5523,1246,1214
2396,9190,1289,7465
5707,7802,6891,3785
7319,1434,7913,8583
6197,4459,3740,8757
6363,7471,8619,1353
1070,602,6833,8688
9854,2830,989,7880
8354,2236,9094,750
1426,384,8216,7134
8187,5107,920,5506
6542,8833,4089,2739
3293,7830,1496,9656
5301,116,1010,6371
718,7843,5059,573
673,6049,8453,9027
8285,7548,9778,9711
7932,7994,6846,6119
3101,7767,1626,9644
6600,5716,2383,9894
3546,3879,9550,8847
3996,560,5218,4714
8404,278,5287,9077
6327,3741,8105,4613
1289,7883,4325,9222
5878,1171,5342,8979
8938,6968,8623,5539
2684,1007,5433,6230
4887,4983,5077,8883
5544,296,3598,3949
574,8886,3026,6902
2627,1132,1515,3917
9016,5840,3139,4894
7012,8481,3874,5951
5449,2498,1490,8134
3505,6923,4364,8392
1907,9442,7276,7452
9738,874,1401,313
9761,4428,7216,2388
5560,8732,6305,4577
4573,9445,9471,1585
7926,3345,7537,3376
5843,9027,1510,9349
5951,5875,7742,7859
5317,5018,5311,5056
5893,6713,5370,5654
1142,2587,8043,6703
1319,4348,1280,5893
3793,751,7478,1720
4097,5016,5096,9941
4043,6606,9291,9995
2482,7033,7854,7800
2051,3166,2856,7945
9879,8227,3599,1022
814,1642,7725,2134
5991,9005,8027,9784
9757,5506,1504,3855
522,6601,3796,4566
3208,3087,4561,5690
121,2415,3490,2173
5582,6347,118,5462
4574,3717,6484,5389
5359,4209,7524,1350
3215,5551,1135,2972
1058,2640,6827,1580
9241,624,6147,2450
3712,708,8140,3833
3124,1630,6007,8706
7978,6125,4168,2552
9842,653,7942,5202
4862,5466,6553,8077
1018,7688,1050,2076
329,7878,3657,9571
8502,9804,2021,2215
512,161,6049,3637
1792,2056,2343,9770
8181,6512,2323,8024
7165,266,3227,2028
5732,9780,106,6750
7469,1157,8826,7799
9035,2483,7370,7538
2288,9391,9753,2800
9553,5802,6438,1346
7859,8782,1117,6041
5294,3441,4065,2460
3707,7293,4489,9440
7073,4596,6190,4543
5753,5017,2342,4788
7501,9713,2326,9789
9105,2080,2590,8659
7883,9028,5,5742
7810,1123,1783,3105
4565,5849,5565,8273
3142,55,7713,216
4651,3903,4760,404
8920,7102,5193,6421
6816,7520,6211,5921
9600,8801,4580,7484
7829,4586,3226,5639
5710,5010,8744,275
860,4310,8548,4002
4366,6261,4219,9017
165,8979,9422,9086
6082,4615,5508,2898
2135,1719,8820,1735
520,3400,9219,8349
7987,2446,3989,3697
7457,2734,3972,8317
7045,2521,2320,1411
8783,6539,429,8948
5519,9851,8034,1602
4466,3542,4501,6601
5261,3321,8337,5782
6722,7557,4132,4709
4,8122,8406,7461
856,2379,5778,7902
4900,8098,9313,3684
4638,9742,2632,158
9594,667,1760,4060
4209,6262,661,9471
9583,8999,5254,6306
6557,9386,1015,6561
7508,9422,4022,8365
1802,9801,6268,6703
7900,5582,387,2538
5325,3019,2697,4919
3686,4457,8979,7896
719,9641,7368,303
8641,2622,6610,5198
2009,7625,1759,9518
7048,5782,7884,8851
5583,4152,5554,3484
9734,5941,6022,5059
8961,8719,9978,2648
3177,8957,545,3897
8599,7913,4201,7240
536,811,2438,2545
8437,4198,2064,5485
9980,9948,4336,5564
4100,9891,9048,3834
5832,5071,8894,4794
3791,8872,7442,6968
7830,7987,866,6429
5901,5067,3670,6437
5878,6108,8983,4315
306,1047,9801,287
996,4138,5852,5096
4029,4900,8931,9862
9971,7825,4656,3763
6697,2099,732,4528
86,1598,958,5987
6665,4628,2425,2544
736,1409,6859,1043
2457,6661,1331,3453
799,7183,8550,4829
2083,7481,4691,2055
5306,9348,5819,2004
1447,6551,6533,1534
8149,7491,7522,4814
2119,9947,7358,2856
1357,4218,3900,3814
879,5231,7267,1679
2414,5817,6508,4498
3299,1200,6554,8606
548,2373,611,1996
8924,7144,3530,7073
4635,1052,1888,6755
1000,9247,9611,2357
3466,3511,6172,4346
8743,3440,6025,1157
9257,2534,5656,2557
3735,2210,1163,4284
4584,1775,6280,3508
8919,9811,582,3555
864,2471,311,1865
1719,9923,4222,5185
3434,395,9532,2178
3835,5558,3335,3093
8092,8992,5650,1828
1203,6814,6112,5787
8589,2393,9296,7509
2204,9879,1065,3068
2350,1376,4933,4070
1299,9156,9256,4734
9551,8788,6912,3387
4346,248,6480,2439
9240,2131,4268,444
8945,380,6231,7535
2773,5527,5045,4977
5406,6110,8046,7757
7487,2980,1828,8787
2136,1084,3522,1688
9872,434,5075,4219
683,1556,6659,9924
3687,927,368,2633
1307,6599,169,4081
2127,5214,9059,7534
1325,7105,5292,8813
86,7120,7600,2222
8204,1122,3911,8077
1557,8987,2297,2240
543,8956,2164,4231
9883,2533,6865,1191
9133,7034,5273,1260
2248,4332,8795,3574
1438,4087,2387,1524
1208,9987,3747,9412
1110,7659,7490,2667
6646,9787,4908,7190
8744,7073,1421,8628
9606,8286,9820,8739
5321,5093,1,7570
9426,8795,1144,864
2883,3531,2389,4091
3519,6137,3504,4630
3796,994,7298,442
782,2206,7633,9527
9279,9054,8155,8885
7341,7975,7625,2662
3069,7625,232,2495
6420,1377,3360,9304
4909,5749,3395,8429
1886,6899,3059,5682
7894,357,6125,8677
2563,3759,8204,1843
2814,6359,729,155
4335,8354,2818,7405
5979,3051,9900,2400
4428,3261,1704,9337
9010,5100,7766,897
1999,826,6580,9893
1183,2705,8570,3747
6465,6775,5590,9279
3135,6319,9434,7471
4674,2253,4876,654
5304,4777,3054,9733
8038,4759,9070,7048
9859,6837,7946,1858
7663,4526,1752,8847
7232,323,2595,3697
7098,8185,2976,234
4505,2411,7705,9179
4664,2581,9833,9969
7358,2888,9702,5397
7647,8773,2446,7507
5610,392,9366,3274
4918,1119,2122,2150
1442,4717,5847,8541
2902,8824,8775,7408
1235,6480,6588,5899
9062,6422,5869,6421
9310,5571,1818,6958
4344,4264,4466,9955
4656,3832,3229,9575
4951,5351,1725,6394
68,7573,4936,2971
6397,3712,380,7633
193,6968,3533,9255
3391,9402,5676,2701
4973,7495,9660,9317
1759,4126,9273,6416
7959,2502,5991,2911
7854,7717,9305,7923
5291,4242,895,1689
7954,1275,9322,8147
8244,2855,7403,1635
2258,3079,4337,7231
575,3998,6549,2334
8125,5822,8751,6084
8325,4743,8996,6179
2461,8302,4102,7752
2544,4997,9441,498
6273,8764,8646,4518
1620,6049,6153,3878
9129,491,1109,9704
4489,7659,2039,2615
3481,790,8699,1806
5534,7696,7986,7995
5998,2089,5747,8542
7087,5189,9041,3360
3954,7687,7878,5574
3736,4032,9452,2865
4524,562,2570,9013
8222,4609,1628,1703
5400,328,3510,934
8024,1497,8929,4022
3586,4677,2565,674
9866,1606,4034,3820
9294,1913,9395,3030
5946,8848,5896,470
9410,8467,9484,7632
3076,1113,9336,8476
1441,2847,9410,9466
4344,8340,3489,7931
3017,6054,8605,2884
7661,2640,6705,6955
4554,6100,9986,501
4948,5883,971,4359
4350,456,1992,7426
1569,1328,5903,3011
4176,5314,2478,8521
3654,5967,6452,6671
2022,5058,9556,9684
7699,6261,6639,2253
2361,6626,2754,7309
2509,3726,1668,6859
4182,3661,4286,5752
4989,189,8763,9166
5504,1241,7687,9158
7209,4140,5830,9232
9198,5386,8916,6897
1647,5556,9151,4008
2182,1905,1318,4692
5632,2987,1552,9814
6648,5838,5566,1638
6028,4330,804,1532
5572,8491,690,2781
2631,6521,2014,1830
1907,930,8728,3554
6487,7879,7563,8670
9785,8881,3362,5417
1869,4914,5231,8517
753,798,155,6781
5128,960,8314,701
9451,9005,3482,2083
5526,5497,3914,7433
6428,2642,988,2915
522,8552,1585,307
7434,4948,5725,9303
9863,956,7820,616
1755,7976,7397,6884
8937,5712,7585,8389
4717,1068,473,243
6565,4387,7677,2993
7030,8666,5909,7552
7218,7495,7860,4652
2443,3585,3955,2306
4542,1776,2923,6298
9753,321,3182,8690
6033,768,7079,750
1836,7552,993,8402
1940,8671,1396,8970
7337,7305,6523,4555
4800,4384,9208,7244
7969,3164,9551,2512
4941,2474,8810,4694
2795,1993,3385,8828
2761,465,9579,4598
8017,573,3001,9958
9244,4397,8928,6581
1702,5452,1137,6503
9836,346,3748,7806
3510,3300,318,8451
5774,9129,3146,8570
1122,6531,7399,3884
6996,6979,8482,5014
7552,1483,4972,6796
5881,3901,3378,7584
9354,4516,4087,9190
4862,7836,6997,8373
1136,7315,6824,6911
6444,9970,5482,7567
6501,2882,1451,3498
