2000 4
4661,9722,6338,804
9759,2624,2973,5432
2668,9213,3364,4780
390,5725,7179,9660
5048,404,4788,8522
3935,5226,9405,4120
9934,1331,5983,1485
2680,6648,6975,1431
5377,4387,3304,9941
5573,6864,5513,4698
5695,3596,5415,2637
8307,1849,6826,2586
625,8012,6685,4138
4176,3725,5409,6870
15,9297,2231,8039
2051,2637,8243,3538
5751,2307,8701,3406
9992,3999,1581,4122
2610,5246,4186,6306
1563,7177,6907,7614
5100,7271,2144,2263
3937,7184,4098,4011
4499,3031,7963,6710
8668,8466,910,2733
3603,5164,3836,7326
4786,6205,8830,1333
7619,7498,2356,3815
7318,660,8346,5151
1930,6385,2830,8935
7311,7333,2603,4413
3909,5576,3586,5572
3076,6616,6780,4004
7664,6255,1639,5875
8494,6669,4027,302
4920,3059,5406,5207
8636,1934,7456,4473
4410,2718,6153,5866
3985,336,7820,9577
6762,4216,6198,4017
6182,3125,3553,6151
9320,4552,3034,3136
5138,6063,1889,5047
2821,7395,2197,4628
7319,3075,4110,6898
2361,8233,4633,2695
4306,1728,3598,5137
5555,4792,3823,6742
5240,2267,6425,8447
946,4800,7900,6170
3873,4469,4514,6379
9866,6080,630,1645
538,4380,4273,7872
7960,3965,7851,1185
3114,8912,4134,6304
5860,3908,585,7616
6918,4552,3234,5931
6201,2878,6061,2617
1466,9956,2933,8668
7121,5443,4302,6462
6476,3500,5076,2285
1544,8674,6434,6856
5656,694,6608,6540
7423,2310,9104,2425
4503,6699,3869,5421
6585,8695,1217,4373
7551,4396,3906,4943
5568,6769,6517,789
9692,4673,2021,1326
4382,3702,4758,5347
2977,9829,3121,5465
2279,5467,9533,6871
5545,2812,722,7165
5399,5938,4473,2729
6616,5173,6309,4386
8338,5769,2544,1057
2470,9897,6555,574
5005,8779,4945,2839
5645,5852,1510,5811
5660,4308,8013,68
2082,8387,1710,8488
4043,1938,7383,8534
8938,2269,4950,6874
3929,5281,1485,9190
5840,6935,385,8186
4925,5744,4339,5111
2203,8054,4590,7260
3995,3937,7914,6939
8100,2369,3606,6581
3088,2668,6659,4144
5634,2096,8558,5045
4498,8933,1893,3726
1008,6706,2357,8386
648,5414,6262,5872
3153,9758,5743,532
8128,2848,3051,3049
4698,145,9275,4996
2658,4474,3031,8504
2249,7133,5943,5176
7316,4520,5943,3344
5745,5704,3800,5527
1368,8284,6684,2489
7583,6267,1789,5478
3890,2329,9856,6682
651,7393,7895,5746
8537,992,2498,8819
3977,2073,6382,7304
1716,307,9196,7403
2969,6050,47,9436
5966,7526,5118,2432
4958,3916,9050,845
8655,7770,3376,1022
4766,8021,110,7797
7730,1823,4627,6061
6896,8837,1389,1715
3501,5018,5991,4574
7217,3298,6448,5056
551,8510,6530,4052
4488,1239,5670,6586
3753,1496,2943,9411
2129,8460,5760,4122
4897,5503,8484,48
3424,3555,8904,3246
5066,2028,1489,9136
9851,4040,3706,2513
9148,909,9112,1356
9553,4384,4085,2279
5057,2713,7026,3700
765,6772,8755,4833
2723,7292,7742,4795
6177,4419,8217,2280
2531,6000,4921,9824
6640,4941,6973,3926
8973,5350,4380,1486
3729,1898,9488,6764
5274,4222,3773,6450
7501,7688,4599,332
3473,5855,5594,2795
6285,2487,2734,8405
1695,9220,2801,6634
5438,6781,3158,3908
9766,4315,5724,2217
6063,3867,3882,4944
3597,6407,2163,7184
8363,9821,2125,903
1320,5057,8826,4683
9386,5281,6905,228
5686,2300,4421,9364
8061,2797,3687,5196
5134,3114,3224,7454
9766,3552,2944,5623
3406,4433,3551,6342
3118,9655,1540,6458
3070,6693,9735,3075
6641,4115,8684,4398
5616,9192,2549,4834
8701,6207,311,4709
3573,6425,1814,4500
2544,6865,2550,8594
4147,5496,5788,5143
4481,8286,3859,7702
5688,5092,5470,5815
9533,862,8918,1308
4719,4813,4885,7575
4693,3851,7996,2524
4113,1890,6138,5265
5643,351,8879,4713
2469,6474,3722,6774
7331,4536,9167,605
4689,2727,8188,5950
7292,2049,6075,5684
3239,4896,8535,6001
1160,6293,2999,9012
3597,5282,2296,8318
9560,1000,8244,2687
5988,2962,4405,4060
5294,5116,8236,3010
8019,3815,3421,3168
6549,1080,3396,7591
8896,3282,6355,3029
3249,7727,7649,2462
3469,1272,7098,4424
3886,6143,1438,8420
5985,7337,4037,4327
6150,6473,1467,8520
4745,3514,1920,8624
3507,6585,1325,7619
4883,3120,3182,9604
1784,9822,659,5753
6362,7890,551,6734
7132,5388,5883,3097
6483,2356,8074,2228
2813,4515,9173,2735
2647,7948,1193,6806
2892,5376,3861,5919
8978,279,7909,2147
7961,4850,3569,2832
4693,9387,1123,6440
1893,4188,4884,8390
8684,3577,5015,4505
732,5334,8402,3789
3371,6730,8605,2291
7799,2676,6373,3801
3318,2979,4800,5055
9764,4224,2715,2613
1471,1760,9184,6861
1306,7835,4863,7381
4239,4899,2276,9220
7535,101,3438,6566
8370,5888,2398,7091
5751,8256,8622,213
5278,4118,4361,5501
4169,2873,2849,8765
5309,1648,6329,5540
8657,3711,80,8902
4646,9012,113,5999
3629,6462,5756,1901
2946,6528,1560,5806
5939,3258,6380,5249
1460,3514,5279,8890
6722,4414,1896,8064
7949,7299,862,5996
2138,4270,4644,7428
5612,3454,8202,3302
5910,479,9146,5810
6335,1204,9681,2425
7810,9772,2419,361
5765,8667,5187,1074
5166,8081,288,6366
9513,3097,4581,3598
7052,3322,6386,6093
8866,6877,2080,3502
5508,3029,3063,6196
2323,6677,6844,3396
4387,6585,2945,6751
7092,1381,1696,9222
3974,8164,3041,4179
5967,1061,7755,4076
5358,6459,5374,345
3910,2598,3888,6987
7306,2075,4823,3881
648,7748,1826,8806
4911,8917,5003,1965
2854,3161,7451,5447
313,9093,4677,4460
8106,1545,7425,3005
4862,2711,7626,6994
1478,6621,3671,8890
6891,6561,1989,5831
1883,8180,6241,4130
4503,8616,3833,2375
1850,7877,2927,7905
2712,9545,4038,4242
2804,2287,8140,6704
3651,611,6915,9704
8274,2216,4547,6192
1655,6349,6412,4619
4244,6380,5811,4282
4689,1947,8971,4276
6269,5194,5849,5313
4358,2988,5906,8257
4330,4285,4776,6077
2623,4635,3839,9446
1906,4475,8312,5883
8317,4187,405,7177
4760,9955,2795,2399
5053,8392,1312,3576
9633,2750,3497,3119
4179,5735,6220,4671
4589,7334,3097,6934
8207,138,4753,7628
9911,2139,9936,1624
3302,3102,7732,3912
2972,2239,5506,9893
8573,844,4410,5710
4098,6740,7973,195
8399,8332,3733,1024
7074,7785,5458,677
8948,2784,9141,2146
3861,7868,7657,1907
5514,2840,3805,4346
8113,3254,1817,8720
6595,1248,9630,3284
1281,5601,5908,8642
5570,3684,6441,2765
3468,8128,2261,2414
4505,3419,3999,8222
3638,4589,7710,4977
9480,6079,1013,5104
6366,2033,7583,2878
1697,4493,3993,9420
3142,6602,665,9014
9008,3308,2354,5602
5847,946,4691,8932
1793,815,7749,8371
2908,9161,9152,2933
7862,3717,5219,3387
5206,7867,4882,764
1089,4198,8082,9890
6226,1102,5619,5502
1432,5662,6234,9590
2736,7482,464,7480
4631,5565,7041,3901
5036,2634,6715,3466
2525,2420,4297,9699
8129,2457,2007,6976
6997,1008,3843,8440
6677,9278,1144,4402
7128,1604,8812,3190
5407,482,5770,9129
7326,5829,3896,3859
3971,5351,4840,6932
4129,8499,179,8242
8130,622,809,9114
8322,2757,4885,3094
2993,6042,6358,4227
2100,3036,7074,8162
6597,1970,6191,6312
8288,582,5024,6031
1,5304,6381,8113
4902,9204,5298,4050
392,2313,7300,9753
5010,6357,1645,8545
3636,7186,567,6338
9913,4016,3424,4471
2577,6845,9521,2013
6577,2872,1094,7112
5771,3879,8918,4523
4842,9713,59,8224
186,3866,8039,6947
4031,3340,4572,6756
6730,5322,6122,3816
5504,3304,5253,5330
3873,154,9097,5474
3494,4492,3826,9624
5766,4941,5202,5405
3833,9423,4748,1316
744,6894,4781,7152
5669,1305,9600,3546
3550,5897,4876,5741
7840,3096,7605,2352
8392,405,5033,7994
7210,2387,3466,5742
3586,5658,5052,6912
6694,2197,7881,4630
7614,2230,4826,4911
3754,6704,8098,1077
5418,180,9829,5941
3243,6413,9088,4359
8654,5372,7295,947
4670,3420,8308,4864
9470,2302,2548,6098
2755,3827,8506,3698
2402,8633,1957,4431
2476,4072,6928,5011
3987,8733,1549,4759
1388,3153,7661,9694
5199,6143,5177,2741
6079,907,7733,5429
4000,8957,2462,7017
6392,9799,1446,5623
8236,7893,229,2119
4795,4372,6319,4105
8416,5417,2739,4121
956,3686,2368,9222
2744,9427,5636,3814
5836,5666,4659,4387
8447,2448,2253,6245
7369,6489,2893,4804
8465,3098,6924,2135
9582,3332,2452,6089
9370,6695,1744,3749
3684,3656,6027,6251
6649,2801,6437,2600
7722,380,5534,5966
6149,777,4917,7774
4596,5353,2377,4063
4865,4561,5999,6432
8187,3926,2712,3958
4781,3751,5805,2176
1446,5391,8859,1979
4759,3689,9527,3922
5196,9314,1385,6397
2328,8760,6413,2883
199,9521,8155,2671
3137,9607,932,9753
2231,3851,7701,4902
4750,9702,3569,4259
9118,5152,654,4666
2749,7709,2712,4774
4466,1200,6497,8237
7968,5861,2599,3740
5060,4149,6128,7541
2461,5992,313,9334
1744,6764,9254,1417
4163,1778,7182,8286
2955,2414,9008,3420
1211,8194,6819,3745
5825,7688,948,5304
4490,4749,4901,4281
6233,539,4781,7624
7731,3688,2615,3785
3571,6331,3638,6887
3212,6575,434,7133
6182,8914,1832,1219
8073,3800,6455,2424
6657,1747,6214,6821
9478,3828,3316,2120
4737,7678,5876,3786
3015,6808,5335,8147
5585,3783,8612,4092
3595,7658,3895,5786
7835,3814,1711,6698
4183,2961,7742,6121
7300,3693,679,8431
5772,4055,7043,5148
2437,2543,8114,8680
8007,1262,6161,6271
3661,6170,6559,4300
3797,2351,7420,7831
4982,2342,7030,6417
6244,4626,7380,2924
7754,5772,5414,2708
6662,6941,7717,277
5949,4137,4143,6262
107,7975,7334,7297
9960,533,4660,1587
7479,4178,308,8935
2860,4775,4067,8674
9750,5364,1809,1568
5739,5796,2575,3447
6920,1262,5710,4424
9327,4025,875,6318
1716,7770,6221,6058
7260,7661,3959,368
1840,7577,2857,7208
2319,3146,2701,9796
5530,8401,2866,2155
4125,7779,4312,1355
9347,3173,2014,7112
8557,180,3203,7113
7031,6301,5722,798
5400,3696,6157,6239
4617,3014,9471,3414
6490,2589,9992,1615
4900,5981,8098,4669
5544,4921,9943,1800
2077,6056,6626,4097
2521,7079,1847,7616
1602,4223,6596,5887
7792,1621,5465,5822
5307,2598,7942,4739
9223,5597,173,5702
1451,8545,5983,5584
7859,2824,2860,6971
1333,4324,8678,3853
4910,3787,8581,5705
9845,2610,1139,6840
1592,6394,7815,4767
6217,9077,5890,1325
3487,3074,624,9399
3276,2169,7317,4056
4363,3196,9757,7981
5645,3976,6609,7221
5989,3532,9595,5256
2636,7436,1837,9070
1874,2316,7743,6041
7109,3194,3274,6383
4578,6479,3953,5321
4091,8558,5273,3963
1112,4090,4531,9818
2734,5814,3666,5937
7492,7131,5048,564
7964,4600,3004,3280
6683,5061,9150,1202
5775,6711,3001,5936
7708,3493,5233,4664
5538,4248,3205,5426
6511,7001,986,3825
2082,9249,3252,6893
4907,5418,1158,8399
8343,241,4567,5786
5287,4728,5277,4630
8648,6113,5489,2085
9909,1957,6841,2349
5528,8819,3823,357
8652,3761,1338,6249
5713,8786,4078,2264
8965,4699,1230,4108
3226,6553,2208,6329
4012,1875,9041,5645
9468,580,8887,804
4305,3457,3422,7919
9738,5969,3513,864
4225,4603,7148,6567
6328,6108,1046,9022
866,4645,7394,4329
6560,4460,3791,2260
4774,8890,1531,6235
6954,5211,7044,1949
6058,6818,5908,3886
5896,956,6066,8467
4833,761,3836,9365
3806,7395,8159,2779
5447,3110,6593,2729
5045,9483,752,5368
7818,6371,618,7144
4874,7151,2889,7734
2770,8034,3124,5869
2877,5447,1531,8891
5170,2911,9309,4615
4168,342,9200,5935
8508,4770,7304,2673
8184,4081,2796,6954
5128,5764,2326,8220
4330,596,9038,5078
2555,5576,5196,8173
5395,6003,2500,9280
8894,1212,8231,2366
2843,4614,6060,8169
2040,1281,9560,8143
8037,3278,3116,5394
6727,7092,1848,2934
2908,1070,9538,6018
7596,1116,2828,8474
9031,5852,4833,2183
4192,9480,1390,2234
4704,6657,5909,6854
6153,2768,3958,7399
1029,3724,4711,8297
843,7933,2872,3840
3669,5352,6102,6605
8416,1667,5806,1767
3693,6705,1992,6499
5254,3372,3292,6871
4189,6401,3255,4055
2896,9878,2777,5342
7537,2414,6720,6065
4392,4340,1609,8823
9921,2211,2761,4994
4692,8321,6932,2275
7995,8406,3846,1469
2864,7541,4819,6751
705,2644,8112,8441
2594,1780,3906,8790
2397,9790,2630,2825
4484,6980,2522,9469
7758,2378,4178,6948
1819,9607,3773,5870
7725,2318,920,8022
3396,6562,5561,5036
9851,94,3547,5351
6837,1433,7155,4498
4466,2839,7228,7579
2471,7560,8514,2536
7130,3660,7139,231
3500,609,8631,3101
5403,7741,4126,4385
6670,7350,5509,4535
7968,3093,4251,2607
7214,3503,8635,1272
6278,5815,667,9846
2134,4540,5313,7666
3774,8371,4698,5161
2608,7045,2625,7593
3373,2765,8194,7683
4881,5860,4901,4353
2982,6440,4275,7080
7071,3227,4645,6071
5462,4596,5485,6081
2192,5893,5251,6773
6031,6465,3714,5451
1150,3637,9438,4703
2745,5668,9379,5107
3636,8977,2881,4487
8749,2532,5769,479
5609,2997,9719,255
5947,7959,3095,1829
7892,2791,6906,2084
5874,3518,7926,2111
1813,4896,7170,5510
1381,5902,4933,9323
6623,4927,2943,4965
5587,3977,9797,3049
5252,5177,2596,6720
3606,5340,3173,7464
9307,5101,5643,2433
6338,2051,904,8245
6108,2251,7443,1091
8700,2070,8628,1513
7217,29,9323,3832
7766,152,9809,988
1153,8535,4288,6564
4825,8205,8465,1729
3267,5313,4283,6930
6071,8102,3553,1188
2242,5691,822,9948
9755,1571,5381,5426
1673,9292,3985,7382
962,9590,2482,7497
2161,2819,4106,9638
5091,4996,8892,2684
6822,4416,6019,1562
4642,3838,4033,8924
1797,3756,6298,6673
1438,5051,8640,5264
2353,8180,2597,8559
7120,1965,5074,6861
1968,8373,1796,6014
4749,9360,4731,2438
7856,3143,4843,6038
5160,1044,5777,6979
8974,4042,228,4835
9122,1743,3037,6272
2146,5324,735,9058
1812,1921,2805,9655
4221,8093,4040,2177
5692,4588,7326,2133
3414,3593,7603,6055
5007,8894,3326,1185
2012,55,9208,9884
6411,3125,4327,3893
4493,4739,7917,5457
9196,4565,2596,3815
5694,5397,883,7387
7268,1592,9651,2154
6751,2584,3851,3276
8859,4462,28,3504
4967,2427,7667,2666
6694,6723,8022,1105
2953,3666,9521,5903
3664,1461,5784,7257
7089,7383,1355,6970
5908,6802,2948,4146
6976,3483,2978,8464
7852,4077,722,8352
4922,7200,3975,1202
3253,7141,9558,1446
1343,9396,1293,9625
3458,6039,7951,4597
8728,2194,3646,6615
6572,5845,2256,5288
402,4582,9154,7016
2263,3964,7132,8771
6378,9582,1990,2116
2896,3375,7877,7042
9986,2324,9179,403
6520,4919,3244,5190
4949,5394,7080,4234
4757,6559,5197,3012
1183,7000,6428,4833
3300,6681,2616,4972
2273,8905,3251,8123
6131,8242,322,3883
3621,6642,9867,2222
6550,4760,6025,3581
2144,3828,7379,9111
2831,8880,914,9038
4811,5241,5803,2890
1727,3567,9107,2660
5758,5542,1029,6119
2295,3327,9358,4075
4803,6839,4769,4278
4006,6142,5499,4713
8742,4813,6543,2370
8350,4975,5134,1583
4192,3188,7265,7733
3248,5166,4371,7933
7220,7745,5851,779
5734,7655,1062,4437
6914,5969,7317,3249
9225,5244,3661,4121
8543,2182,876,6440
5924,3791,8687,2340
2009,7554,4965,1578
1730,9926,4944,3898
7407,2845,4529,4083
8802,3861,5326,568
4251,779,6776,8063
7747,1368,5871,1722
2856,8390,5978,4849
5040,2440,6887,5403
2227,7775,6626,2204
2628,6834,4859,4531
3251,6635,6270,2753
8139,7222,1033,2173
644,6761,526,9057
2988,7000,2731,5763
8355,4585,9088,530
398,9873,8491,2859
1780,6938,1404,9289
1911,7185,1544,9483
4185,4141,747,7209
7439,5625,3009,5498
4552,5194,6326,2699
7126,4032,9914,969
4487,5480,1264,9642
4169,8901,2056,4805
375,5247,9202,4816
5862,4496,3117,6524
3367,5018,3360,9935
2256,5541,8381,3611
983,5692,3559,6544
4217,7589,1871,3799
4925,1928,9335,5104
4857,9235,4423,6461
1596,9303,5104,6158
5360,3737,7965,2950
6573,6073,6572,1387
2195,6511,5438,5192
7992,5806,3480,1336
3696,9250,296,5468
5509,8147,5062,3346
6173,4585,5627,5889
5340,2346,6859,5052
4645,6071,1233,8774
6088,5140,5346,5436
9568,5345,1794,5153
1907,3587,9662,4913
5880,4006,5164,8674
2024,6764,3993,5766
1755,6035,3346,9381
6763,5603,5873,3415
5960,1217,6220,2398
9190,4389,3910,1275
6792,5210,6122,4756
4305,4194,4909,8213
1391,4226,7874,7638
4634,1266,8912,3212
4768,2014,9170,4372
5340,1619,5134,8440
8064,4440,7055,1350
493,6162,7634,6406
1723,8294,80,8853
8985,6565,2531,2578
493,5369,4219,8923
3242,7094,130,8200
3578,8576,5913,3019
1678,3295,8369,8500
6091,4226,7903,5584
8422,6225,4548,1173
2330,5725,2311,6877
6466,6731,3716,4372
9201,389,7689,1620
3651,5812,7930,5682
2909,1358,4596,8722
9680,4016,2064,1124
9748,8338,2936,120
4505,2571,8371,3258
2680,8730,1154,8203
5073,4888,9674,533
6472,4416,1569,7263
440,9673,5968,4046
6277,1653,7737,3613
3174,7085,9813,3195
9951,4402,7366,2429
7470,3495,1711,6676
3610,9896,5171,681
5089,8802,2726,3963
5251,2121,5987,4221
7076,5032,2413,2738
727,7933,7948,2678
7775,3787,8171,63
2991,4800,5438,8133
9441,278,8691,3446
5198,8436,4785,3074
5250,1976,4391,6182
3220,2046,9112,5466
7078,7646,3765,4129
4859,3276,6544,7671
7986,4434,3239,7621
9226,2401,3836,6287
3390,1231,9780,6564
5973,6614,2038,6308
4755,1252,9803,3844
6309,8948,6712,1695
3272,6096,1732,5946
4085,8678,3415,4238
3995,2293,4165,7924
2881,6475,8242,331
9046,3376,3941,3427
1166,4983,4112,8951
7457,101,5507,7156
3195,3564,2872,8078
5875,4709,4312,5555
7111,6001,2950,5888
2377,2610,7331,6058
6260,7550,2952,3921
7091,7570,2422,1048
8954,696,3415,4997
4134,4814,4666,6022
8432,349,5860,2950
6437,8330,1585,3084
8637,1378,4447,4593
8573,3968,1628,7188
5010,4118,8480,1314
5166,5989,285,8747
9679,3839,4118,1920
4007,3903,7873,4093
3651,5197,4824,7590
4384,4741,5229,4590
872,6207,3570,9388
3019,7545,5418,6047
7174,2568,2892,7070
6878,6793,3124,5043
1417,7760,6504,2527
2494,9074,4925,7064
6139,5139,6179,93
6558,4645,2748,4819
2343,7048,7236,1445
212,1008,9305,8471
511,6722,4776,7051
4422,2630,5472,5822
4973,5413,3465,4550
8303,9684,2253,177
8921,5270,1570,5533
8001,8030,1075,3507
3023,4085,4922,5665
9175,909,1689,3983
4323,3049,5962,5100
5686,524,6191,9914
6129,8159,526,5358
6573,9216,986,358
4645,9088,1914,572
4614,8176,3609,3078
5919,7976,1681,7874
9790,4431,5848,566
4868,7790,6383,3330
5881,6806,2915,4798
8552,7368,3950,1086
6046,5786,1613,8898
6785,4801,1266,7479
6717,4224,7907,2841
5238,1559,8242,3866
9598,4550,4443,1171
169,7553,6554,6537
8206,4654,7366,446
3599,9461,4436,4885
9233,619,9697,2213
892,4621,8694,4825
4176,9907,1675,5081
5397,4237,7636,3977
5301,7002,6619,3272
6545,6050,3998,5826
9908,2019,5183,3257
7559,3209,6376,3424
3466,2987,9997,4503
5304,4861,4248,4921
8500,5001,101,6365
9064,5050,3019,3410
5174,4081,9680,2179
8967,4542,2970,4296
2568,4706,9500,5887
11,7109,8492,3640
5926,3092,2818,9456
4259,5035,910,7035
2539,7834,3783,3176
8649,3284,8371,170
5607,1413,6950,5488
2761,6854,8879,872
1991,4955,5035,4654
7900,2158,4562,3534
6251,1573,7773,3196
1204,3066,9501,9112
6669,4478,9572,1079
3146,5663,369,5808
5324,4117,6385,4104
3323,7576,4554,3823
947,8635,4097,7815
3531,6518,1575,7023
5781,1680,3810,5215
4746,6078,9273,1885
5882,1535,237,7901
2607,8108,5636,2853
3873,2781,8202,7276
6081,3261,5464,1647
3212,1104,9905,4326
5913,8816,1091,5518
1328,6042,3654,7860
5205,3374,7652,4924
2436,5680,6875,5501
8938,4492,1899,3681
7550,7721,3487,1152
8910,4706,3188,4894
3815,6025,5880,5559
6436,7327,863,7520
3894,5531,4019,8837
8155,1856,4851,5664
1752,8267,7332,2785
7439,4697,2111,7538
268,7291,6614,5668
1866,6577,3947,3808
4618,6237,960,8413
7380,2965,7661,4324
4908,7653,3980,5683
7807,1802,1615,7727
2512,5783,6308,4388
5880,1808,3297,7361
2539,5629,8625,4067
5433,6594,2277,6621
2389,291,8315,9876
3380,6141,9012,1519
9985,3770,2287,6106
2885,5893,4550,6014
3295,5359,6694,826
8172,2630,1214,5313
7257,5950,7388,2878
4071,8663,1659,7442
5013,67,2621,9774
3624,4822,5846,7328
1388,4429,3310,9284
5532,3239,8321,5786
5175,621,7270,2134
4961,3912,8221,3169
3678,1422,6662,8411
7358,4653,9035,328
2980,4204,3854,6699
3206,8289,5556,3197
4867,6726,4078,7624
1889,6089,693,8137
5829,1237,6827,2469
63,9391,2623,6187
2214,5201,7629,5180
6579,7642,6777,1178
7384,6647,100,7163
6793,1472,3226,8252
784,9482,2347,7124
8017,6509,2904,3990
7559,8101,4492,506
5300,1991,4050,8452
7863,4795,2453,5140
3730,1133,9065,6815
7612,6562,5420,2886
7510,3160,9038,3849
3180,6377,4373,7203
5833,2930,2993,6510
8977,1052,6208,6093
7946,5203,4485,2428
9185,2557,3872,6200
6091,5695,4427,3199
4248,6158,2352,6379
1604,7843,2806,5453
4473,6024,5011,3525
4668,6180,6948,4054
6069,8875,568,3061
3503,4445,493,9511
1941,7703,6641,2642
6654,7719,1360,4763
3050,4597,3162,7585
7451,4730,1122,5870
8207,4227,3060,4748
4574,762,8657,7598
5461,2799,7080,4375
8211,3967,4058,2346
1609,2068,6475,7946
2759,6145,1029,8961
2344,4579,4393,9918
3699,3541,9280,5373
7396,4302,7281,4434
6285,8034,5324,1586
3975,3804,7453,5551
2351,8422,1692,7525
4842,5411,5845,4113
1166,8841,5717,4052
4608,2478,9934,2741
5512,6771,2469,7132
7916,11,4491,5612
6600,6039,6969,2629
7353,3030,5139,4441
793,7685,7603,3686
5491,1473,4983,8853
6128,2519,9270,369
7147,4231,5348,3458
301,6922,3196,5924
2997,6521,994,9893
4449,8972,3123,4415
2062,7034,9473,1007
1160,7723,1607,8375
2836,6263,1401,8938
5104,2834,9110,5375
5033,3620,6468,4921
1651,8559,7050,2898
2240,797,8990,7757
6554,2241,8779,3305
4734,1746,5739,9004
4949,3839,1972,5267
3613,3833,8389,4126
9507,3596,7318,1892
8478,7798,1774,656
4399,4172,6269,4476
6344,9418,2423,2363
2391,2190,7097,8760
8179,3718,2561,6896
5622,4715,571,6870
8413,1482,4696,2802
8911,2444,4417,735
5936,797,8431,5749
4018,1678,8445,8512
7293,1381,4902,2509
6365,5049,4366,1406
8918,1691,6694,3587
4131,6308,2547,5835
3378,2709,3423,8103
8745,2236,1919,6541
6195,4579,5988,3171
4216,6073,58,9391
4226,6683,3766,6919
2315,5766,7406,4094
9291,1764,3626,2701
590,3484,7428,9331
4110,4031,8437,5640
6776,7277,1861,815
5219,2180,5544,4272
3898,7101,8178,3313
2019,4739,4523,8684
8942,5624,3196,274
4438,4452,4021,7622
8180,4419,6928,949
5802,4924,9009,341
6305,208,5830,7548
1598,4384,2562,9326
1528,7,9512,4224
4677,1294,9510,5589
3621,4518,9612,4841
1741,8106,3634,4340
3644,1486,7000,6676
7121,4442,2900,5742
6866,4623,6534,2357
3356,5888,7555,4535
6747,6330,5124,2231
27,5531,7789,6716
5036,6321,5550,1691
4872,8689,3068,4835
2842,3823,1973,9575
5352,7340,4714,1689
6466,1650,8697,3656
2515,7910,2378,8173
7962,5318,3200,3136
9152,195,5320,5392
9414,1354,6287,2490
7301,6148,4384,5635
3678,2618,8726,3742
539,7077,5503,8055
3882,4980,4021,7087
5862,2438,7561,5462
5829,3870,7054,2330
361,7621,2015,9158
8293,6789,887,3794
2124,4888,4169,6095
7963,3882,1884,5338
4465,1340,4813,8030
5079,4182,9987,1056
5596,6397,4376,4897
1707,4959,7295,7738
8079,147,5700,4631
7630,4953,2266,6904
6439,5932,3599,3191
5932,3857,9443,3002
2296,5097,3987,7630
4612,1318,4705,8958
1855,6482,3035,9071
4012,3934,7781,2110
7608,2088,8005,3584
4181,7314,3477,843
1351,6637,9564,1020
5250,2760,2405,7396
5311,8020,2996,6535
6773,2681,3309,4385
905,4553,6206,7741
4465,4630,4798,4105
4129,1701,8646,4987
8829,1980,816,7643
373,1947,8308,8796
7055,371,8185,6334
5961,7099,6576,1012
5821,6577,1728,8293
3773,4199,8525,6823
942,6031,6368,7306
8810,5588,2462,3673
712,2803,9816,7882
2499,6864,7524,1653
7155,2877,7317,6277
4934,7391,3490,3151
6705,3406,6120,2719
8206,3123,4503,3891
7997,8060,487,1877
3945,1210,6866,8861
5749,3111,6446,6541
6440,4356,5999,1002
4626,6229,1560,6731
4925,4361,3590,6108
7465,4537,5045,3528
184,6323,6010,6310
3147,6082,3057,3633
3614,7957,3873,6554
1510,6412,6587,4024
7214,4946,867,8437
4717,3985,2321,7337
4087,4924,3842,6810
6461,3014,6669,3302
5514,6385,1519,9841
2152,5630,7693,7256
5066,7092,6143,2750
488,5161,4082,9742
5182,6045,4519,3654
2248,4810,8665,3975
4736,5426,6543,1975
5403,5800,6541,4120
1459,6087,6817,8064
6634,5744,830,6122
4354,5443,7860,3381
8926,1210,8491,6062
3517,1979,7816,7427
3266,8154,5840,1852
7188,4138,4239,3835
4604,4273,8379,720
9693,3593,7459,171
646,6022,2876,8334
6992,2587,2627,8527
5272,6605,8743,207
4641,9401,4435,1541
5485,1692,6580,5857
6522,5202,1594,7141
1583,8418,8461,5447
3827,4349,7609,4182
4460,3388,4929,8660
1070,6761,806,9369
3424,3174,9698,3289
1304,7520,6988,3350
753,7701,7147,4099
8041,676,5167,5252
4549,3257,6743,5095
3340,2758,8130,3634
2611,5558,3964,8300
34,6887,3380,9492
7995,5127,7402,1578
309,1035,7329,9196
7645,4597,1265,3089
6019,4869,8914,725
3729,5273,3878,6187
5180,5348,8283,79
4505,8698,728,4425
4855,1456,6278,8843
1800,4465,7127,6072
3785,4630,3131,6881
3526,6389,8739,3041
7905,4332,8856,488
6998,6644,1290,5085
1594,4188,3780,8863
6136,3896,5921,2757
3854,8533,2233,3604
7655,2402,2649,8221
7955,1425,7493,80
65,6530,7771,7760
2227,5929,2917,8091
1519,9689,3786,5147
7236,7019,7024,1593
8164,2545,7688,1470
3909,8440,2911,1890
4655,7703,5729,3215
2823,3979,7275,4706
5282,5933,5810,3087
2376,3383,5745,8206
6763,5914,3592,3194
2482,3101,5160,4373
3515,7002,8772,1869
3591,9418,1725,6038
2246,9589,4814,4128
7220,7481,3760,1062
1503,2045,5952,9265
3951,1430,9161,6078
4874,9194,2328,3440
1688,5719,5870,8568
7596,7376,3061,3118
3228,3077,8490,6901
8472,3275,266,7302
3224,8733,5557,6596
7113,5125,4454,4909
4074,1063,9002,4223
3998,4501,2673,6407
4126,8896,328,8360
7032,3367,7382,5171
9916,852,8892,2099
5816,75,5227,7449
8518,3227,6266,3694
7890,2547,8594,2144
3254,6561,4203,6152
5522,2962,4772,7166
6895,1251,9070,2100
8675,1596,5401,5201
4539,1115,7825,5434
1855,1209,8020,7616
7564,6002,668,7861
6121,3533,5728,6902
2720,1181,5849,7664
7659,8564,6940,64
7604,6913,5300,1545
2514,584,4745,9533
1917,8298,4126,6599
7596,1174,6764,7192
513,8949,6437,4390
4233,5883,3721,7805
7950,3108,6924,3275
6554,4653,2336,6609
934,3210,7496,8872
2680,8032,6446,5296
4532,5505,5417,1475
3351,8536,1404,7733
6403,2394,5059,4871
7736,6616,2165,2344
7782,3153,8177,709
8092,1468,7946,188
2280,9917,1529,8423
5723,4193,7830,2725
8430,8195,1620,3806
1603,8446,3937,4068
9753,495,9252,2182
1386,7721,7796,3359
8079,4474,3066,4960
3447,6550,5214,6168
4221,7509,3447,2516
4671,8750,2571,4105
2224,7326,3882,9385
6557,4585,2615,7879
7456,3200,6941,2733
7086,2553,967,8647
5261,5711,3034,4938
2474,7028,1967,4338
4826,9878,3468,1459
5516,1159,9293,6740
5799,4585,3636,9352
1946,9674,812,8511
5647,5786,3751,7320
5731,5905,5109,5524
4887,9991,4047,541
5253,5378,1538,5644
9170,5118,4847,2732
4341,9136,1271,1694
4678,2058,7165,5565
1944,6969,7703,4458
5309,3356,9923,3834
6784,5974,771,5152
6053,6803,1811,6707
2754,8059,1855,5735
8250,144,7389,1876
1902,2792,8907,3082
9634,5274,4158,3265
7463,420,6273,2930
3631,8284,4692,3399
3197,6026,7319,2686
7062,8963,2852,187
5774,2793,3399,6493
3989,5738,7724,4385
9056,4676,1664,2849
2976,5004,6102,6840
3585,6752,637,7586
5695,2795,6787,2910
3383,9496,3821,2344
5206,8137,4992,936
3582,8202,6718,3192
8862,185,9015,2881
7933,961,6381,6710
1568,5027,5680,7621
2032,3102,9552,3970
3173,592,9808,6523
4827,5898,9027,448
1278,9611,3901,3979
8946,2953,3681,4436
2721,9810,118,5697
6396,2531,3490,3788
4314,5631,4516,4743
390,7023,4290,7871
2876,8310,2087,5535
4428,7542,899,7537
9324,560,5893,5563
1374,8323,3444,9558
6138,9096,2401,7494
9805,1810,2512,4514
8066,4511,6127,3303
2224,8994,1167,6611
5305,5657,5915,4133
3662,8946,828,5571
7510,1010,5932,7183
6205,342,8565,2906
7801,2199,3710,3994
7307,6846,208,3687
2335,9504,33,9030
329,4491,5927,8917
4875,5231,4699,4219
3293,2879,9526,3549
7954,2880,4332,6473
6549,2068,5766,5861
7608,744,9260,3463
2902,5308,8242,3987
6633,2038,4692,6090
1216,5897,6144,4431
1217,6994,4167,4923
1738,3936,9965,2013
1001,8474,3493,5951
6861,4695,4269,6213
5877,2140,7042,3131
7321,4969,3231,3579
2210,9411,4041,277
7859,1761,5719,2089
5286,8371,5824,1566
9391,1142,9951,914
3997,2700,6965,8080
2282,472,9976,5897
8929,19,4643,9918
5989,1124,9806,2123
6063,3716,2444,6755
2697,6898,5752,7248
7611,2172,5305,2953
8025,5470,6498,756
8671,6154,2365,3049
4768,4878,7284,3015
2066,603,6559,6233
7780,2839,6843,1349
2736,9192,5667,5913
3661,2514,6947,6464
1017,2020,6366,9576
1743,936,6874,9489
4155,6600,6785,3078
2638,3377,9182,4516
9039,1944,3615,6496
7823,3864,2643,8559
3843,8082,7511,1468
7574,2039,1129,8607
1497,7529,7575,3117
8771,3398,4189,4326
3505,2268,7349,4254
5125,6153,2031,7835
9600,1630,4068,5465
5464,9340,5729,456
3480,9891,1929,6219
898,5345,2888,6582
6821,3283,4544,3017
4541,5247,3115,9349
4409,1296,7713,7766
8088,4241,1912,5957
4067,3406,5304,5161
5352,5486,3537,7047
8178,1887,3917,7182
8310,803,6103,2107
4052,4846,8939,4167
4521,2042,9612,6119
4356,7395,1047,3768
3673,1640,7446,7225
961,8301,3213,5752
2295,3802,7664,6052
8563,5921,968,3428
2153,8630,5287,4338
3578,1141,4443,7760
334,5161,9648,7102
1267,5842,7653,7749
1411,7204,3606,6488
4856,2372,6323,6587
8151,4323,9369,1
5872,3299,3327,6681
5468,4697,4834,3830
7450,4522,6346,1653
6612,5111,8717,1059
8293,2478,7868,2110
5476,7331,2713,5779
5948,4008,8242,5237
5548,925,9478,4121
5179,6937,8239,1266
4161,5160,4983,9549
9049,7306,3518,3242
9698,5274,2338,1991
160,7262,7126,5542
5635,1933,3638,9629
2149,5640,7804,5510
3228,4312,8979,3390
6063,4575,4805,8200
7969,472,4873,5548
6978,4900,618,8068
79,8533,6439,2243
9182,2389,9039,146
5823,7182,4663,936
5698,4820,6787,661
3460,5039,6601,6149
1075,6661,3669,7297
433,4585,6834,5649
4827,5284,3914,2804
9893,4032,2705,2540
2802,8573,4995,4642
354,6055,4209,7948
1416,4403,5298,6427
6359,2506,7572,3942
4558,9742,7690,2184
5539,2077,3236,8652
5377,3520,1993,5841
2596,7795,5870,5628
8235,3266,6758,748
3253,4665,5723,2129
1338,7589,4053,7296
5364,597,5971,7867
3472,4138,6747,6597
1463,8607,7990,5452
5451,9014,3808,2147
4754,2723,4466,9067
1427,6913,8771,4916
5262,2180,9229,1625
2215,5376,4904,4378
1602,6142,9398,1444
2501,8473,7432,3997
6061,1382,9621,2834
7457,1984,3044,7490
9710,3859,4321,4459
7067,4282,6342,3867
1965,8444,7451,2855
6447,6956,4577,3646
8941,1539,5657,6290
4513,413,6824,9344
3642,322,6772,5775
4423,6208,2436,5519
4171,2982,8043,3467
3421,2702,8611,4746
4301,4827,7065,2779
8896,5446,1426,6008
4829,6226,718,7667
5647,2308,4996,3481
6094,4583,612,7131
4712,5986,1247,4806
764,9653,3912,6519
6909,5327,4169,5341
6502,916,9308,7329
5020,6808,1031,5592
8794,3517,6000,3252
9179,1268,5491,1496
3415,7068,4009,6659
463,9537,3402,8174
7119,916,1099,7815
7092,5199,7002,3416
7274,3903,4012,2502
3674,8836,3693,4118
8672,2856,1494,6355
7797,4258,2035,7749
4731,7102,6131,5951
3814,5940,3384,6868
8530,4234,5083,2326
8143,1346,6354,6317
2988,8410,2496,6821
3132,9062,4689,2641
4284,7484,1069,6721
1808,5528,8911,2419
5405,5249,4646,6226
4346,4808,7341,3336
2988,8005,6072,4859
7388,4873,5724,321
1148,2538,9572,7432
9544,2387,6933,1326
2260,4621,5153,5783
5469,8027,3845,5936
7809,4461,2466,3191
1746,4489,4850,8612
2638,5726,8686,2112
2841,7848,974,6027
2284,4638,4150,7995
329,7946,5952,3721
5401,2488,3713,5883
4736,6627,3228,6770
1527,1050,6064,9545
8345,1106,5641,5342
4893,5608,2829,4636
2585,7851,2637,6125
6350,5017,5118,3187
4864,8892,3335,3674
648,4037,4907,6953
8503,3796,2107,3243
3758,4267,571,8677
2147,9637,1991,8344
2189,7000,1078,8490
9702,5405,81,7063
1656,9028,4754,4322
5684,6209,236,6975
3974,6524,7127,2516
9935,3168,4199,4561
1949,9200,3699,5962
645,4622,8384,8586
528,7321,6056,6337
1283,8723,2503,6992
9671,4352,1577,4649
1714,8126,7043,1889
8757,3872,4965,5066
3995,2526,8981,2855
9025,5224,6191,1486
5087,5596,7380,621
9163,6019,5711,249
6451,8975,1972,2919
1985,3460,8094,7314
3790,9793,4143,5316
5422,5262,2803,6612
2208,8412,2313,8555
3779,2936,5444,6092
9397,231,4239,4948
8439,1355,480,8643
3515,6657,4154,4589
8466,5479,379,5959
8370,624,4612,7543
8602,4506,3531,5692
4496,2923,6663,5737
3880,6752,4320,3753
3893,7934,5358,3543
1900,6210,3976,8010
2088,271,9318,8003
3327,6087,2666,7440
644,5389,5594,5925
328,7948,5117,6251
1575,4342,5801,7460
5688,9525,1452,6503
5972,3359,7442,2654
3317,5676,4912,6666
4103,2197,7217,4285
2386,4019,8068,4823
7597,3118,4518,3593
5114,5717,3219,4384
4017,7510,9268,321
2326,4312,6807,4238
90,4645,4501,8303
6342,1560,9150,2535
3809,37,7478,6749
2659,5587,864,9811
7255,1547,7641,3556
6508,4551,7947,889
575,9879,2940,5381
3662,5081,3850,3418
4977,230,9103,5835
9171,98,7307,3508
5209,5870,2715,2749
4633,5648,1627,9377
4016,7558,7168,3097
7622,2076,9382,4446
5454,3685,6648,6936
5250,8041,2930,1612
1127,7022,7224,4711
5809,3320,7135,4915
7382,6726,5599,1671
2304,4925,8102,5098
4169,5308,2718,9040
8804,3930,5233,1008
4361,8931,3757,4368
3676,7505,4537,2096
3152,2208,9893,4091
3613,8573,4236,1841
7517,4645,515,8880
1417,8692,7893,3341
2644,4728,5613,5288
1522,1331,8802,9681
4514,342,6440,6405
4537,4227,3841,5393
1472,8388,1263,6575
6928,55,5340,7871
886,9539,7011,3842
3171,9554,3876,4942
6711,5891,7686,3000
2915,7945,5405,6177
6374,6252,3497,4294
8051,3,5728,6093
2198,4447,4854,9501
8642,3332,5196,1695
4332,2683,7527,3319
1218,8238,470,8230
8720,5377,1818,151
2998,6715,3840,5182
9316,5517,6107,1251
2209,9653,639,8456
1080,8381,4315,8004
521,7835,4977,7053
9108,3376,3830,734
3418,6123,3020,8082
8889,4024,2418,3604
8209,7621,1103,4501
7498,3668,8556,1262
5039,1825,5361,7396
1317,7182,4111,3489
7215,9311,1906,2858
1914,3137,8578,4082
4090,7960,8817,538
1997,7459,2533,9113
3141,8713,5601,4330
5347,8056,501,5917
4684,9096,2483,5286
3895,5270,3799,3083
7,7264,4455,8550
7676,1586,1732,6778
9931,3680,4675,966
2855,7042,6472,4127
8709,5300,1556,2408
9690,3587,2871,6160
640,2849,8421,7803
5350,5845,6211,3262
8073,3708,6364,1110
9680,1761,6991,4254
3774,7084,1815,5631
2796,1035,6112,9352
5543,1157,8404,5506
8938,5493,5768,1640
6058,9115,6036,1222
5373,6938,3263,2981
1218,5448,8479,4643
1320,8642,2483,5055
7646,4312,4173,778
5451,1618,5024,6785
6335,2001,4292,6970
6085,277,3769,8681
8239,2159,6312,5560
6315,2746,2043,9222
1041,4433,5272,7506
5339,5769,8642,1925
8120,1698,5644,4509
372,6895,6165,5689
2938,7649,8425,2483
4963,5226,308,7643
6815,3527,5418,2119
4478,2599,8322,6394
1482,5671,6244,7794
8730,4502,7034,628
3811,2568,3436,8749
3782,9942,4451,392
4281,5877,2792,9741
5228,6546,1227,9882
5918,847,1077,9706
4933,7138,6176,2507
1038,3857,8518,6288
2196,8151,9511,1921
4618,2410,9208,11
2285,7601,7555,4128
6882,5043,5088,3419
4631,8346,407,7782
8143,5636,4166,2496
5332,6953,6871,230
1451,9840,4005,5435
8056,2428,3752,4583
5014,3389,8553,2404
7264,813,5831,8971
2332,6844,7593,3546
4751,9801,4081,186
1128,5568,4606,7802
5379,2147,6764,8132
5681,8885,2247,1964
8351,1202,2588,7183
7792,7307,7010,136
6658,1603,5032,2187
417,8694,8475,4544
1205,5295,4394,7838
3864,4078,4726,6334
6707,4936,8003,255
6610,5897,1446,8944
3900,4132,5459,5410
4261,8049,5145,4734
2332,995,5196,9539
6729,838,6537,4913
6208,1209,5392,6711
9598,496,6778,2939
2771,4837,4909,7030
6922,9053,4100,463
6293,510,6840,6953
7974,7120,2954,1131
3618,5953,4471,6969
5334,5041,4609,5294
8121,1032,3960,8099
7913,4948,3055,5759
8346,254,7242,4392
4920,3107,6461,4407
8470,2685,7526,4578
8013,708,3061,5858
7252,7868,1591,3835
9723,821,2662,9148
4905,482,9566,4295
6449,5786,1867,4903
3824,4336,4341,5351
967,7581,7713,6623
8822,973,8179,1223
5690,4839,1428,5448
6074,5557,7286,1630
4126,4810,3832,6598
4731,8120,1900,8436
8282,6469,921,4980
5840,3915,3660,7809
4647,5716,4967,3620
9649,5351,1196,5822
5290,5399,7809,1462
2568,3588,5271,6242
2935,4052,2606,7984
1375,4662,5140,9027
2234,2424,5532,5962
9694,6260,2604,3852
3627,2224,5117,8498
1563,5827,4803,4490
4369,6849,4888,7903
8533,1710,6359,4
7149,3187,5355,8496
4434,6805,730,5155
1963,6131,3523,7181
779,6593,1252,8826
3036,6369,6422,4217
3876,5203,1791,8009
8748,3839,5645,299
4575,1615,9090,4286
5155,1351,8188,3246
9314,3793,463,3849
2563,5942,9828,572
1696,5190,7223,7259
6057,3517,3287,6327
6349,8206,6072,1249
8932,6543,2613,2774
9690,4051,364,4076
6070,1540,3393,7437
7506,7058,3470,2315
2363,8014,2100,6478
1673,9626,4317,4958
5799,8180,2302,1679
6757,3502,6984,2832
4305,6877,3027,4673
4055,3098,7558,5896
6874,4405,6447,5723
1530,4258,7973,3764
3114,7534,1105,8659
7469,134,4482,6478
7795,1616,8224,4262
1709,8756,1041,9185
4627,4182,9480,4877
4996,6623,2336,7491
9325,1576,3432,4602
5051,1670,8735,4897
5572,3419,7801,1095
2912,6240,8643,1663
7464,1131,7699,750
9867,4893,3600,1411
7020,6661,2401,5705
6757,6156,7983,113
666,1355,6250,6648
5050,5361,8344,4358
5888,6490,3136,6019
7025,8414,4086,2780
6476,9666,1794,104
5747,7158,4123,4139
4596,4712,3567,7587
3203,7290,981,9063
5385,256,7362,6525
5387,7112,5106,1298
4978,2818,9623,4077
8505,3291,7817,1581
707,3087,8596,9325
4286,1889,6489,3999
5622,1855,7008,5989
4135,9426,876,6061
2609,3028,5401,9924
6718,7781,4221,1171
1386,7056,2137,8697
5452,7429,3515,8350
8766,1870,6348,2074
4946,6442,4490,7916
8604,5821,1681,1776
2386,4153,3628,9310
4395,7893,1895,5113
3120,5577,3432,7959
7234,1002,3011,6068
8407,6878,718,5498
357,9968,4745,4703
6115,1706,6583,2804
7493,5060,3447,4941
6734,6652,3284,5662
6063,7873,4090,1135
7449,2122,5414,6244
8056,7263,2735,4915
2772,8974,701,8392
6464,4201,2319,7034
7554,8001,1221,1691
5219,7646,647,4923
8219,1458,3934,2886
9554,955,2881,4191
1913,9160,1469,8315
3757,7107,5464,4675
7181,584,5194,6480
4276,9586,6477,812
6487,2591,8154,1765
2578,9228,1367,8461
2575,1215,7482,7572
5508,2107,5921,7469
7698,6134,1904,3831
9362,3822,2927,2955
7494,2540,2440,6770
4534,6298,6892,2937
5782,3041,5215,2971
4397,6183,4284,4735
7299,1807,8686,888
3741,9490,4023,5881
3318,85,8866,5799
4389,178,4925,6283
4826,3014,6995,6261
5547,5353,3302,6026
8232,7312,1614,2683
2505,3088,6310,9124
6411,7736,1982,2816
2209,9224,6882,1947
3380,5806,5168,5327
7599,6528,2097,5479
9081,3886,1801,4483
4717,2634,7114,7821
6051,3697,2688,9307
3025,4860,7785,6082
1754,3320,8246,8515
5984,2348,2690,9624
953,7226,6713,3994
9720,3762,1582,3843
4035,9041,3400,6402
8015,284,2778,8365
7687,6723,371,3504
7109,53,9761,3862
5349,2351,8132,6812
2237,2500,8809,3575
8526,4622,2908,4427
3273,6235,6072,7254
5905,2109,9343,3568
2997,1769,3148,8449
123,7711,8518,3883
4734,5093,4838,6545
3579,4973,3397,6715
2626,3321,6689,6691
3920,7686,2210,4305
4625,3091,9632,74
9991,1097,3314,3744
2828,9041,1139,4593
2883,9681,358,4709
5681,2931,6178,7263
8900,4765,593,6665
7718,583,3047,6576
2467,5395,6302,6485
5358,7679,2454,2740
7204,3498,2370,7056
216,3147,7682,9818
7905,121,5079,5340
1851,5841,7450,4584
2887,7135,6001,6336
1080,8973,1307,9988
6843,7813,1996,2863
6884,2132,5072,6053
1993,9098,5524,3840
3362,4881,8707,2087
7149,3850,4476,3787
4447,7273,1649,5799
1902,8823,3167,2582
7965,5171,5909,3457
6298,2645,6521,4902
4334,786,4304,7839
9693,2701,5383,606
4443,8831,6198,4371
5344,9394,4334,2518
2618,3973,8535,4969
5782,8591,1714,5159
6149,3218,3763,6926
3096,4117,4850,6521
9215,2366,3259,3063
1312,4429,5332,8468
66,7306,2458,9286
8098,2423,8897,1658
2996,4307,6002,6185
5772,8181,4897,1883
3315,6785,4990,3459
3407,9492,2786,2898
1192,6160,4962,7435
5853,4664,8705,4759
7862,2935,6381,1944
1503,9561,6066,4146
8348,8744,6050,1078
5465,8060,2945,1890
2836,6189,7228,1811
4776,9643,102,5384
7144,5727,5149,5375
2478,6839,8356,730
2089,8403,3953,4179
4661,4362,2751,7427
2912,9947,3130,4352
3498,3314,7656,5113
433,9929,1736,7061
2653,4448,7397,5004
5260,3051,6688,1909
341,9332,4661,5996
5742,3224,6311,4969
2765,8819,1271,6909
2935,396,9879,4635
3313,6406,8447,1567
1698,7997,5684,4137
3134,9249,676,7100
6752,1358,9330,3656
2834,7309,6828,287
6403,1206,9430,7460
9987,2462,5477,4790
2445,7709,5808,3918
2713,2954,8655,3373
896,2327,9039,6727
2601,5657,4285,7072
1279,5821,9133,4659
2056,2530,4639,9234
6924,2901,5531,5604
4125,3746,7164,2774
3260,6664,825,8583
4528,6826,4258,2796
4968,5599,632,8901
4912,4150,6836,3499
7610,2442,1192,8233
7128,3074,7131,3179
8144,5901,1742,6491
5763,2505,5657,5297
1993,9065,4459,5444
6990,6144,3683,5947
8734,3783,3110,4951
4173,2352,1796,9772
1018,5174,8188,8960
2507,7340,8491,611
4645,4058,9701,2252
5361,5048,3384,5104
3762,6580,7867,3961
1370,4391,4092,8994
7496,2515,256,8724
6300,1537,9603,2369
6412,9474,867,7002
8940,9537,929,1110
5123,6619,4082,5851
2282,3986,5276,8816
6236,8606,4795,2193
2773,8647,4930,1555
3376,4417,4899,8063
2114,5900,5420,7465
5627,2760,7658,6314
319,4981,7396,7058
8247,5056,5800,2298
9742,3203,4592,3962
9132,4774,4527,5332
4579,4940,2751,6902
5898,1774,75,8931
4179,3876,3068,7775
622,5592,4267,7976
1494,4270,8267,5624
5152,5261,5205,6633
2804,2897,9066,3696
4285,7215,4355,3682
3174,6568,2874,8209
2798,5685,4761,6723
2793,4778,5401,8081
9095,5015,3287,4465
8198,6784,1110,3143
936,8255,2066,5471
2239,4303,9107,4224
6989,2393,1924,7167
1752,6720,2819,7392
9609,4413,6988,188
8210,4218,4276,3724
3242,6350,7951,1257
2035,2027,7487,5234
3675,7394,6945,1234
4412,7848,3456,6403
7731,264,2695,5881
4047,7382,3349,5826
2021,9146,1586,7197
8060,3162,4972,4310
5674,7550,1816,2146
9559,1049,1912,2798
7168,9018,2558,1804
3588,5762,3631,6814
7754,1759,5395,1138
9461,516,5954,4108
4224,8816,4906,1538
3974,5119,3212,6987
4432,1580,5026,8898
9699,327,8810,659
1988,8907,3150,3898
3816,2979,4821,6417
3861,4053,4430,4081
6583,7397,3154,1762
3270,8492,3993,4753
2965,8328,1807,4513
8615,4526,1440,6173
4726,1839,6399,8021
6761,1139,3748,6192
4996,5721,7399,250
6868,6152,837,6858
3107,6362,6730,8430
3672,9617,6845,1508
4050,4263,8400,3800
552,8355,957,9022
4963,4710,7451,3623
7377,6501,213,5358
8691,1555,8923,2787
5082,5269,5058,5446
8319,3611,1103,7051
7080,6481,2524,1900
5678,4277,8324,3767
451,2656,9823,5484
4136,5398,2250,7599
3101,2907,7695,5802
7366,7560,3968,2091
950,8908,6194,7018
9224,5455,4071,2786
2970,5397,7284,4588
5709,3043,1574,6266
9991,4492,3578,1618
9021,5483,6599,2177
