1000 5
0.377322 0.394829 0.418537 0.350643 0.514325 
0.577434 0.531683 0.621903 0.580250 0.507062 
0.446468 0.576230 0.268004 0.406561 0.448901 
0.388374 0.494244 0.793257 0.327143 0.604365 
0.744128 0.659666 0.646322 0.637412 0.597652 
0.746542 0.750298 0.752034 0.801243 0.778197 
0.643859 0.705018 0.739973 0.716930 0.625104 
0.701411 0.324545 0.510284 0.699234 0.312327 
0.688216 0.341241 0.535389 0.394213 0.785409 
0.464145 0.368528 0.392461 0.451894 0.159900 
0.523992 0.530920 0.544448 0.683609 0.666420 
0.349153 0.298359 0.340694 0.205007 0.414569 
0.770184 0.420122 0.609521 0.416761 0.419744 
0.493697 0.555703 0.587676 0.751260 0.465370 
0.392296 0.603761 0.264184 0.632482 0.459045 
0.330973 0.432629 0.170867 0.457468 0.443583 
0.523244 0.562371 0.578053 0.663638 0.519763 
0.777362 0.719716 0.725576 0.744299 0.608413 
0.562872 0.190558 0.551503 0.262700 0.342073 
0.389251 0.399212 0.518827 0.432224 0.461111 
0.779326 0.678338 0.589285 0.529315 0.706317 
0.723374 0.797070 0.725031 0.647907 0.880783 
0.469243 0.245844 0.292443 0.473797 0.301159 
0.791143 0.688798 0.778608 0.738384 0.761921 
0.292101 0.496998 0.391026 0.402515 0.396674 
0.579762 0.520760 0.320436 0.690696 0.270607 
0.484402 0.407775 0.476018 0.521844 0.554107 
0.827877 0.680490 0.778906 0.711423 0.801089 
0.555542 0.698954 0.814730 0.488963 0.736250 
0.396853 0.445821 0.614884 0.451718 0.609042 
0.650695 0.517707 0.351252 0.607790 0.522751 
0.552379 0.581490 0.477991 0.677038 0.572518 
0.514416 0.542176 0.549009 0.528108 0.658832 
0.700332 0.408940 0.534698 0.681979 0.535603 
0.671735 0.619097 0.665291 0.762741 0.665429 
0.708883 0.669061 0.570362 0.631521 0.561174 
0.651167 0.300141 0.383799 0.622803 0.170542 
0.643693 0.673324 0.385644 0.506544 0.497272 
0.722485 0.583177 0.446444 0.638098 0.432491 
0.438531 0.296095 0.434318 0.536278 0.324288 
0.744600 0.621298 0.525402 0.627681 0.511884 
0.332760 0.630804 0.588727 0.552540 0.530735 
0.535378 0.647039 0.680279 0.589254 0.603047 
0.532184 0.541966 0.446026 0.255848 0.555786 
0.403678 0.562405 0.538769 0.422155 0.453596 
0.359705 0.461661 0.420326 0.488173 0.573834 
0.555361 0.713760 0.551166 0.685101 0.596119 
0.531197 0.766823 0.623854 0.731839 0.601648 
0.467340 0.435202 0.463736 0.475883 0.554421 
0.531432 0.623286 0.608983 0.445866 0.661739 
0.511459 0.341109 0.406060 0.510930 0.322589 
0.873994 0.699720 0.753341 0.730159 0.757335 
0.531447 0.345829 0.442260 0.573175 0.378527 
0.632148 0.380270 0.672489 0.622126 0.419671 
0.439039 0.342965 0.426133 0.394010 0.438719 
0.128264 0.203993 0.189723 0.180209 0.277761 
0.594442 0.665660 0.451831 0.666097 0.516036 
0.195386 0.157776 0.261967 0.212158 0.226263 
0.568600 0.712921 0.638903 0.701646 0.759232 
0.674599 0.712566 0.806394 0.526271 0.622268 
0.670275 0.762925 0.726808 0.732194 0.652752 
0.455828 0.422257 0.779666 0.335881 0.584505 
0.734547 0.830526 0.804898 0.574304 0.787873 
0.504574 0.559674 0.211628 0.555106 0.383405 
0.703833 0.678120 0.743762 0.599765 0.771794 
0.482113 0.506120 0.603294 0.440657 0.375524 
0.519169 0.619071 0.628356 0.499122 0.732961 
0.402983 0.505407 0.386594 0.723862 0.392645 
0.568073 0.481498 0.320431 0.303558 0.427234 
0.389398 0.429114 0.448219 0.459772 0.612680 
0.510571 0.571865 0.545119 0.528892 0.557384 
0.367305 0.462843 0.391744 0.539956 0.494125 
0.471186 0.339879 0.611929 0.352394 0.324078 
0.470643 0.606333 0.275366 0.749004 0.690169 
0.612730 0.401860 0.765442 0.624926 0.511227 
0.632228 0.586097 0.608627 0.583754 0.636402 
0.507180 0.521851 0.277996 0.551970 0.305663 
0.394414 0.619947 0.333563 0.661672 0.434401 
0.542860 0.650972 0.558961 0.459500 0.592709 
0.529740 0.675742 0.382160 0.614590 0.417417 
0.212862 0.661432 0.515361 0.348780 0.540074 
0.550097 0.583225 0.419510 0.464868 0.355728 
0.459354 0.591127 0.339174 0.461749 0.511742 
0.610362 0.670521 0.618290 0.717756 0.554018 
0.438841 0.583851 0.618420 0.563668 0.814136 
0.653219 0.526084 0.570570 0.926569 0.440122 
0.466629 0.638516 0.250420 0.300293 0.645849 
0.319293 0.275981 0.368190 0.304981 0.363946 
0.641506 0.713666 0.653689 0.604856 0.625949 
0.293486 0.272328 0.538354 0.224470 0.549023 
0.309622 0.336129 0.347918 0.208503 0.185236 
0.249291 0.505826 0.362611 0.586439 0.541417 
0.582945 0.725707 0.649947 0.628004 0.722473 
0.348390 0.349600 0.486133 0.422426 0.596920 
0.466304 0.651429 0.522140 0.745040 0.568769 
0.853030 0.541497 0.642003 0.521394 0.663813 
0.347600 0.517979 0.484690 0.527590 0.363910 
0.638220 0.373344 0.332088 0.631700 0.353378 
0.444663 0.536491 0.512764 0.352205 0.764423 
0.377564 0.405787 0.502649 0.574600 0.399542 
0.333408 0.237840 0.308931 0.233055 0.290488 
0.278524 0.384382 0.403136 0.341576 0.438088 
0.439577 0.538644 0.573345 0.453235 0.539440 
0.456365 0.568042 0.396893 0.265645 0.497228 
0.460977 0.585035 0.239739 0.508807 0.463736 
0.271182 0.596106 0.426262 0.388899 0.422600 
0.397348 0.354590 0.390534 0.517066 0.602362 
0.252966 0.316123 0.299173 0.264687 0.259983 
0.373063 0.260385 0.273949 0.246405 0.101154 
0.144182 0.202535 0.319958 0.111258 0.324861 
0.336282 0.652487 0.418765 0.694400 0.413435 
0.537589 0.788185 0.587860 0.551122 0.660070 
0.669066 0.705254 0.687019 0.825579 0.767839 
0.601334 0.567888 0.511168 0.376258 0.452102 
0.262857 0.448971 0.327149 0.229430 0.485927 
0.399543 0.436339 0.396136 0.490674 0.476399 
0.438491 0.448721 0.559324 0.549187 0.460093 
0.290051 0.766809 0.450757 0.416289 0.554466 
0.271773 0.401802 0.298973 0.342566 0.272574 
0.479102 0.503927 0.452273 0.557588 0.352944 
0.604738 0.526520 0.497392 0.836579 0.435426 
0.655091 0.594186 0.489353 0.707161 0.618704 
0.552813 0.770810 0.685520 0.575291 0.778237 
0.485741 0.511705 0.217587 0.558746 0.434434 
0.459448 0.395572 0.614208 0.399991 0.575781 
0.637591 0.520490 0.422840 0.581368 0.674150 
0.620005 0.381115 0.586730 0.513784 0.454196 
0.557033 0.819652 0.475744 0.578335 0.421279 
0.676794 0.354748 0.444583 0.452715 0.491994 
0.462752 0.233249 0.566528 0.550336 0.331506 
0.353309 0.369540 0.422523 0.408005 0.428807 
0.214993 0.609808 0.340258 0.513899 0.506035 
0.623446 0.418963 0.412005 0.390774 0.491629 
0.471484 0.377429 0.394667 0.509937 0.323195 
0.517231 0.360549 0.271584 0.353305 0.305674 
0.414203 0.620017 0.438519 0.454269 0.455316 
0.280909 0.437223 0.092001 0.422187 0.336231 
0.526732 0.253914 0.451675 0.491255 0.337443 
0.591232 0.532782 0.629574 0.493194 0.439977 
0.408996 0.581453 0.522473 0.676857 0.612355 
0.608899 0.659384 0.634322 0.716617 0.660561 
0.708828 0.613677 0.703627 0.633024 0.566200 
0.506441 0.265644 0.348629 0.269895 0.427908 
0.652155 0.563272 0.855113 0.701590 0.601889 
0.513038 0.573507 0.332324 0.582310 0.629427 
0.383514 0.335640 0.329410 0.254765 0.403511 
0.432350 0.415818 0.545471 0.575270 0.271919 
0.614912 0.605381 0.832384 0.282927 0.730391 
0.500337 0.601325 0.806180 0.346534 0.731436 
0.672378 0.460481 0.579020 0.531879 0.675166 
0.443997 0.400089 0.391899 0.443479 0.312408 
0.546951 0.443481 0.591994 0.447148 0.450420 
0.511701 0.416509 0.526645 0.450093 0.257751 
0.778962 0.729188 0.669032 0.700814 0.589353 
0.738025 0.762227 0.686100 0.798080 0.641383 
0.511079 0.721496 0.645906 0.410094 0.678007 
0.274858 0.403881 0.264432 0.446690 0.519447 
0.525920 0.500848 0.327623 0.515138 0.390709 
0.683581 0.609403 0.669217 0.753195 0.618164 
0.425839 0.645540 0.621274 0.531980 0.791454 
0.580162 0.402358 0.345618 0.362494 0.421729 
0.578853 0.632322 0.533068 0.240566 0.633243 
0.653201 0.618838 0.695223 0.699943 0.567936 
0.184037 0.324035 0.252450 0.383686 0.246682 
0.560345 0.331230 0.550827 0.307965 0.547353 
0.194309 0.132558 0.281129 0.272468 0.235818 
0.555680 0.526239 0.567853 0.702534 0.691939 
0.746961 0.679648 0.687152 0.690008 0.543518 
0.585551 0.552570 0.490462 0.677817 0.527788 
0.736969 0.643531 0.607107 0.611666 0.633298 
0.586543 0.447483 0.407390 0.595860 0.464281 
0.612264 0.365361 0.441013 0.448465 0.319457 
0.504140 0.397472 0.307586 0.376994 0.471914 
0.486712 0.295316 0.539066 0.488654 0.276317 
0.114510 0.137174 0.153007 0.098540 0.168990 
0.411273 0.232531 0.331556 0.313672 0.352264 
0.464748 0.496707 0.587831 0.487406 0.704711 
0.553876 0.524243 0.688971 0.375686 0.503494 
0.603422 0.391981 0.635117 0.373377 0.524634 
0.637239 0.520375 0.534648 0.593530 0.633911 
0.378980 0.491498 0.419037 0.565127 0.510048 
0.644806 0.796647 0.716317 0.820120 0.605034 
0.472340 0.519238 0.389196 0.458029 0.383699 
0.421933 0.713494 0.469386 0.714993 0.553132 
0.598626 0.863341 0.488917 0.588950 0.497316 
0.340061 0.643281 0.533276 0.351163 0.604208 
0.427971 0.285340 0.395530 0.213571 0.253034 
0.573912 0.756607 0.375227 0.616422 0.439978 
0.306424 0.383411 0.349346 0.465678 0.396167 
0.437220 0.392387 0.514494 0.401422 0.554984 
0.283526 0.732124 0.137157 0.490123 0.513927 
0.500346 0.424748 0.558013 0.489197 0.627259 
0.666556 0.609290 0.580623 0.761884 0.403697 
0.592606 0.492510 0.532297 0.339956 0.415429 
0.347889 0.551786 0.523371 0.631574 0.339097 
0.629805 0.685446 0.510447 0.805126 0.723336 
0.715972 0.693729 0.648723 0.555480 0.650078 
0.815273 0.725248 0.749879 0.768684 0.684905 
0.631553 0.650088 0.701265 0.470955 0.695430 
0.540926 0.457438 0.384541 0.379911 0.486327 
0.815134 0.800818 0.867548 0.743299 0.743552 
0.518810 0.824778 0.460329 0.685026 0.537968 
0.409561 0.760645 0.537084 0.450150 0.636487 
0.612823 0.465545 0.515863 0.392146 0.361187 
0.471809 0.551395 0.717411 0.686954 0.550442 
0.242262 0.389115 0.310778 0.288698 0.249112 
0.655092 0.723100 0.711832 0.805636 0.533600 
0.543855 0.502895 0.396314 0.587202 0.532869 
0.631105 0.650024 0.709817 0.562346 0.524148 
0.395376 0.380933 0.253137 0.339426 0.169745 
0.402841 0.209887 0.574556 0.384018 0.177091 
0.465011 0.499880 0.303414 0.590726 0.403726 
0.509863 0.618864 0.426982 0.565574 0.162405 
0.455156 0.457556 0.268593 0.481987 0.477952 
0.677592 0.692334 0.692597 0.632932 0.488506 
0.564252 0.472978 0.394810 0.545221 0.177309 
0.655025 0.640885 0.787331 0.568492 0.633393 
0.643946 0.633594 0.462132 0.700604 0.300486 
0.508322 0.288938 0.396974 0.383569 0.438410 
0.911733 0.703792 0.835253 0.810497 0.784567 
0.470974 0.354614 0.508711 0.377858 0.422148 
0.776758 0.827980 0.778258 0.898165 0.681010 
0.506147 0.671065 0.724023 0.603913 0.786418 
0.341998 0.567708 0.450242 0.668887 0.407084 
0.634795 0.272923 0.568415 0.276245 0.649358 
0.441757 0.431069 0.547358 0.689349 0.557322 
0.644416 0.729601 0.584291 0.752487 0.523408 
0.625168 0.621907 0.561930 0.412416 0.532951 
0.526889 0.735416 0.621055 0.692428 0.539542 
0.397364 0.454373 0.407338 0.606438 0.530991 
0.432352 0.335614 0.389526 0.321933 0.522482 
0.587323 0.405718 0.595936 0.540587 0.290484 
0.326080 0.627021 0.264899 0.689720 0.604214 
0.475829 0.381707 0.512486 0.515292 0.503482 
0.345816 0.424907 0.383905 0.479805 0.435428 
0.602766 0.535603 0.637726 0.539721 0.619816 
0.576584 0.616384 0.566279 0.370189 0.504318 
0.470104 0.354242 0.514870 0.499710 0.473777 
0.618244 0.549047 0.500963 0.691865 0.542242 
0.280356 0.311051 0.447944 0.381658 0.243100 
0.208190 0.663941 0.396253 0.603283 0.408996 
0.349688 0.313371 0.388500 0.282976 0.340609 
0.462096 0.347629 0.651160 0.312152 0.475938 
0.558062 0.542318 0.485642 0.677762 0.520796 
0.512334 0.582819 0.520601 0.275090 0.589604 
0.346486 0.371340 0.664377 0.456998 0.453190 
0.672772 0.444232 0.559137 0.576567 0.258560 
0.771915 0.717546 0.791866 0.718377 0.770178 
0.732112 0.686391 0.741606 0.789593 0.788007 
0.599904 0.671893 0.712204 0.599582 0.768623 
0.533938 0.487960 0.477895 0.537034 0.466862 
0.479341 0.384528 0.379021 0.323465 0.241483 
0.585727 0.666392 0.606628 0.729362 0.578403 
0.788808 0.516701 0.482607 0.556372 0.435324 
0.526976 0.635820 0.494949 0.495586 0.547706 
0.538386 0.631567 0.544990 0.572153 0.522471 
0.554601 0.617505 0.681347 0.577358 0.664351 
0.444895 0.230472 0.542767 0.435846 0.547591 
0.602542 0.482796 0.656083 0.421898 0.549385 
0.298049 0.575882 0.334620 0.521898 0.630487 
0.505655 0.593092 0.444720 0.426917 0.241493 
0.210060 0.350556 0.470845 0.315550 0.473594 
0.335727 0.704962 0.661589 0.426449 0.762681 
0.526514 0.720529 0.544834 0.556821 0.652035 
0.230961 0.616418 0.388816 0.416873 0.631772 
0.520909 0.646026 0.709633 0.587875 0.524340 
0.441599 0.498788 0.430221 0.598976 0.318185 
0.632400 0.509072 0.279891 0.489520 0.475732 
0.541515 0.593806 0.250087 0.587500 0.455708 
0.745162 0.789917 0.833864 0.689139 0.845649 
0.629640 0.782026 0.589044 0.561374 0.573178 
0.428306 0.416687 0.501965 0.350925 0.462024 
0.534557 0.292053 0.620151 0.327619 0.576050 
0.514876 0.682262 0.549142 0.490398 0.662060 
0.425728 0.255421 0.632288 0.418202 0.556839 
0.768102 0.558770 0.562064 0.841529 0.576399 
0.526357 0.461721 0.544046 0.330434 0.371031 
0.676350 0.544870 0.670007 0.407885 0.452428 
0.442345 0.634698 0.320637 0.482435 0.277575 
0.409526 0.408922 0.386756 0.545852 0.321755 
0.661659 0.571865 0.594757 0.774521 0.494517 
0.469759 0.382801 0.664290 0.505423 0.646116 
0.809999 0.727363 0.701083 0.757692 0.795206 
0.610192 0.341946 0.446692 0.366760 0.495400 
0.231803 0.709511 0.471558 0.510002 0.740138 
0.152896 0.248420 0.264850 0.260143 0.248840 
0.625075 0.356345 0.538380 0.612180 0.216396 
0.595360 0.505339 0.615969 0.619797 0.575968 
0.341180 0.679760 0.186095 0.489406 0.485613 
0.663460 0.471851 0.622345 0.513701 0.674415 
0.250837 0.727913 0.578506 0.272334 0.716428 
0.368178 0.196542 0.296849 0.337511 0.222563 
0.495610 0.549959 0.403377 0.452709 0.433194 
0.437142 0.441734 0.431854 0.554629 0.376420 
0.453976 0.544800 0.300642 0.449191 0.456395 
0.505120 0.548948 0.370745 0.542699 0.557779 
0.601201 0.757626 0.532933 0.810084 0.770222 
0.321986 0.280561 0.406740 0.369714 0.479973 
0.535419 0.715813 0.727135 0.578536 0.730337 
0.269368 0.211284 0.402481 0.264319 0.215319 
0.574324 0.610666 0.372167 0.500468 0.384378 
0.461314 0.314898 0.347069 0.555920 0.295880 
0.823514 0.564624 0.662997 0.536472 0.625813 
0.307396 0.346611 0.459348 0.318561 0.410861 
0.562304 0.318657 0.436671 0.442983 0.384258 
0.643589 0.607715 0.663894 0.758482 0.655365 
0.660671 0.435127 0.568963 0.658988 0.481918 
0.338341 0.295751 0.323343 0.310512 0.420322 
0.695500 0.683346 0.680363 0.701733 0.531080 
0.299760 0.351788 0.399480 0.365312 0.586911 
0.436255 0.559535 0.467688 0.409160 0.692068 
0.581079 0.565779 0.327131 0.502990 0.446062 
0.535980 0.508280 0.379487 0.275390 0.559747 
0.546185 0.436976 0.214688 0.348409 0.348369 
0.677856 0.592795 0.406487 0.511409 0.416001 
0.332419 0.502867 0.325678 0.391555 0.314620 
0.622555 0.287516 0.492095 0.548780 0.329163 
0.631748 0.670419 0.665469 0.636131 0.647429 
0.777850 0.798196 0.803963 0.910551 0.762664 
0.261471 0.328464 0.254225 0.287095 0.108827 
0.298156 0.405448 0.439820 0.304631 0.310520 
0.806197 0.656127 0.463274 0.735480 0.402574 
0.720581 0.566105 0.678655 0.530874 0.640640 
0.418051 0.435766 0.322005 0.263476 0.238819 
0.734164 0.680759 0.469348 0.629596 0.521900 
0.425335 0.643721 0.158648 0.510706 0.741742 
0.428925 0.566028 0.592893 0.451795 0.591664 
0.809576 0.443062 0.423445 0.641733 0.548767 
0.550102 0.667000 0.612540 0.548216 0.621182 
0.498975 0.690804 0.652224 0.539050 0.804873 
0.597859 0.290307 0.522204 0.376803 0.530843 
0.693931 0.703100 0.452097 0.724933 0.719589 
0.563174 0.545186 0.262920 0.545999 0.488659 
0.482993 0.629424 0.423961 0.708963 0.490324 
0.510542 0.627329 0.655031 0.636605 0.675105 
0.672490 0.459093 0.377641 0.346567 0.484348 
0.815826 0.592048 0.691881 0.513091 0.574858 
0.671477 0.700316 0.756403 0.642689 0.709415 
0.491757 0.663075 0.688772 0.402176 0.585693 
0.214987 0.345447 0.229802 0.401165 0.450593 
0.418641 0.356820 0.365668 0.531058 0.258511 
0.383081 0.441532 0.497004 0.336690 0.351897 
0.681411 0.754575 0.705597 0.693425 0.753150 
0.788868 0.708262 0.633219 0.702034 0.612579 
0.298646 0.470012 0.625596 0.449649 0.413576 
0.710693 0.475550 0.186445 0.664764 0.374495 
0.618244 0.382784 0.869683 0.447714 0.624008 
0.213425 0.309212 0.409033 0.278571 0.390604 
0.710133 0.703751 0.703859 0.538116 0.559221 
0.670059 0.448329 0.692123 0.454221 0.290640 
0.516858 0.748489 0.563090 0.641503 0.483905 
0.552253 0.597050 0.483562 0.605747 0.679745 
0.543912 0.425672 0.542567 0.385199 0.572585 
0.295548 0.292677 0.485647 0.226473 0.319618 
0.789386 0.782874 0.755396 0.792718 0.794222 
0.605791 0.505397 0.576186 0.656849 0.491201 
0.609704 0.848279 0.590384 0.713670 0.522595 
0.338364 0.633734 0.151435 0.630746 0.363958 
0.648549 0.637651 0.748602 0.572603 0.661812 
0.394990 0.459372 0.274602 0.333068 0.550472 
0.665369 0.609670 0.606873 0.605115 0.550033 
0.346043 0.458248 0.234349 0.387391 0.389645 
0.415753 0.351836 0.543373 0.474004 0.812270 
0.249643 0.239562 0.161290 0.163181 0.256452 
0.649309 0.786063 0.771240 0.700679 0.804984 
0.405827 0.598106 0.576523 0.564678 0.262872 
0.575841 0.472369 0.353454 0.648703 0.501813 
0.627343 0.678484 0.635075 0.645047 0.700179 
0.357078 0.485581 0.266190 0.243347 0.426770 
0.589282 0.353987 0.368551 0.755846 0.376635 
0.602958 0.551678 0.599078 0.578784 0.527038 
0.339821 0.201836 0.408527 0.302672 0.377096 
0.579822 0.602135 0.591177 0.480589 0.336187 
0.660657 0.447386 0.565808 0.631547 0.307387 
0.485040 0.670924 0.589628 0.527154 0.574389 
0.379821 0.348769 0.260508 0.372854 0.126242 
0.598501 0.273974 0.691141 0.366802 0.612152 
0.586959 0.630660 0.495618 0.593687 0.435103 
0.609579 0.497593 0.515847 0.457172 0.537340 
0.453816 0.219285 0.343461 0.348371 0.316158 
0.732584 0.493779 0.666675 0.571463 0.495350 
0.538483 0.692117 0.729610 0.530546 0.607784 
0.606326 0.712328 0.692959 0.641724 0.724339 
0.497307 0.310884 0.350131 0.395813 0.402961 
0.660806 0.580861 0.676068 0.549606 0.600781 
0.584448 0.411656 0.600937 0.546724 0.567817 
0.455567 0.670249 0.577774 0.704921 0.677499 
0.263251 0.369511 0.195259 0.396812 0.270649 
0.416577 0.477008 0.495258 0.539575 0.521535 
0.303706 0.307320 0.420400 0.479429 0.478979 
0.527282 0.237375 0.427415 0.358409 0.489350 
0.586892 0.692516 0.400413 0.755946 0.440552 
0.697168 0.602315 0.585250 0.619252 0.560251 
0.434433 0.468644 0.657857 0.289740 0.526079 
0.419128 0.512267 0.380828 0.502294 0.240331 
0.639329 0.590662 0.444731 0.485030 0.469665 
0.511145 0.568282 0.412739 0.616979 0.657691 
0.483067 0.614335 0.446807 0.552646 0.604258 
0.413048 0.234488 0.258602 0.322498 0.265744 
0.524795 0.558200 0.340587 0.587328 0.531670 
0.606086 0.646338 0.519949 0.646098 0.690944 
0.735367 0.603830 0.650298 0.521383 0.446533 
0.613665 0.596878 0.600874 0.482138 0.407900 
0.617513 0.551413 0.524711 0.245504 0.624162 
0.474968 0.413425 0.389072 0.605238 0.462037 
0.276732 0.362013 0.457569 0.423443 0.544675 
0.281427 0.247072 0.212030 0.209013 0.300491 
0.350084 0.595772 0.317545 0.496273 0.392359 
0.379593 0.357937 0.318481 0.526107 0.550118 
0.646255 0.643557 0.584113 0.656184 0.458622 
0.412630 0.490845 0.473396 0.302423 0.351176 
0.704121 0.528437 0.585638 0.687548 0.607680 
0.314520 0.631303 0.453786 0.328427 0.644505 
0.511702 0.581907 0.450054 0.526725 0.590229 
0.655751 0.661784 0.765091 0.632352 0.751929 
0.740853 0.723257 0.664949 0.910777 0.704108 
0.625999 0.556837 0.587830 0.578080 0.570300 
0.499830 0.667671 0.658720 0.589865 0.540502 
0.603983 0.336652 0.486771 0.474264 0.402548 
0.405245 0.620202 0.586428 0.572485 0.743479 
0.547162 0.631761 0.670777 0.536413 0.692513 
0.584469 0.650239 0.722628 0.652045 0.677354 
0.661230 0.640305 0.414122 0.524299 0.519400 
0.374785 0.486829 0.538815 0.404627 0.774691 
0.655870 0.427036 0.621974 0.507100 0.544492 
0.450684 0.619713 0.224428 0.503604 0.278508 
0.427774 0.464390 0.622495 0.518157 0.415645 
0.413403 0.478698 0.578966 0.207760 0.574876 
0.176014 0.620024 0.352700 0.389043 0.485150 
0.582381 0.218271 0.413465 0.340586 0.376732 
0.591417 0.686192 0.582757 0.450870 0.761645 
0.639631 0.637785 0.700771 0.579607 0.704775 
0.521568 0.285665 0.474411 0.354203 0.366579 
0.321861 0.343882 0.376186 0.261933 0.307437 
0.563547 0.282182 0.502309 0.548911 0.324707 
0.360844 0.555419 0.281227 0.497229 0.423838 
0.445841 0.514456 0.429896 0.547817 0.284724 
0.614055 0.696199 0.457902 0.705415 0.383222 
0.342750 0.445046 0.453113 0.623425 0.659370 
0.273030 0.247294 0.390742 0.378333 0.260414 
0.526524 0.605572 0.559790 0.490419 0.566371 
0.342901 0.172043 0.388930 0.437220 0.487266 
0.336910 0.654441 0.369371 0.460852 0.530414 
0.583187 0.600497 0.535505 0.446064 0.609721 
0.326725 0.356068 0.339445 0.511953 0.470155 
0.678283 0.593433 0.599647 0.579854 0.751814 
0.379934 0.355876 0.502580 0.279520 0.404415 
0.573197 0.603864 0.687078 0.477943 0.685662 
0.659247 0.544342 0.710734 0.435771 0.412004 
0.372773 0.427244 0.453955 0.451457 0.582996 
0.220200 0.296288 0.562979 0.343379 0.408011 
0.624209 0.545280 0.666439 0.592547 0.614958 
0.474979 0.449344 0.504234 0.239432 0.564334 
0.631326 0.687338 0.580694 0.638039 0.544551 
0.340795 0.294983 0.392353 0.382643 0.496322 
0.361805 0.534285 0.333529 0.372936 0.419738 
0.398959 0.350848 0.640813 0.538958 0.516375 
0.415322 0.480673 0.409758 0.523252 0.710528 
0.726894 0.512706 0.440891 0.555605 0.438010 
0.558112 0.406591 0.591025 0.569681 0.280161 
0.546465 0.380130 0.264466 0.549264 0.289602 
0.459359 0.617159 0.465102 0.584873 0.492013 
0.198605 0.532972 0.576389 0.510187 0.531745 
0.815694 0.712402 0.714535 0.679552 0.648189 
0.484819 0.669499 0.557650 0.540908 0.712297 
0.589760 0.567244 0.646315 0.591224 0.620240 
0.452699 0.482148 0.649414 0.569450 0.503497 
0.540074 0.586750 0.496198 0.535248 0.586365 
0.532630 0.256067 0.613668 0.327776 0.379951 
0.356414 0.695726 0.322209 0.485752 0.609701 
0.187636 0.381866 0.281570 0.293487 0.362763 
0.405436 0.438548 0.276625 0.455640 0.369472 
0.329832 0.433717 0.568359 0.398028 0.363827 
0.649175 0.441864 0.313052 0.640855 0.286329 
0.351471 0.446939 0.305595 0.485904 0.345390 
0.668732 0.502007 0.695106 0.646156 0.721270 
0.476982 0.460147 0.288707 0.603581 0.471613 
0.253550 0.127467 0.237961 0.238117 0.194663 
0.558105 0.248549 0.620539 0.365300 0.436661 
0.503956 0.590079 0.381890 0.700464 0.534327 
0.591820 0.693059 0.691918 0.511076 0.743668 
0.482952 0.613536 0.472360 0.371485 0.512178 
0.645531 0.592347 0.794479 0.503185 0.618006 
0.425122 0.287931 0.626893 0.346967 0.657048 
0.742087 0.655407 0.623421 0.802652 0.678158 
0.363366 0.412342 0.652564 0.421482 0.523298 
0.678806 0.302518 0.678008 0.561205 0.717978 
0.569916 0.572853 0.619597 0.588200 0.522712 
0.479293 0.606357 0.626566 0.557710 0.534092 
0.382027 0.442220 0.435908 0.376549 0.285065 
0.477518 0.429655 0.503833 0.488978 0.456699 
0.579525 0.438237 0.716184 0.630475 0.523237 
0.474406 0.488709 0.700711 0.404324 0.507505 
0.302794 0.369019 0.373963 0.486636 0.234255 
0.626257 0.717331 0.664279 0.721993 0.745355 
0.580464 0.364044 0.638267 0.550861 0.258667 
0.559170 0.557400 0.693730 0.462928 0.593076 
0.280307 0.219590 0.240772 0.271682 0.295542 
0.908088 0.520957 0.602358 0.720945 0.508293 
0.382472 0.321612 0.430314 0.408975 0.500062 
0.525934 0.435069 0.725641 0.594078 0.737630 
0.501204 0.666710 0.568355 0.635148 0.510043 
0.447312 0.336168 0.376562 0.485307 0.345271 
0.384903 0.754594 0.577609 0.551700 0.718504 
0.615484 0.466226 0.532961 0.474996 0.516643 
0.530013 0.596009 0.467236 0.690397 0.508143 
0.577836 0.775790 0.286386 0.738768 0.380366 
0.315718 0.332440 0.442527 0.290862 0.519939 
0.415636 0.528388 0.538085 0.354896 0.455673 
0.687473 0.546407 0.661552 0.632214 0.564279 
0.614800 0.621250 0.741952 0.579661 0.692874 
0.631702 0.629969 0.365566 0.786132 0.430294 
0.699092 0.674874 0.569708 0.706746 0.552297 
0.803369 0.520533 0.312187 0.622949 0.238284 
0.454220 0.696684 0.477769 0.675089 0.358776 
0.446411 0.303092 0.506415 0.433621 0.544675 
0.251888 0.267229 0.416441 0.277491 0.372163 
0.653166 0.672469 0.671150 0.672818 0.658278 
0.804276 0.548574 0.721812 0.561382 0.513013 
0.459246 0.560605 0.605635 0.314434 0.652256 
0.772020 0.610483 0.688365 0.691743 0.504462 
0.525011 0.721233 0.682091 0.481222 0.635291 
0.392233 0.750063 0.454280 0.419821 0.703989 
0.393899 0.524600 0.581862 0.612773 0.604272 
0.433821 0.408564 0.590506 0.505752 0.262467 
0.457961 0.433347 0.402520 0.306844 0.358441 
0.648462 0.302013 0.605827 0.610185 0.413875 
0.552689 0.394988 0.689678 0.567021 0.454584 
0.446278 0.364322 0.514922 0.614634 0.494210 
0.496528 0.803072 0.593602 0.638798 0.744308 
0.521792 0.556910 0.599286 0.494222 0.657631 
0.486455 0.431538 0.398000 0.378037 0.348816 
0.498805 0.352200 0.701465 0.567275 0.365208 
0.597282 0.355111 0.436574 0.271707 0.430969 
0.789083 0.184011 0.588649 0.403538 0.348869 
0.251521 0.303707 0.247298 0.396497 0.249726 
0.493341 0.511135 0.547137 0.681603 0.466076 
0.461978 0.455961 0.423365 0.265929 0.474799 
0.704997 0.631956 0.542638 0.846993 0.536525 
0.277076 0.472175 0.269839 0.363784 0.449614 
0.114074 0.196574 0.199837 0.049541 0.175471 
0.575310 0.394604 0.328394 0.607266 0.274384 
0.716381 0.645619 0.781835 0.578043 0.644340 
0.568631 0.362039 0.616614 0.351938 0.340048 
0.795490 0.841411 0.712146 0.711274 0.630267 
0.602683 0.556552 0.681119 0.720435 0.716232 
0.377484 0.350889 0.441385 0.380744 0.255726 
0.739989 0.682557 0.667471 0.483896 0.616052 
0.509781 0.363651 0.344973 0.401228 0.389180 
0.326362 0.241069 0.266892 0.244475 0.189412 
0.475427 0.268671 0.473515 0.274070 0.569553 
0.650365 0.383058 0.445564 0.450919 0.676983 
0.492894 0.513701 0.521234 0.626337 0.551458 
0.396878 0.434956 0.384209 0.464683 0.377328 
0.244923 0.416758 0.077467 0.412959 0.302923 
0.390248 0.408172 0.615583 0.337682 0.509240 
0.436472 0.341212 0.487985 0.320398 0.359279 
0.755862 0.466334 0.394839 0.610144 0.288627 
0.555655 0.654119 0.502305 0.603484 0.699900 
0.304786 0.345954 0.349249 0.300119 0.471079 
0.510766 0.315691 0.391359 0.575235 0.429565 
0.472542 0.434122 0.653709 0.302225 0.511132 
0.638750 0.652951 0.763747 0.588006 0.656636 
0.383470 0.185663 0.270953 0.386592 0.238441 
0.610742 0.369580 0.694050 0.382374 0.627057 
0.227216 0.522714 0.332298 0.301007 0.340384 
0.537805 0.349086 0.457142 0.301287 0.394627 
0.442492 0.348488 0.464675 0.519373 0.659937 
0.253331 0.437092 0.295427 0.439684 0.292863 
0.522603 0.551057 0.512078 0.685649 0.456610 
0.671162 0.479240 0.609000 0.428076 0.514747 
0.309089 0.320591 0.294319 0.286767 0.334265 
0.692993 0.606638 0.476971 0.660858 0.674436 
0.496576 0.468530 0.206810 0.423050 0.338810 
0.535629 0.516221 0.528918 0.418437 0.463389 
0.501512 0.560050 0.631938 0.400944 0.598693 
0.665164 0.632061 0.441092 0.644319 0.659597 
0.362041 0.506614 0.512868 0.489136 0.734690 
0.602251 0.427885 0.483672 0.624842 0.365484 
0.414996 0.379059 0.360940 0.457154 0.234398 
0.383468 0.611904 0.466918 0.421916 0.668386 
0.770258 0.730132 0.692422 0.728470 0.683502 
0.755253 0.750650 0.817446 0.717487 0.770874 
0.575740 0.469616 0.427245 0.461844 0.522855 
0.716602 0.745178 0.511757 0.756802 0.736119 
0.178399 0.337015 0.225574 0.159362 0.376554 
0.727081 0.394404 0.652258 0.361632 0.623880 
0.345004 0.588765 0.767010 0.367940 0.348383 
0.410517 0.362734 0.429146 0.369903 0.401957 
0.496477 0.659079 0.488227 0.556489 0.545813 
0.302919 0.223728 0.328209 0.288438 0.206373 
0.445739 0.602367 0.428424 0.318332 0.553530 
0.522438 0.564649 0.301838 0.573624 0.509087 
0.451179 0.323899 0.322367 0.272235 0.375303 
0.413159 0.336740 0.472825 0.444657 0.590213 
0.299120 0.373667 0.163884 0.343370 0.388954 
0.512277 0.307760 0.404743 0.363457 0.354836 
0.685713 0.500993 0.738209 0.571641 0.624794 
0.735839 0.807998 0.651842 0.657121 0.695635 
0.499647 0.754125 0.606617 0.677094 0.460838 
0.573177 0.457200 0.507634 0.363690 0.561510 
0.279682 0.271297 0.258769 0.393719 0.281611 
0.602804 0.701313 0.778128 0.644051 0.690802 
0.629574 0.705914 0.442427 0.663285 0.443151 
0.414344 0.365037 0.317480 0.349655 0.333170 
0.446637 0.753840 0.425763 0.555488 0.510454 
0.576719 0.772539 0.581640 0.638875 0.763620 
0.562078 0.408166 0.515599 0.360600 0.222156 
0.470132 0.500822 0.544081 0.453351 0.367358 
0.711728 0.564476 0.755902 0.631416 0.653743 
0.320527 0.783093 0.143950 0.638731 0.461704 
0.218095 0.474100 0.314981 0.459432 0.327204 
0.623989 0.535877 0.476454 0.653899 0.618684 
0.453996 0.461194 0.487913 0.363026 0.312785 
0.278873 0.381367 0.189842 0.224214 0.361538 
0.253236 0.254487 0.221875 0.328846 0.427787 
0.340400 0.377744 0.169501 0.337679 0.333338 
0.235058 0.331243 0.275151 0.216915 0.340989 
0.650816 0.340627 0.707387 0.503407 0.367664 
0.234754 0.321975 0.157042 0.360272 0.326148 
0.546470 0.548574 0.498223 0.570859 0.603252 
0.569536 0.499452 0.644218 0.489371 0.749609 
0.429887 0.528869 0.351007 0.443839 0.356286 
0.465414 0.467995 0.549487 0.290903 0.337985 
0.525347 0.521980 0.555228 0.189705 0.362216 
0.521531 0.276387 0.785774 0.506807 0.608076 
0.470222 0.581707 0.415303 0.523123 0.297827 
0.643138 0.502197 0.596934 0.511056 0.680544 
0.552263 0.468942 0.384307 0.699350 0.555787 
0.507342 0.613953 0.416764 0.464381 0.386642 
0.566499 0.701997 0.467884 0.693669 0.507221 
0.401319 0.257460 0.416105 0.260844 0.486555 
0.432871 0.384604 0.442003 0.428002 0.299957 
0.894924 0.878627 0.835971 0.905623 0.859156 
0.521289 0.291479 0.268690 0.517289 0.344885 
0.769912 0.584743 0.697111 0.719485 0.579391 
0.513115 0.492975 0.550695 0.594362 0.459724 
0.598805 0.398531 0.492673 0.635877 0.383263 
0.213413 0.278492 0.283671 0.223781 0.284390 
0.624256 0.796344 0.567592 0.689090 0.525212 
0.494303 0.364410 0.492170 0.558085 0.452678 
0.720801 0.327377 0.385439 0.653859 0.458434 
0.627258 0.637123 0.408119 0.662279 0.475977 
0.767896 0.425857 0.432345 0.434438 0.616510 
0.319990 0.422340 0.407086 0.404282 0.267054 
0.558400 0.653053 0.599459 0.393883 0.541267 
0.492795 0.776469 0.487634 0.569869 0.718527 
0.574769 0.417988 0.399960 0.549980 0.417122 
0.647994 0.786201 0.574074 0.620916 0.533814 
0.656534 0.629208 0.642950 0.514315 0.597777 
0.251874 0.475951 0.418954 0.344696 0.472919 
0.583641 0.378726 0.518597 0.490223 0.371055 
0.388126 0.712387 0.504668 0.726407 0.362206 
0.479054 0.423131 0.370158 0.347876 0.320127 
0.745250 0.722272 0.837966 0.791093 0.757655 
0.592639 0.612184 0.697234 0.579213 0.773243 
0.467593 0.719172 0.629894 0.812846 0.688441 
0.515834 0.534671 0.455287 0.623675 0.564874 
0.643840 0.397483 0.552847 0.528167 0.379917 
0.253948 0.577536 0.372734 0.608115 0.563258 
0.525498 0.626545 0.189069 0.844686 0.235887 
0.258390 0.227154 0.252356 0.262559 0.228058 
0.270750 0.367513 0.511344 0.266169 0.401019 
0.376683 0.415006 0.252618 0.320840 0.416148 
0.549000 0.133739 0.392806 0.383434 0.308803 
0.577410 0.295723 0.483776 0.245940 0.567204 
0.543648 0.495283 0.467564 0.626282 0.362692 
0.378204 0.327932 0.552230 0.306634 0.573600 
0.354910 0.617505 0.488755 0.543836 0.572291 
0.378088 0.435346 0.308618 0.203712 0.352848 
0.209128 0.374651 0.412553 0.266564 0.267024 
0.657819 0.728116 0.698965 0.485250 0.648680 
0.304050 0.361396 0.413926 0.291859 0.409322 
0.132793 0.258765 0.393074 0.190184 0.369839 
0.370901 0.358209 0.336351 0.598574 0.304546 
0.395735 0.173588 0.328967 0.243029 0.350429 
0.524102 0.601602 0.693482 0.563641 0.738543 
0.567982 0.595907 0.620914 0.686299 0.791181 
0.509731 0.276193 0.412259 0.449901 0.428098 
0.406143 0.484684 0.291353 0.410761 0.403616 
0.419342 0.347074 0.386868 0.441852 0.542891 
0.866713 0.774622 0.924008 0.757757 0.787211 
0.365030 0.623298 0.401201 0.505028 0.586590 
0.785576 0.757933 0.575340 0.840717 0.661216 
0.410294 0.681108 0.446347 0.502825 0.615804 
0.762091 0.543218 0.619610 0.683473 0.602954 
0.718317 0.606330 0.568165 0.774457 0.476556 
0.596650 0.491188 0.534091 0.671019 0.602240 
0.650578 0.614051 0.664557 0.666769 0.618242 
0.804705 0.742065 0.742731 0.732869 0.748499 
0.749685 0.696045 0.676345 0.726906 0.556293 
0.371041 0.735091 0.429133 0.430683 0.582059 
0.637024 0.386479 0.339268 0.573242 0.384334 
0.458733 0.818437 0.519978 0.614063 0.569398 
0.475791 0.623807 0.715689 0.490035 0.863559 
0.645057 0.391727 0.594372 0.535109 0.533352 
0.613816 0.510359 0.511680 0.391485 0.261252 
0.530483 0.370390 0.446285 0.388638 0.339506 
0.373496 0.426827 0.778138 0.526111 0.388065 
0.626061 0.395532 0.579836 0.603841 0.293483 
0.758281 0.732570 0.695997 0.754106 0.725860 
0.821487 0.532754 0.678384 0.700897 0.491690 
0.375926 0.522151 0.378850 0.395380 0.577733 
0.400799 0.419818 0.406432 0.445875 0.366972 
0.861921 0.660352 0.810194 0.694229 0.677108 
0.560855 0.520399 0.509956 0.496520 0.645442 
0.476429 0.705775 0.463738 0.561168 0.497841 
0.584522 0.709526 0.530372 0.451781 0.549126 
0.614439 0.661577 0.251146 0.551612 0.559621 
0.459938 0.335173 0.309026 0.429253 0.303622 
0.440429 0.406707 0.677928 0.422438 0.390488 
0.498072 0.343474 0.549178 0.266778 0.635577 
0.594320 0.643324 0.573555 0.842250 0.583623 
0.316628 0.240280 0.303380 0.394971 0.312733 
0.492622 0.455223 0.495525 0.399671 0.323850 
0.274330 0.285777 0.212408 0.377336 0.344966 
0.650578 0.532943 0.652871 0.495592 0.479171 
0.360699 0.438387 0.379107 0.428685 0.269433 
0.750168 0.483864 0.613042 0.590771 0.525829 
0.729624 0.639266 0.601202 0.718341 0.669353 
0.536730 0.605003 0.522812 0.493075 0.782597 
0.447803 0.222672 0.212855 0.479657 0.177714 
0.369849 0.287070 0.505038 0.357747 0.468007 
0.443957 0.636183 0.596005 0.559838 0.672045 
0.352279 0.428751 0.486510 0.484644 0.472222 
0.282453 0.217443 0.550228 0.339224 0.420851 
0.657724 0.629733 0.575155 0.689990 0.457194 
0.392228 0.400611 0.568852 0.441090 0.545071 
0.288959 0.251679 0.498745 0.326857 0.351396 
0.634131 0.547430 0.525741 0.481462 0.548581 
0.413883 0.436090 0.388504 0.469602 0.216651 
0.703672 0.573793 0.837342 0.683526 0.734387 
0.833845 0.826259 0.932632 0.863635 0.799181 
0.648517 0.492715 0.479959 0.465750 0.548719 
0.287985 0.215876 0.347079 0.245298 0.391169 
0.851824 0.832252 0.864845 0.803549 0.843197 
0.661292 0.616629 0.538471 0.501753 0.579937 
0.751426 0.594636 0.623865 0.744683 0.580871 
0.353017 0.504921 0.282019 0.430369 0.193198 
0.750240 0.288854 0.542140 0.384155 0.554547 
0.537093 0.311029 0.456849 0.276749 0.475045 
0.637947 0.295672 0.527095 0.370784 0.330531 
0.624537 0.596294 0.516908 0.664517 0.661648 
0.380317 0.509705 0.369342 0.485831 0.520451 
0.512518 0.546805 0.422676 0.366741 0.430202 
0.410543 0.443526 0.528798 0.654681 0.643032 
0.381593 0.196319 0.239137 0.441611 0.177504 
0.344072 0.579633 0.326539 0.394591 0.622148 
0.422038 0.339458 0.430873 0.546671 0.622352 
0.397788 0.430372 0.352832 0.416866 0.450016 
0.270824 0.397712 0.354575 0.287638 0.353659 
0.585962 0.518269 0.467123 0.671514 0.601075 
0.442627 0.521368 0.569946 0.603532 0.490533 
0.376042 0.235495 0.296653 0.400069 0.252596 
0.422896 0.464841 0.371056 0.746452 0.514964 
0.443393 0.441074 0.521700 0.503550 0.493039 
0.690557 0.507514 0.527586 0.531205 0.575010 
0.265543 0.417777 0.426685 0.451462 0.579670 
0.851462 0.684563 0.810637 0.712199 0.737727 
0.354733 0.593283 0.301730 0.454804 0.486759 
0.579933 0.467216 0.367776 0.598459 0.555299 
0.678028 0.518255 0.647155 0.533870 0.627057 
0.285149 0.538808 0.572782 0.338891 0.512294 
0.218521 0.137854 0.200824 0.176590 0.163920 
0.481327 0.473144 0.533365 0.605040 0.468876 
0.702222 0.422539 0.446542 0.533930 0.366744 
0.538334 0.583452 0.388481 0.457602 0.662854 
0.386431 0.400272 0.364592 0.516200 0.316225 
0.503464 0.547854 0.680329 0.535659 0.395775 
0.553747 0.592032 0.467979 0.503886 0.754143 
0.476979 0.623734 0.633498 0.440642 0.558017 
0.579606 0.592700 0.488257 0.510024 0.590052 
0.599385 0.543049 0.682680 0.529041 0.596568 
0.519052 0.688700 0.685053 0.680374 0.479024 
0.735917 0.775918 0.766240 0.671295 0.940431 
0.470654 0.490149 0.470397 0.449886 0.504768 
0.570240 0.420642 0.335301 0.336751 0.410542 
0.715731 0.622662 0.669586 0.653524 0.649349 
0.798486 0.825040 0.873109 0.803020 0.866633 
0.586456 0.579604 0.657102 0.466464 0.720593 
0.207568 0.188280 0.396514 0.131913 0.191286 
0.280648 0.332993 0.376195 0.217173 0.304740 
0.727100 0.516465 0.745555 0.603179 0.600747 
0.471322 0.511209 0.405513 0.345333 0.663914 
0.781058 0.570058 0.786795 0.504165 0.621501 
0.669776 0.576411 0.585776 0.741965 0.413676 
0.374408 0.197239 0.403187 0.494408 0.247438 
0.868701 0.543936 0.548758 0.610651 0.637953 
0.221572 0.454928 0.482500 0.443906 0.542828 
0.380023 0.446215 0.289813 0.414823 0.487619 
0.362840 0.471191 0.402546 0.378441 0.507225 
0.392209 0.639584 0.531973 0.364818 0.630483 
0.672840 0.534542 0.513158 0.485459 0.335135 
0.424299 0.366505 0.352339 0.564349 0.422296 
0.752927 0.738624 0.804327 0.788852 0.806964 
0.491979 0.414908 0.682097 0.299960 0.685098 
0.515163 0.585592 0.324168 0.434452 0.479275 
0.618943 0.623140 0.775344 0.694525 0.668765 
0.525703 0.534931 0.354995 0.608161 0.536120 
0.554006 0.634243 0.476613 0.396010 0.713854 
0.348448 0.375407 0.486287 0.403231 0.597640 
0.594369 0.490452 0.599368 0.396445 0.501695 
0.437514 0.468417 0.467495 0.388136 0.495401 
0.464750 0.367062 0.295657 0.286924 0.466592 
0.593840 0.693157 0.517168 0.642911 0.555592 
0.431992 0.312487 0.288753 0.431404 0.211758 
0.631406 0.684134 0.502363 0.751893 0.594261 
0.378846 0.330021 0.470146 0.374489 0.365139 
0.606264 0.695446 0.780442 0.566906 0.683471 
0.350629 0.408872 0.341963 0.311424 0.447015 
0.247648 0.582266 0.584474 0.521222 0.652905 
0.527027 0.549173 0.469294 0.265168 0.821044 
0.488556 0.440805 0.380470 0.507824 0.406322 
0.483560 0.691978 0.348355 0.609481 0.201313 
0.617677 0.384542 0.658729 0.559380 0.563950 
0.474092 0.444620 0.178984 0.438260 0.417443 
0.349196 0.387186 0.351236 0.376894 0.572980 
0.379175 0.285648 0.282890 0.257565 0.429541 
0.431371 0.291800 0.310970 0.520604 0.453635 
0.771496 0.482154 0.609132 0.471841 0.650299 
0.404429 0.449869 0.339756 0.600636 0.593262 
0.464560 0.568879 0.220717 0.459288 0.297472 
0.393254 0.375127 0.362298 0.375092 0.497061 
0.440000 0.626713 0.333236 0.531085 0.553567 
0.566624 0.763758 0.398357 0.567564 0.571281 
0.608775 0.451630 0.476828 0.592380 0.414437 
0.451966 0.405166 0.418412 0.398082 0.307803 
0.596080 0.380979 0.327686 0.595859 0.325842 
0.397500 0.312370 0.532717 0.611597 0.498162 
0.549546 0.598522 0.602228 0.553842 0.610220 
0.774173 0.842947 0.846619 0.848882 0.855408 
0.443652 0.331616 0.503902 0.378174 0.357159 
0.260131 0.510537 0.197312 0.400632 0.386292 
0.427701 0.360275 0.451422 0.376997 0.441942 
0.674175 0.645417 0.618952 0.666756 0.527941 
0.331089 0.255383 0.510582 0.210271 0.456120 
0.787056 0.462449 0.615064 0.568283 0.589620 
0.574503 0.590853 0.290747 0.593437 0.507763 
0.561769 0.361038 0.439306 0.398703 0.433292 
0.291925 0.167140 0.182999 0.176290 0.211572 
0.460493 0.279806 0.490782 0.284351 0.294341 
0.565204 0.374679 0.515024 0.418761 0.597155 
0.252435 0.706823 0.505433 0.474973 0.574876 
0.640698 0.535321 0.612364 0.522428 0.515472 
0.248584 0.404219 0.348771 0.315120 0.327142 
0.464147 0.255403 0.387768 0.353049 0.376799 
0.629954 0.709137 0.540595 0.606471 0.579047 
0.387131 0.661786 0.532194 0.492883 0.889786 
0.459630 0.210606 0.502948 0.413374 0.417567 
0.716155 0.699057 0.722239 0.768080 0.841657 
0.580974 0.531546 0.340922 0.528666 0.539324 
0.436173 0.590240 0.579647 0.450015 0.426158 
0.793967 0.533479 0.522136 0.460943 0.655695 
0.153628 0.345870 0.283481 0.086851 0.445717 
0.644910 0.663459 0.733151 0.705258 0.419294 
0.817281 0.762583 0.808552 0.816080 0.756455 
0.435863 0.319667 0.332353 0.540071 0.274039 
0.463302 0.462795 0.482403 0.578766 0.380296 
0.432864 0.485814 0.623801 0.511887 0.566098 
0.432307 0.475371 0.571198 0.729569 0.414709 
0.350504 0.205505 0.313747 0.358156 0.106119 
0.402319 0.240095 0.467265 0.356804 0.429598 
0.358411 0.350343 0.473955 0.288059 0.458065 
0.491711 0.448641 0.614392 0.679388 0.469875 
0.772396 0.763169 0.723941 0.809163 0.598631 
0.558746 0.679340 0.623133 0.566080 0.731966 
0.688052 0.550631 0.663976 0.584274 0.606470 
0.213528 0.565852 0.212457 0.338175 0.400192 
0.347768 0.613398 0.509684 0.470432 0.758506 
0.571161 0.533731 0.546013 0.467535 0.502798 
0.638267 0.422096 0.573525 0.579726 0.414339 
0.830081 0.784106 0.726166 0.744038 0.685594 
0.334173 0.504472 0.416582 0.420563 0.510437 
0.483110 0.455268 0.473221 0.456796 0.395632 
0.684533 0.620487 0.526266 0.840736 0.558050 
0.770868 0.743901 0.806064 0.737788 0.693821 
0.457266 0.383729 0.528989 0.570747 0.353392 
0.456359 0.647425 0.483190 0.614452 0.557836 
0.134583 0.165182 0.197698 0.183044 0.150142 
0.586386 0.394045 0.400770 0.605171 0.305045 
0.602726 0.501495 0.499997 0.552013 0.380241 
0.544321 0.645434 0.542217 0.557069 0.562215 
0.385364 0.397903 0.360372 0.625335 0.349237 
0.344257 0.501582 0.325335 0.605220 0.548396 
0.669742 0.634060 0.611590 0.663222 0.628773 
0.285818 0.441520 0.191207 0.327312 0.392071 
0.597496 0.464507 0.617190 0.494680 0.428798 
0.386441 0.214191 0.455356 0.253103 0.401815 
0.171908 0.305860 0.311536 0.371109 0.379510 
0.442424 0.696625 0.429558 0.491272 0.654865 
0.566258 0.714115 0.475941 0.572515 0.561091 
0.602493 0.628355 0.404027 0.502833 0.413086 
0.544040 0.320321 0.453576 0.533108 0.185836 
0.810736 0.605064 0.564936 0.749308 0.499591 
0.533657 0.527212 0.666128 0.418434 0.717403 
0.637899 0.423245 0.806893 0.591281 0.546117 
0.775511 0.563302 0.621038 0.503441 0.599725 
0.690749 0.425327 0.634407 0.627270 0.589063 
0.495545 0.214955 0.491380 0.248353 0.539736 
0.587235 0.753706 0.408791 0.599739 0.733297 
0.668432 0.788554 0.622035 0.703342 0.655374 
0.469261 0.682240 0.272420 0.682972 0.246886 
0.510090 0.538119 0.572763 0.522302 0.508738 
0.353415 0.513762 0.550791 0.650939 0.757381 
0.649857 0.510276 0.341947 0.615207 0.297107 
0.480314 0.528852 0.495855 0.471156 0.480928 
0.517703 0.314916 0.633536 0.449006 0.387923 
0.320373 0.698466 0.737132 0.517942 0.559040 
0.281852 0.238362 0.390380 0.253940 0.279260 
0.516208 0.414133 0.375915 0.415752 0.491160 
0.324529 0.306778 0.267175 0.304593 0.255022 
0.593063 0.628241 0.633519 0.537961 0.739975 
0.453349 0.432516 0.566078 0.407815 0.389795 
0.675927 0.710505 0.676895 0.724134 0.734026 
0.789290 0.573206 0.723977 0.567179 0.586939 
0.165948 0.411067 0.268482 0.610559 0.295878 
0.190586 0.317701 0.153175 0.210298 0.204080 
0.510492 0.579751 0.621616 0.457564 0.604176 
0.631549 0.559634 0.643487 0.687885 0.725267 
0.662941 0.584953 0.754184 0.655474 0.670374 
0.360263 0.709867 0.635912 0.407817 0.473727 
0.466832 0.680316 0.407490 0.634378 0.576240 
0.603194 0.403761 0.528443 0.329658 0.428016 
0.345099 0.264871 0.425023 0.353260 0.266827 
0.597230 0.612120 0.707910 0.516792 0.628128 
0.477071 0.494378 0.625204 0.469914 0.514321 
0.317213 0.606090 0.520676 0.559491 0.333500 
0.806969 0.715891 0.785755 0.671933 0.752285 
0.726724 0.713267 0.756615 0.854534 0.729313 
0.575072 0.430961 0.542810 0.545620 0.340740 
0.377661 0.403229 0.568626 0.234258 0.412949 
0.171212 0.281425 0.227375 0.172563 0.273436 
0.291675 0.263660 0.355024 0.353225 0.429332 
0.390298 0.212406 0.372594 0.393025 0.265446 
0.674358 0.531572 0.627641 0.630010 0.584511 
0.346004 0.484224 0.514196 0.495749 0.603127 
0.799498 0.486377 0.462178 0.592594 0.398819 
0.428853 0.526094 0.374780 0.425824 0.696994 
0.252501 0.320953 0.260570 0.283330 0.237909 
0.321913 0.623060 0.550254 0.641889 0.638910 
0.532958 0.760037 0.721287 0.716168 0.531549 
0.605517 0.524017 0.680267 0.476598 0.632189 
0.580293 0.778782 0.680609 0.675285 0.770250 
0.560751 0.313886 0.574069 0.560784 0.407176 
0.472343 0.459379 0.715496 0.604331 0.634485 
0.525995 0.424147 0.405458 0.382278 0.532242 
0.501668 0.345194 0.529795 0.355904 0.467317 
0.379947 0.400510 0.174838 0.682597 0.351658 
0.605925 0.502431 0.628141 0.482139 0.741812 
0.679466 0.255706 0.653976 0.408823 0.363204 
0.502517 0.727549 0.584128 0.499025 0.520524 
0.387221 0.469515 0.361487 0.477562 0.285612 
0.597987 0.552534 0.606661 0.510090 0.367972 
0.661049 0.679246 0.559720 0.655762 0.426569 
0.584694 0.488080 0.653663 0.498717 0.577882 
0.778343 0.646156 0.631501 0.733193 0.587097 
0.605741 0.573110 0.677595 0.736367 0.651094 
0.481503 0.812940 0.612694 0.572849 0.623013 
0.415281 0.343972 0.377296 0.364131 0.332984 
0.198965 0.299295 0.231121 0.261693 0.205838 
0.740063 0.454254 0.603107 0.776875 0.391811 
0.634535 0.455657 0.616816 0.500025 0.618536 
0.247068 0.446791 0.252658 0.332006 0.223091 
0.761706 0.712343 0.762832 0.638276 0.673758 
0.144689 0.312345 0.149661 0.289046 0.332108 
0.492930 0.682767 0.688682 0.504887 0.577130 
0.289392 0.506542 0.218479 0.362090 0.358463 
0.478429 0.421653 0.336908 0.349788 0.566595 
0.648459 0.612832 0.682777 0.438732 0.516400 
0.497220 0.598017 0.624454 0.769358 0.719928 
0.763743 0.609918 0.709869 0.817945 0.461390 
0.173390 0.578464 0.340226 0.593031 0.409817 
0.784690 0.589661 0.587103 0.520945 0.522802 
0.442225 0.599687 0.434059 0.691706 0.328602 
0.433887 0.475755 0.501741 0.514006 0.795218 
0.300310 0.294445 0.401720 0.286755 0.192274 
0.411846 0.420482 0.624185 0.335275 0.504564 
0.606178 0.590945 0.755366 0.470472 0.576493 
0.408735 0.679765 0.584924 0.551270 0.663954 
0.551369 0.414224 0.432773 0.527790 0.348687 
0.541964 0.692410 0.568479 0.548546 0.488664 
0.304633 0.403041 0.472701 0.230340 0.466543 
0.492576 0.684339 0.401441 0.535205 0.550341 
0.414377 0.399462 0.411938 0.438858 0.713103 
0.594602 0.550726 0.594734 0.521771 0.544310 
0.466332 0.241725 0.420881 0.272463 0.340897 
0.663449 0.642199 0.627594 0.626330 0.514162 
0.472224 0.363892 0.319869 0.432597 0.125285 
0.384685 0.279380 0.690687 0.204289 0.508600 
0.421429 0.500930 0.305115 0.451129 0.420253 
0.580007 0.563039 0.685608 0.374624 0.498976 
0.641113 0.577668 0.732272 0.626651 0.625379 
0.735754 0.760163 0.867457 0.673957 0.720254 
0.298609 0.475478 0.454905 0.308873 0.575171 
0.448837 0.260248 0.564223 0.361334 0.443398 
0.642202 0.761912 0.550021 0.776328 0.630032 
0.613711 0.690438 0.520772 0.631704 0.456978 
0.421571 0.532375 0.593489 0.252093 0.517355 
0.657615 0.325325 0.334907 0.541099 0.462316 
0.513303 0.320176 0.527171 0.426679 0.324459 
