1000 6
0.316189 0.458231 0.331521 0.257624 0.416927 0.165431 
0.460551 0.745812 0.519331 0.606578 0.595442 0.733805 
0.361984 0.483524 0.353974 0.492897 0.470887 0.460934 
0.617603 0.449994 0.390921 0.581244 0.473350 0.525693 
0.686035 0.816253 0.618897 0.752526 0.761665 0.775511 
0.457212 0.564900 0.664322 0.620222 0.703234 0.498379 
0.353343 0.575823 0.304958 0.274014 0.363935 0.271759 
0.295107 0.669280 0.288521 0.515427 0.638328 0.528431 
0.710969 0.380147 0.787794 0.318077 0.685198 0.480710 
0.206267 0.193416 0.222032 0.260516 0.209559 0.254770 
0.742650 0.625473 0.642296 0.646205 0.746273 0.779487 
0.514170 0.433501 0.750267 0.530808 0.493265 0.645404 
0.565710 0.210303 0.640811 0.366933 0.437176 0.406290 
0.606433 0.490908 0.522947 0.495526 0.628505 0.615614 
0.572939 0.405048 0.545166 0.592811 0.620059 0.362332 
0.534460 0.552848 0.410815 0.551336 0.592901 0.458051 
0.527170 0.309380 0.350987 0.485044 0.393828 0.424178 
0.578429 0.685396 0.399507 0.581223 0.568595 0.580896 
0.377915 0.540328 0.649112 0.042312 0.878831 0.477113 
0.403384 0.515133 0.359881 0.482333 0.579461 0.429754 
0.463246 0.451277 0.355160 0.633690 0.247425 0.437932 
0.516534 0.523779 0.475302 0.400250 0.182187 0.536947 
0.405125 0.363478 0.505123 0.288953 0.405009 0.399032 
0.476509 0.752537 0.448884 0.758197 0.385417 0.661574 
0.495182 0.581215 0.315636 0.537299 0.312264 0.616547 
0.318622 0.326891 0.447184 0.242943 0.332437 0.278407 
0.618283 0.424040 0.438774 0.677824 0.527840 0.540966 
0.466332 0.291219 0.328092 0.370751 0.638150 0.217836 
0.490254 0.493371 0.457832 0.316385 0.518035 0.521958 
0.495765 0.743723 0.650814 0.428785 0.705977 0.422545 
0.540346 0.642916 0.473832 0.605779 0.630838 0.364274 
0.642078 0.483349 0.746215 0.378911 0.646789 0.394827 
0.346312 0.404614 0.457950 0.351878 0.247454 0.424261 
0.385928 0.450358 0.496432 0.558978 0.470253 0.563662 
0.435936 0.521233 0.426803 0.507504 0.569493 0.654763 
0.465801 0.289466 0.582814 0.588111 0.424443 0.444602 
0.485458 0.354360 0.519511 0.567916 0.422767 0.584249 
0.387484 0.545296 0.389832 0.331896 0.685561 0.274965 
0.200620 0.724014 0.204612 0.471065 0.562434 0.573166 
0.394400 0.386229 0.450575 0.508126 0.265410 0.642041 
0.324347 0.385115 0.389869 0.294851 0.465971 0.223969 
0.467230 0.219797 0.355020 0.369488 0.435747 0.164369 
0.458107 0.261428 0.302150 0.340413 0.311623 0.208678 
0.712930 0.607372 0.760428 0.536728 0.689045 0.646458 
0.740800 0.773207 0.857149 0.740480 0.799196 0.746350 
0.360129 0.388291 0.274568 0.484092 0.337041 0.401988 
0.752396 0.233009 0.541380 0.387679 0.336600 0.431943 
0.577747 0.421176 0.565022 0.770860 0.532886 0.556817 
0.620078 0.636651 0.671103 0.646173 0.628649 0.578322 
0.427050 0.428922 0.439060 0.334477 0.493883 0.301426 
0.545347 0.538644 0.538134 0.522549 0.534983 0.532819 
0.580254 0.378214 0.691895 0.338496 0.719161 0.466789 
0.491636 0.673113 0.543127 0.570821 0.632688 0.469381 
0.314563 0.344779 0.115365 0.313259 0.227908 0.225046 
0.699443 0.424536 0.755802 0.586716 0.538706 0.463482 
0.448982 0.461578 0.533721 0.484016 0.413392 0.421252 
0.678554 0.512227 0.482281 0.606909 0.406000 0.642592 
0.310810 0.451882 0.218640 0.328674 0.262847 0.405596 
0.639106 0.488491 0.630753 0.602973 0.582710 0.525711 
0.636813 0.632176 0.645210 0.675902 0.650183 0.603359 
0.651402 0.609727 0.711186 0.456866 0.518727 0.716549 
0.450258 0.422391 0.437756 0.561935 0.307506 0.521066 
0.575751 0.758176 0.485491 0.637431 0.431073 0.692840 
0.540179 0.523282 0.776418 0.539681 0.583225 0.655074 
0.548785 0.635198 0.568354 0.480066 0.595006 0.491729 
0.465662 0.497692 0.380258 0.551453 0.611547 0.466457 
0.366699 0.771656 0.527341 0.584875 0.740796 0.679704 
0.241708 0.623620 0.557530 0.324901 0.720719 0.581950 
0.485728 0.327670 0.497527 0.419374 0.460251 0.389074 
0.396369 0.417041 0.432518 0.351474 0.473865 0.352121 
0.363788 0.470691 0.513025 0.344697 0.455644 0.451467 
0.752929 0.750093 0.712766 0.863684 0.710164 0.809630 
0.548410 0.588738 0.602206 0.693279 0.463764 0.473001 
0.289880 0.440245 0.487765 0.449285 0.461695 0.667358 
0.413354 0.351799 0.409367 0.442480 0.357232 0.478979 
0.439532 0.466349 0.338882 0.513366 0.359292 0.497227 
0.735372 0.743950 0.846278 0.722157 0.715239 0.730500 
0.691140 0.847600 0.756607 0.744003 0.778910 0.702683 
0.766652 0.715762 0.617789 0.856594 0.682317 0.706952 
0.618731 0.848924 0.638697 0.701725 0.727240 0.733484 
0.572401 0.679273 0.692211 0.806190 0.745187 0.612175 
0.438597 0.376067 0.484109 0.309802 0.571062 0.254836 
0.533517 0.235175 0.420528 0.313020 0.268855 0.383443 
0.561716 0.269859 0.449422 0.356803 0.621209 0.283811 
0.507006 0.510019 0.710970 0.431083 0.689875 0.404419 
0.600235 0.647116 0.430395 0.585128 0.574230 0.564207 
0.547504 0.519528 0.731896 0.549148 0.606458 0.736000 
0.397550 0.541012 0.598492 0.598364 0.452572 0.596822 
0.365973 0.440499 0.588875 0.443026 0.266138 0.461603 
0.585932 0.335241 0.705968 0.700820 0.469027 0.589935 
0.654953 0.801861 0.771666 0.751148 0.730660 0.812545 
0.704341 0.441828 0.670349 0.608389 0.450525 0.617020 
0.669998 0.622225 0.526903 0.422225 0.562417 0.580202 
0.328756 0.398053 0.486203 0.437398 0.531002 0.420082 
0.187606 0.235656 0.230792 0.262636 0.219413 0.270156 
0.661456 0.393724 0.341707 0.400074 0.444153 0.345129 
0.697714 0.609086 0.792302 0.517310 0.695873 0.676918 
0.463990 0.464832 0.174840 0.449640 0.235030 0.548084 
0.646501 0.346500 0.610901 0.589452 0.543314 0.466773 
0.298608 0.369181 0.340993 0.407863 0.401005 0.373308 
0.797518 0.472608 0.800762 0.556394 0.811022 0.517905 
0.590677 0.697681 0.759410 0.664331 0.615521 0.786391 
0.877334 0.435288 0.392918 0.606219 0.576255 0.473542 
0.712832 0.280055 0.526430 0.724817 0.268650 0.548780 
0.622579 0.470523 0.496004 0.797445 0.424548 0.608713 
0.430021 0.611429 0.430458 0.634650 0.425558 0.464508 
0.675410 0.622856 0.614509 0.681594 0.542770 0.604359 
0.616836 0.382443 0.524042 0.592299 0.513780 0.480861 
0.221877 0.208908 0.133185 0.240047 0.255131 0.201882 
0.426353 0.504891 0.474839 0.393356 0.589250 0.556573 
0.314080 0.433897 0.207609 0.520460 0.477990 0.446167 
0.563243 0.597333 0.683588 0.391818 0.847027 0.562257 
0.639818 0.712692 0.692160 0.672078 0.851691 0.655419 
0.309486 0.358939 0.521759 0.768145 0.369629 0.622819 
0.240695 0.517148 0.292883 0.590155 0.360570 0.587355 
0.371997 0.460186 0.359193 0.349040 0.495351 0.424840 
0.821765 0.394155 0.566133 0.727024 0.427003 0.673577 
0.542690 0.619079 0.504961 0.643138 0.707287 0.559453 
0.428148 0.694868 0.531661 0.578554 0.486618 0.690305 
0.706938 0.705865 0.569333 0.645766 0.627879 0.697851 
0.397257 0.400863 0.805986 0.572798 0.408285 0.563023 
0.636698 0.724940 0.704530 0.702016 0.692476 0.737771 
0.285459 0.551173 0.258705 0.393335 0.322964 0.374462 
0.479011 0.319248 0.325301 0.378110 0.250579 0.299307 
0.534802 0.573113 0.632288 0.464911 0.626810 0.445259 
0.621171 0.273684 0.458735 0.403320 0.392818 0.440612 
0.678407 0.642332 0.576633 0.646752 0.684502 0.552888 
0.495118 0.330507 0.473043 0.553336 0.485107 0.577542 
0.487723 0.506457 0.387336 0.416649 0.620990 0.416242 
0.619804 0.304653 0.721781 0.527996 0.499983 0.393834 
0.344028 0.598627 0.465919 0.508167 0.393030 0.755562 
0.588871 0.527893 0.519430 0.520338 0.490085 0.367139 
0.600733 0.374099 0.587371 0.668281 0.407951 0.513681 
0.613022 0.352477 0.510601 0.486913 0.249004 0.477303 
0.547299 0.272713 0.605580 0.501358 0.584966 0.628834 
0.572553 0.740660 0.608553 0.475271 0.634876 0.674963 
0.305717 0.386643 0.399297 0.370268 0.498581 0.244576 
0.490641 0.291810 0.305310 0.458050 0.356154 0.271877 
0.475876 0.569344 0.275160 0.521633 0.359085 0.434878 
0.445639 0.659027 0.433413 0.839696 0.476833 0.635326 
0.397523 0.370976 0.514541 0.457703 0.331700 0.568949 
0.873870 0.762463 0.764290 0.746689 0.777610 0.717394 
0.530760 0.331221 0.699458 0.344230 0.520576 0.660449 
0.598888 0.395274 0.616240 0.599223 0.434914 0.498647 
0.415032 0.493858 0.592887 0.607212 0.539558 0.627323 
0.313074 0.379289 0.344421 0.323625 0.222113 0.330016 
0.297711 0.508270 0.501457 0.370066 0.547707 0.655739 
0.596581 0.486684 0.462671 0.715905 0.475174 0.611466 
0.616470 0.403777 0.504769 0.518378 0.639468 0.552082 
0.612293 0.354556 0.709143 0.288815 0.589093 0.454307 
0.703176 0.522324 0.680328 0.463077 0.637769 0.431400 
0.333574 0.677966 0.430381 0.604466 0.596296 0.717451 
0.391951 0.491323 0.656279 0.394110 0.562185 0.457733 
0.503353 0.464610 0.366754 0.524921 0.444266 0.534624 
0.448720 0.412696 0.320057 0.334712 0.416232 0.277089 
0.448522 0.647739 0.367874 0.461981 0.481756 0.631804 
0.501721 0.501781 0.337988 0.641802 0.655474 0.416300 
0.350566 0.427654 0.508588 0.535535 0.489405 0.686377 
0.275527 0.390872 0.303470 0.507384 0.505788 0.377656 
0.233866 0.428809 0.689697 0.357785 0.381423 0.621333 
0.717264 0.654487 0.625927 0.563317 0.806233 0.703196 
0.301577 0.148129 0.258005 0.150247 0.245603 0.238823 
0.358511 0.459510 0.347208 0.450324 0.385740 0.356455 
0.650544 0.258389 0.420305 0.532311 0.404824 0.321071 
0.571204 0.615162 0.593483 0.663852 0.417952 0.572131 
0.566427 0.310630 0.778869 0.352876 0.266893 0.624335 
0.554692 0.290136 0.356116 0.357862 0.332032 0.343038 
0.800857 0.509049 0.691920 0.779742 0.603926 0.554100 
0.663489 0.465809 0.751881 0.587107 0.488553 0.639530 
0.383554 0.413606 0.457804 0.267982 0.530069 0.306177 
0.735757 0.600530 0.574495 0.522516 0.622987 0.451611 
0.561658 0.345700 0.747441 0.523793 0.415983 0.594198 
0.288853 0.378406 0.302234 0.289133 0.299574 0.329004 
0.547051 0.723093 0.406712 0.624932 0.417263 0.669556 
0.850385 0.618358 0.670760 0.626647 0.644658 0.562004 
0.508372 0.626541 0.343061 0.610584 0.202779 0.606987 
0.636193 0.361715 0.675896 0.598989 0.569048 0.555622 
0.429430 0.116292 0.356145 0.295382 0.374846 0.313171 
0.533467 0.462285 0.529915 0.519600 0.515385 0.466851 
0.388203 0.298033 0.517982 0.393541 0.359346 0.395887 
0.468465 0.797499 0.367109 0.648546 0.531015 0.362413 
0.648676 0.570890 0.805893 0.626643 0.595910 0.622326 
0.649571 0.441355 0.319260 0.485615 0.470468 0.396066 
0.408790 0.592243 0.353279 0.466521 0.456103 0.410446 
0.593265 0.592648 0.609254 0.534560 0.513161 0.501552 
0.456419 0.371674 0.511901 0.197238 0.553741 0.473337 
0.455893 0.320563 0.476980 0.418686 0.340655 0.538777 
0.613174 0.401175 0.503401 0.328795 0.543847 0.234818 
0.678317 0.778120 0.646902 0.675452 0.821290 0.756141 
0.270435 0.295893 0.276238 0.357960 0.333211 0.375382 
0.258140 0.462689 0.354978 0.653138 0.459280 0.637409 
0.640694 0.675944 0.360147 0.642669 0.693599 0.531801 
0.565775 0.664910 0.733822 0.654466 0.760925 0.664853 
0.607546 0.321293 0.367118 0.513249 0.604852 0.409850 
0.285331 0.234327 0.310449 0.226817 0.303594 0.336306 
0.440207 0.482472 0.476258 0.318289 0.449047 0.545556 
0.601173 0.487014 0.499685 0.399944 0.469031 0.604343 
0.266570 0.423954 0.429178 0.309908 0.336307 0.308249 
0.689556 0.593929 0.514844 0.681121 0.410835 0.600551 
0.673789 0.640662 0.706004 0.685657 0.712300 0.681877 
0.370175 0.578821 0.308172 0.533289 0.486458 0.468950 
0.444335 0.516056 0.650000 0.583613 0.444093 0.512124 
0.598724 0.230421 0.321972 0.375650 0.526162 0.249944 
0.627410 0.642738 0.587201 0.580892 0.628285 0.596856 
0.313495 0.595645 0.541567 0.375186 0.746969 0.588914 
0.646739 0.724204 0.654558 0.732607 0.679407 0.630441 
0.560796 0.641348 0.471284 0.356993 0.522607 0.598737 
0.727266 0.711188 0.623115 0.764744 0.625935 0.710288 
0.603862 0.425242 0.729075 0.431917 0.644934 0.498047 
0.192379 0.243885 0.276746 0.192781 0.309014 0.236399 
0.482854 0.336689 0.459714 0.363800 0.258712 0.520775 
0.328715 0.249639 0.497940 0.303989 0.290279 0.452952 
0.645555 0.537620 0.511518 0.244582 0.491136 0.487949 
0.546407 0.352823 0.526165 0.564868 0.439060 0.328417 
0.319661 0.458479 0.293537 0.525040 0.272002 0.417369 
0.627479 0.610158 0.575209 0.652753 0.738903 0.529081 
0.285615 0.320541 0.300996 0.359606 0.412478 0.296183 
0.376908 0.451620 0.433385 0.469377 0.503013 0.524927 
0.604320 0.286548 0.504437 0.517788 0.452178 0.602631 
0.445739 0.465373 0.494401 0.423325 0.624847 0.512339 
0.175520 0.479566 0.404002 0.262388 0.569612 0.410375 
0.603765 0.398580 0.420679 0.351807 0.440283 0.206979 
0.388383 0.487234 0.477375 0.408162 0.620012 0.508080 
0.598103 0.400584 0.399425 0.648848 0.413000 0.368137 
0.804805 0.712815 0.550307 0.801097 0.698878 0.573874 
0.692810 0.465588 0.856695 0.522471 0.639852 0.707325 
0.502622 0.652611 0.553375 0.583415 0.519676 0.594538 
0.779513 0.507405 0.226732 0.661868 0.471006 0.215175 
0.615176 0.575442 0.594837 0.568816 0.479812 0.640936 
0.239975 0.303707 0.138463 0.263575 0.257312 0.233252 
0.850578 0.782633 0.892499 0.791754 0.868421 0.863520 
0.480542 0.586034 0.676011 0.794334 0.537383 0.668503 
0.503037 0.325857 0.398359 0.490520 0.571218 0.339400 
0.567366 0.524076 0.586925 0.442546 0.515357 0.334720 
0.572809 0.701285 0.645336 0.705262 0.516831 0.873832 
0.537713 0.499058 0.518001 0.287334 0.537856 0.497884 
0.561066 0.307830 0.604909 0.209138 0.681540 0.393668 
0.645524 0.551866 0.668557 0.684291 0.750989 0.542886 
0.317655 0.427146 0.445212 0.386501 0.280740 0.626309 
0.367545 0.567614 0.515892 0.285899 0.650800 0.222299 
0.488408 0.336764 0.513942 0.324687 0.454122 0.440817 
0.562302 0.330581 0.561800 0.394234 0.625506 0.373431 
0.232918 0.353810 0.281082 0.316311 0.303921 0.319680 
0.365074 0.405514 0.380131 0.557931 0.215852 0.650207 
0.436285 0.427329 0.472972 0.425917 0.570317 0.435154 
0.689623 0.572005 0.486754 0.646321 0.764019 0.344390 
0.563232 0.630416 0.647041 0.613098 0.674589 0.559615 
0.328401 0.372028 0.339223 0.517944 0.375263 0.324705 
0.418266 0.500100 0.343165 0.614515 0.293824 0.478823 
0.466734 0.290449 0.428801 0.457430 0.452417 0.491553 
0.491764 0.489726 0.608745 0.334690 0.663703 0.643258 
0.342743 0.492028 0.390141 0.424238 0.397489 0.295575 
0.506336 0.533968 0.413104 0.576867 0.494484 0.658933 
0.345496 0.503829 0.478887 0.326913 0.472660 0.576456 
0.532882 0.429381 0.163517 0.510060 0.382345 0.218073 
0.266259 0.523311 0.322788 0.526752 0.451614 0.419270 
0.277219 0.353160 0.187655 0.293917 0.276948 0.301017 
0.472052 0.507040 0.498498 0.376724 0.508897 0.444284 
0.530048 0.304221 0.690936 0.483898 0.260276 0.587711 
0.460947 0.716484 0.513858 0.387673 0.612662 0.483121 
0.589479 0.501245 0.499759 0.367610 0.472762 0.361869 
0.471998 0.521843 0.412082 0.469778 0.365907 0.565388 
0.578979 0.582303 0.554444 0.645962 0.647308 0.642586 
0.378819 0.374616 0.718059 0.372182 0.711666 0.360376 
0.280054 0.432148 0.435189 0.194550 0.526879 0.384487 
0.486384 0.778274 0.628593 0.526610 0.716666 0.466814 
0.371942 0.416640 0.372443 0.443501 0.162207 0.615010 
0.541183 0.435204 0.318935 0.513944 0.285447 0.610955 
0.453077 0.267172 0.282741 0.291836 0.254716 0.195386 
0.485107 0.663534 0.567322 0.588650 0.414320 0.774594 
0.366667 0.856364 0.444131 0.560847 0.599828 0.680386 
0.437715 0.485669 0.440302 0.537743 0.331707 0.499307 
0.578959 0.651724 0.368363 0.583900 0.540581 0.491084 
0.636041 0.516794 0.769063 0.732094 0.481508 0.703430 
0.320047 0.236626 0.346329 0.280261 0.250174 0.251147 
0.281780 0.494091 0.461785 0.581498 0.326778 0.714476 
0.809679 0.744123 0.721463 0.777226 0.697360 0.727967 
0.608466 0.453262 0.554476 0.680842 0.416079 0.480923 
0.381535 0.529854 0.365969 0.419243 0.462647 0.560220 
0.543188 0.680721 0.527153 0.546865 0.683480 0.582823 
0.396832 0.628636 0.527113 0.528467 0.518354 0.652392 
0.448967 0.253606 0.395765 0.494340 0.350743 0.300155 
0.309486 0.436327 0.458679 0.350987 0.386637 0.412782 
0.525447 0.576172 0.700263 0.732311 0.549322 0.553372 
0.471708 0.340194 0.487519 0.255240 0.448314 0.415783 
0.595180 0.628381 0.499617 0.677457 0.281768 0.507040 
0.511051 0.735911 0.669862 0.573393 0.704174 0.509815 
0.351830 0.318074 0.471823 0.520566 0.621331 0.412610 
0.395294 0.305895 0.423346 0.623127 0.385821 0.472447 
0.443805 0.416613 0.469991 0.597988 0.444881 0.654186 
0.539541 0.301446 0.574262 0.290404 0.451717 0.346555 
0.569670 0.551623 0.451756 0.515755 0.480018 0.472449 
0.227811 0.616444 0.436818 0.617428 0.270035 0.639682 
0.567171 0.507397 0.554489 0.206503 0.580299 0.458975 
0.740077 0.665026 0.432711 0.249608 0.814721 0.333212 
0.456474 0.517503 0.444528 0.627313 0.402162 0.379570 
0.864078 0.725589 0.679179 0.739828 0.720661 0.624133 
0.290578 0.563621 0.419433 0.373391 0.558898 0.642475 
0.779049 0.592390 0.588353 0.585994 0.672291 0.443959 
0.630968 0.741395 0.701591 0.585265 0.704515 0.591091 
0.490446 0.458090 0.389713 0.514365 0.387220 0.564263 
0.825862 0.864550 0.653652 0.794081 0.721704 0.727541 
0.287033 0.396586 0.252231 0.297047 0.421133 0.407677 
0.419088 0.540583 0.441200 0.446091 0.525600 0.486970 
0.296250 0.457505 0.513673 0.250994 0.437338 0.384857 
0.512025 0.567660 0.513726 0.629302 0.581917 0.547786 
0.601596 0.399775 0.788646 0.338973 0.627401 0.322000 
0.618806 0.423834 0.701624 0.571848 0.808317 0.446242 
0.599717 0.851641 0.782948 0.700501 0.611126 0.864986 
0.589100 0.604974 0.651527 0.554786 0.499297 0.436793 
0.560994 0.760818 0.750834 0.670995 0.862228 0.722317 
0.387542 0.517408 0.428298 0.343759 0.537527 0.361742 
0.544138 0.628338 0.482050 0.387475 0.811307 0.499123 
0.322310 0.646281 0.487137 0.349461 0.641275 0.742627 
0.456932 0.297740 0.298828 0.432779 0.361303 0.279650 
0.315644 0.382930 0.420376 0.385578 0.373954 0.526639 
0.399638 0.655342 0.537954 0.416408 0.342388 0.511886 
0.437597 0.280906 0.510357 0.365543 0.430772 0.465943 
0.338018 0.583540 0.396844 0.586041 0.440856 0.426453 
0.544913 0.528430 0.571007 0.641537 0.417234 0.748422 
0.510105 0.635947 0.541527 0.577877 0.702464 0.587334 
0.489811 0.404440 0.554440 0.585649 0.549914 0.523206 
0.408876 0.668923 0.679708 0.404531 0.675838 0.633294 
0.355837 0.446882 0.417366 0.377949 0.236802 0.455552 
0.437511 0.388937 0.499939 0.320587 0.498424 0.400396 
0.546633 0.449709 0.455495 0.725155 0.335029 0.558351 
0.523187 0.373243 0.339723 0.460631 0.345389 0.520836 
0.444078 0.289518 0.525745 0.483608 0.397810 0.547868 
0.539063 0.452789 0.499442 0.679911 0.523777 0.651242 
0.517640 0.668695 0.639476 0.622433 0.552583 0.879405 
0.585398 0.379109 0.358561 0.392728 0.409940 0.280077 
0.614182 0.527675 0.731047 0.540099 0.498518 0.642945 
0.644720 0.551569 0.681319 0.510379 0.382058 0.496723 
0.137439 0.189686 0.228366 0.102038 0.154237 0.258626 
0.613954 0.612009 0.657128 0.474735 0.683421 0.579321 
0.542081 0.437941 0.241324 0.619593 0.235723 0.535272 
0.419762 0.552088 0.552529 0.410854 0.561522 0.647292 
0.562630 0.480864 0.543154 0.540854 0.524566 0.329866 
0.489259 0.387960 0.501063 0.477365 0.446768 0.503648 
0.537989 0.461234 0.395172 0.369709 0.535579 0.491959 
0.544550 0.310513 0.425982 0.299744 0.408051 0.347812 
0.432515 0.693924 0.505895 0.730402 0.454539 0.575299 
0.337863 0.462990 0.471079 0.330620 0.743665 0.473723 
0.412230 0.339179 0.786909 0.465151 0.598651 0.556540 
0.334273 0.879136 0.379734 0.572040 0.583122 0.593608 
0.425545 0.384499 0.536806 0.590718 0.323025 0.555357 
0.429584 0.521017 0.618932 0.427399 0.658907 0.481812 
0.379654 0.157800 0.402102 0.178954 0.325200 0.298801 
0.284540 0.225880 0.297945 0.281371 0.212510 0.326558 
0.593879 0.695166 0.702978 0.655676 0.803826 0.605182 
0.622638 0.448848 0.604994 0.412642 0.533405 0.609742 
0.390814 0.533665 0.453560 0.573397 0.397527 0.582770 
0.439558 0.528222 0.386271 0.192522 0.696342 0.493117 
0.307657 0.547404 0.365730 0.579443 0.454988 0.689413 
0.275550 0.356918 0.500809 0.488454 0.355838 0.477399 
0.569626 0.393363 0.362596 0.467299 0.366161 0.376582 
0.585447 0.462841 0.586794 0.425098 0.512621 0.642616 
0.585865 0.703822 0.556193 0.470412 0.600280 0.561610 
0.681136 0.560508 0.542463 0.387519 0.596390 0.454869 
0.404741 0.531136 0.557303 0.751853 0.343499 0.674813 
0.643379 0.519646 0.526945 0.568410 0.589848 0.508392 
0.536634 0.567148 0.443901 0.478212 0.571022 0.427585 
0.484672 0.403940 0.438776 0.489760 0.564765 0.362379 
0.424442 0.618523 0.478476 0.398609 0.523912 0.282038 
0.740620 0.637845 0.756050 0.676353 0.640118 0.701719 
0.493005 0.628793 0.728349 0.579345 0.613404 0.733867 
0.617940 0.696343 0.422692 0.767036 0.631240 0.561914 
0.400300 0.560357 0.566903 0.462251 0.476208 0.414057 
0.619422 0.619194 0.565882 0.587410 0.489448 0.581407 
0.320585 0.515283 0.499614 0.704586 0.614186 0.571593 
0.262410 0.526345 0.566099 0.424902 0.433605 0.414431 
0.758147 0.721596 0.670134 0.583692 0.786877 0.592503 
0.408766 0.149217 0.495070 0.404657 0.261892 0.350111 
0.142614 0.294073 0.379143 0.365542 0.289010 0.457971 
0.624558 0.366443 0.588134 0.481006 0.241108 0.325636 
0.511335 0.573439 0.347075 0.541960 0.487087 0.359224 
0.414209 0.367623 0.265095 0.542367 0.440813 0.308256 
0.727653 0.623717 0.596303 0.626930 0.642535 0.693157 
0.452344 0.438168 0.613277 0.400074 0.549358 0.382996 
0.190786 0.479056 0.527647 0.464411 0.626418 0.501297 
0.653438 0.632836 0.695117 0.614244 0.554099 0.655884 
0.504315 0.702456 0.456413 0.580789 0.706863 0.379247 
0.463531 0.249163 0.261802 0.713014 0.193486 0.489801 
0.538826 0.237694 0.633146 0.213800 0.589526 0.252601 
0.347950 0.493586 0.350731 0.399458 0.318770 0.471716 
0.644200 0.450708 0.415642 0.545743 0.430983 0.445336 
0.614880 0.575586 0.651911 0.571297 0.721793 0.631230 
0.495385 0.549578 0.482814 0.389425 0.527595 0.358896 
0.392912 0.317408 0.551225 0.350074 0.305991 0.371125 
0.411860 0.353242 0.371812 0.344922 0.279796 0.257930 
0.652106 0.373475 0.477807 0.500578 0.535195 0.501362 
0.354947 0.615535 0.503142 0.500875 0.768021 0.605709 
0.305079 0.251513 0.263331 0.272977 0.289090 0.311813 
0.309423 0.408634 0.425041 0.336337 0.337794 0.419299 
0.276236 0.430289 0.570079 0.224189 0.494320 0.392765 
0.653684 0.599320 0.724611 0.661522 0.656993 0.553835 
0.604412 0.419303 0.670068 0.660068 0.562660 0.486707 
0.569933 0.616264 0.668845 0.630960 0.697620 0.588284 
0.694007 0.432369 0.756747 0.483806 0.358884 0.593324 
0.487427 0.459105 0.344520 0.444699 0.532668 0.487058 
0.303565 0.466031 0.518754 0.575361 0.355872 0.532019 
0.617017 0.220980 0.659690 0.375638 0.377722 0.577927 
0.299807 0.415730 0.389848 0.311031 0.404274 0.407056 
0.502588 0.545494 0.310451 0.454946 0.446620 0.405238 
0.510538 0.649171 0.626742 0.761182 0.610924 0.666686 
0.637911 0.561697 0.520360 0.382204 0.619997 0.489021 
0.167178 0.227386 0.243683 0.262770 0.227592 0.272581 
0.670240 0.678267 0.710310 0.607953 0.733322 0.669266 
0.635790 0.559710 0.639213 0.413856 0.331901 0.609232 
0.509195 0.682569 0.515627 0.596937 0.487921 0.590670 
0.465395 0.617195 0.560267 0.566697 0.458683 0.490018 
0.265137 0.286306 0.378695 0.347638 0.353930 0.344467 
0.316793 0.431975 0.132110 0.304700 0.348234 0.272929 
0.486348 0.435092 0.385559 0.565852 0.437215 0.566121 
0.611527 0.377433 0.617245 0.393745 0.728502 0.211643 
0.282602 0.391393 0.246906 0.259359 0.492701 0.309323 
0.364001 0.478740 0.364513 0.380686 0.135562 0.501543 
0.444363 0.524573 0.325570 0.551954 0.302220 0.367232 
0.363659 0.409565 0.373008 0.412195 0.409168 0.542328 
0.674835 0.569190 0.490306 0.590767 0.334554 0.581343 
0.749482 0.520354 0.649360 0.607017 0.568315 0.616105 
0.774052 0.555033 0.835614 0.631333 0.625474 0.742569 
0.420862 0.580232 0.573551 0.392156 0.487094 0.532341 
0.570686 0.680085 0.638841 0.584928 0.599105 0.689670 
0.363858 0.225420 0.346086 0.350850 0.239717 0.285917 
0.400624 0.712999 0.407610 0.621582 0.630061 0.708382 
0.628516 0.361508 0.637373 0.441210 0.687806 0.308930 
0.375898 0.364934 0.204459 0.438301 0.486599 0.302077 
0.214423 0.310857 0.465238 0.286765 0.458697 0.423770 
0.384873 0.276128 0.374988 0.343182 0.254452 0.280796 
0.422909 0.587046 0.423309 0.649173 0.353912 0.453608 
0.696511 0.297256 0.529421 0.654381 0.431573 0.366947 
0.377212 0.348876 0.502649 0.409441 0.324281 0.373879 
0.464567 0.336449 0.512262 0.337456 0.597389 0.313086 
0.533379 0.464113 0.503992 0.301933 0.455809 0.607842 
0.585986 0.626470 0.390970 0.777411 0.512034 0.617240 
0.326093 0.404973 0.372939 0.405192 0.291784 0.361089 
0.636446 0.641607 0.657781 0.404550 0.659646 0.555273 
0.664151 0.718792 0.747880 0.683936 0.673747 0.572596 
0.730305 0.682787 0.569771 0.638317 0.660236 0.740874 
0.525665 0.437931 0.651043 0.588481 0.677627 0.559436 
0.512586 0.649188 0.581999 0.651729 0.464467 0.839751 
0.253959 0.248290 0.386267 0.298303 0.395853 0.335242 
0.691511 0.362046 0.660465 0.639113 0.441156 0.643546 
0.250057 0.747080 0.261899 0.717251 0.494834 0.452947 
0.799569 0.651860 0.748062 0.718985 0.760938 0.628888 
0.580248 0.722870 0.336143 0.648951 0.448560 0.557482 
0.532398 0.327859 0.402206 0.282476 0.637254 0.289375 
0.486258 0.375272 0.240037 0.482381 0.429930 0.287461 
0.597686 0.389472 0.671758 0.326663 0.673960 0.458517 
0.504320 0.443797 0.540535 0.250886 0.551282 0.421702 
0.402212 0.243210 0.292051 0.235665 0.377582 0.214063 
0.598372 0.461739 0.798287 0.448403 0.600474 0.557211 
0.775064 0.701518 0.686875 0.630630 0.683587 0.700019 
0.401834 0.527113 0.340892 0.500228 0.439749 0.561957 
0.393858 0.322000 0.344227 0.331022 0.322481 0.177808 
0.421663 0.534875 0.661256 0.439756 0.468893 0.385307 
0.338983 0.802397 0.509057 0.610928 0.764774 0.596043 
0.520617 0.473552 0.541026 0.511138 0.255383 0.439486 
0.327747 0.271620 0.470861 0.339590 0.481293 0.328054 
0.796878 0.842101 0.865597 0.761059 0.865403 0.784327 
0.591011 0.678075 0.429919 0.735587 0.703679 0.513964 
0.403148 0.515947 0.526659 0.424185 0.341682 0.425452 
0.186059 0.279079 0.175021 0.210078 0.185896 0.117264 
0.268516 0.359160 0.302260 0.271496 0.273742 0.310656 
0.724641 0.671896 0.794904 0.682223 0.814805 0.720789 
0.490449 0.415254 0.582607 0.283763 0.304210 0.328186 
0.439156 0.629684 0.442699 0.467136 0.597654 0.568390 
0.614920 0.681366 0.491012 0.679959 0.513151 0.585493 
0.507039 0.420328 0.450010 0.423399 0.291604 0.427758 
0.362290 0.488341 0.484481 0.395863 0.422223 0.489929 
0.695466 0.668157 0.589518 0.782773 0.631899 0.668433 
0.670385 0.678293 0.629532 0.631868 0.709520 0.563417 
0.584886 0.325168 0.598575 0.389630 0.557270 0.499862 
0.264387 0.221530 0.204593 0.210336 0.231370 0.160799 
0.407664 0.247849 0.439873 0.267970 0.239926 0.400634 
0.510479 0.458550 0.523338 0.377152 0.486715 0.359526 
0.845804 0.157456 0.688401 0.373992 0.694979 0.187424 
0.483099 0.515831 0.803714 0.378025 0.725173 0.524405 
0.460921 0.468505 0.212426 0.603713 0.472479 0.377000 
0.488328 0.444691 0.544005 0.402645 0.456753 0.402851 
0.669392 0.636226 0.608313 0.715782 0.609586 0.695773 
0.371743 0.749536 0.479179 0.833276 0.428015 0.810551 
0.613214 0.745077 0.774065 0.600424 0.673327 0.660408 
0.740673 0.655541 0.806372 0.641006 0.688269 0.795421 
0.516925 0.637285 0.567750 0.623762 0.561413 0.719900 
0.331695 0.448128 0.556970 0.360936 0.381821 0.422108 
0.654226 0.230374 0.612688 0.534439 0.295617 0.412256 
0.323060 0.443497 0.406214 0.429312 0.472038 0.425996 
0.495806 0.606820 0.627921 0.540417 0.566242 0.654254 
0.329873 0.260086 0.296881 0.347331 0.309787 0.348501 
0.677698 0.505603 0.593498 0.781125 0.510761 0.383838 
0.664819 0.305409 0.360111 0.552921 0.615042 0.361732 
0.567479 0.475575 0.237641 0.733098 0.365326 0.373784 
0.305661 0.369018 0.455798 0.333295 0.215488 0.450100 
0.651883 0.541594 0.596236 0.759289 0.579726 0.534386 
0.509446 0.515603 0.528511 0.552899 0.482039 0.575303 
0.488589 0.409956 0.465773 0.272193 0.452977 0.354591 
0.617760 0.494375 0.402964 0.743486 0.470031 0.610160 
0.589753 0.059398 0.429881 0.450870 0.218759 0.261792 
0.440480 0.553754 0.356521 0.489843 0.590956 0.444648 
0.604627 0.415727 0.346042 0.648940 0.592806 0.547453 
0.238387 0.627251 0.447419 0.530624 0.212112 0.490236 
0.559955 0.644208 0.498685 0.478417 0.754409 0.418956 
0.571930 0.415910 0.647438 0.511265 0.680151 0.588654 
0.362190 0.721156 0.603000 0.669655 0.498254 0.609646 
0.576820 0.791900 0.742293 0.646544 0.812336 0.684533 
0.549927 0.367339 0.616936 0.380180 0.558670 0.320669 
0.655329 0.719733 0.698258 0.540324 0.762820 0.677650 
0.650505 0.687163 0.645412 0.656369 0.685764 0.657815 
0.581817 0.473220 0.409424 0.555922 0.351502 0.580792 
0.510504 0.314723 0.627767 0.492372 0.240369 0.524771 
0.500950 0.748189 0.328394 0.703955 0.534723 0.592929 
0.723542 0.560801 0.639434 0.610150 0.684766 0.708827 
0.341981 0.528963 0.300494 0.369911 0.383657 0.583311 
0.507663 0.653176 0.321764 0.588626 0.406719 0.513506 
0.473115 0.379905 0.495128 0.267160 0.484230 0.425415 
0.493451 0.426908 0.355650 0.346058 0.450870 0.554505 
0.347098 0.309602 0.500085 0.417860 0.385066 0.405626 
0.416877 0.341031 0.518702 0.496969 0.277257 0.523213 
0.586538 0.533214 0.729531 0.545270 0.709814 0.615986 
0.351006 0.350709 0.528547 0.381854 0.516107 0.529395 
0.212768 0.576498 0.494995 0.438211 0.393914 0.360278 
0.440035 0.320647 0.586964 0.370873 0.539134 0.658898 
0.550906 0.276914 0.635788 0.476767 0.553721 0.250946 
0.325235 0.362877 0.277243 0.329514 0.117268 0.337107 
0.449302 0.410150 0.549478 0.307102 0.384239 0.368748 
0.465026 0.652318 0.684479 0.492410 0.701817 0.585933 
0.471939 0.383979 0.404908 0.497701 0.224637 0.500478 
0.476571 0.177779 0.294307 0.421716 0.253454 0.281693 
0.806540 0.508726 0.652169 0.753081 0.510582 0.723521 
0.660845 0.517763 0.740657 0.524960 0.603867 0.627475 
0.407491 0.608727 0.528047 0.476982 0.659813 0.545037 
0.613115 0.788637 0.810623 0.605198 0.798816 0.724406 
0.357351 0.297539 0.459328 0.516448 0.422055 0.358273 
0.449901 0.146180 0.370043 0.351209 0.301661 0.224627 
0.423162 0.694399 0.424634 0.551473 0.491085 0.600929 
0.677262 0.628463 0.676398 0.546188 0.708367 0.562738 
0.465743 0.289037 0.346494 0.451242 0.402093 0.343927 
0.269732 0.628692 0.445941 0.478495 0.410766 0.835962 
0.404701 0.521118 0.368230 0.435292 0.662257 0.450787 
0.359064 0.354356 0.338350 0.302789 0.391334 0.236906 
0.451190 0.276228 0.298616 0.400827 0.288057 0.261603 
0.525043 0.493885 0.477285 0.511597 0.320223 0.436642 
0.477119 0.735963 0.307957 0.584112 0.797894 0.471224 
0.546965 0.632392 0.546083 0.722959 0.554956 0.650375 
0.342565 0.353433 0.325012 0.317751 0.411801 0.322830 
0.601348 0.701951 0.650826 0.756054 0.681172 0.707417 
0.295659 0.521811 0.393640 0.474789 0.455638 0.455115 
0.627618 0.291386 0.604684 0.436911 0.369425 0.491421 
0.396702 0.318036 0.320354 0.360184 0.334362 0.189248 
0.593888 0.685600 0.613379 0.650725 0.598003 0.661036 
0.328111 0.589867 0.580015 0.525278 0.497384 0.820172 
0.737374 0.398283 0.382193 0.470349 0.403513 0.478726 
0.342640 0.615363 0.445494 0.480924 0.467575 0.688288 
0.583121 0.418248 0.472952 0.254586 0.688456 0.465030 
0.370119 0.370540 0.300265 0.395308 0.377185 0.408681 
0.252971 0.611769 0.295611 0.453686 0.432666 0.509382 
0.501301 0.701034 0.302762 0.520057 0.530996 0.506255 
0.444459 0.700722 0.587022 0.569381 0.463614 0.642708 
0.672789 0.343419 0.653684 0.477146 0.585261 0.617403 
0.365779 0.256180 0.633764 0.493443 0.472458 0.601550 
0.763454 0.719927 0.746625 0.684241 0.805048 0.711466 
0.357369 0.330532 0.273243 0.336155 0.371292 0.365254 
0.348651 0.567977 0.541471 0.392860 0.275777 0.663165 
0.521124 0.297858 0.393660 0.602224 0.131966 0.522825 
0.765412 0.414443 0.774422 0.364628 0.443450 0.356785 
0.490420 0.378629 0.516699 0.455177 0.257732 0.451778 
0.485874 0.609938 0.542738 0.621683 0.644158 0.500587 
0.702532 0.560454 0.637091 0.538652 0.571005 0.528190 
0.644031 0.571280 0.577651 0.465945 0.519471 0.577363 
0.409477 0.251133 0.393233 0.284318 0.354383 0.285428 
0.607258 0.487354 0.474734 0.585325 0.429356 0.453221 
0.637279 0.423066 0.476536 0.581437 0.532450 0.501219 
0.332526 0.459488 0.360757 0.393904 0.395959 0.426242 
0.543666 0.689718 0.597041 0.717050 0.649290 0.719890 
0.657599 0.637923 0.763291 0.607610 0.599879 0.647184 
0.661018 0.243557 0.520906 0.506785 0.582350 0.180764 
0.711289 0.628817 0.600070 0.583846 0.586366 0.607181 
0.757704 0.625083 0.557585 0.759629 0.755448 0.599046 
0.500825 0.615045 0.349582 0.501845 0.732357 0.640156 
0.290034 0.328378 0.151531 0.344714 0.298054 0.220416 
0.685869 0.477696 0.566257 0.426963 0.560394 0.556698 
0.528354 0.333714 0.426230 0.660768 0.291633 0.599768 
0.648577 0.651872 0.574029 0.504768 0.785889 0.381158 
0.736306 0.748544 0.744315 0.684364 0.782277 0.775870 
0.271515 0.292810 0.429391 0.244716 0.332166 0.364748 
0.241160 0.742052 0.363781 0.573984 0.346001 0.703927 
0.415050 0.497217 0.462740 0.350806 0.380682 0.507900 
0.248510 0.419803 0.323924 0.304179 0.212987 0.339682 
0.245781 0.129212 0.182014 0.136903 0.251806 0.118597 
0.479099 0.282278 0.653315 0.558916 0.543815 0.553256 
0.744339 0.555535 0.481111 0.602310 0.537511 0.630765 
0.611773 0.533819 0.366956 0.656742 0.611600 0.467434 
0.453643 0.213108 0.482234 0.454564 0.324875 0.471702 
0.456075 0.568642 0.231092 0.360898 0.432916 0.248590 
0.343854 0.490979 0.429615 0.398627 0.456927 0.199674 
0.700443 0.629295 0.451646 0.513758 0.618637 0.428379 
0.490692 0.393117 0.725668 0.344437 0.553317 0.524197 
0.363550 0.534569 0.435734 0.378453 0.364100 0.455180 
0.598157 0.568208 0.453266 0.534347 0.521604 0.433292 
0.534259 0.439753 0.500195 0.566513 0.418734 0.310372 
0.489363 0.459874 0.330218 0.720533 0.499763 0.462560 
0.500232 0.477703 0.719010 0.644620 0.524597 0.542666 
0.379094 0.357905 0.386076 0.542633 0.239649 0.492141 
0.485663 0.695762 0.541276 0.650384 0.497933 0.602912 
0.766741 0.635840 0.666091 0.772573 0.720480 0.707896 
0.368385 0.455169 0.418679 0.456278 0.363408 0.362862 
0.401609 0.719311 0.348313 0.468872 0.488263 0.428253 
0.378054 0.309705 0.317863 0.269075 0.546245 0.218121 
0.626269 0.509329 0.473192 0.810809 0.386205 0.682758 
0.302973 0.458115 0.310669 0.401877 0.256090 0.421269 
0.583756 0.477505 0.340254 0.804310 0.328605 0.622902 
0.766036 0.632584 0.651636 0.565858 0.638931 0.659445 
0.298050 0.520274 0.456351 0.355269 0.526909 0.379978 
0.645414 0.626375 0.683711 0.758891 0.614853 0.780537 
0.402576 0.482199 0.408894 0.457983 0.539095 0.528171 
0.554777 0.406274 0.718386 0.590781 0.487763 0.595587 
0.499540 0.636687 0.598081 0.663193 0.571567 0.628640 
0.381802 0.574801 0.449279 0.488681 0.475152 0.475140 
0.304389 0.223064 0.295837 0.324681 0.327256 0.342518 
0.797417 0.703639 0.615812 0.663537 0.650954 0.545485 
0.616981 0.348330 0.357375 0.537331 0.395633 0.652163 
0.436392 0.253016 0.523672 0.414322 0.443597 0.432308 
0.335042 0.449433 0.583859 0.421436 0.297456 0.613361 
0.365574 0.787966 0.442611 0.508278 0.708845 0.605274 
0.482362 0.289510 0.272192 0.473342 0.367942 0.447082 
0.366146 0.264912 0.352151 0.261913 0.335711 0.242469 
0.564658 0.602048 0.468065 0.520698 0.739255 0.597750 
0.284028 0.358819 0.292997 0.278116 0.407337 0.271714 
0.702519 0.795192 0.718752 0.627564 0.736684 0.741753 
0.170767 0.445735 0.277807 0.400511 0.308863 0.373481 
0.710728 0.607976 0.807492 0.513832 0.624532 0.677534 
0.438043 0.442158 0.319128 0.394603 0.384234 0.404091 
0.477732 0.306542 0.332784 0.554132 0.394296 0.336387 
0.525583 0.219425 0.566829 0.442866 0.405998 0.539546 
0.099157 0.609290 0.340106 0.351967 0.445036 0.570528 
0.557169 0.688868 0.743024 0.588248 0.613928 0.560649 
0.333958 0.400674 0.169996 0.474358 0.329067 0.316051 
0.523700 0.621925 0.461503 0.322848 0.650570 0.472341 
0.349283 0.469247 0.367983 0.448416 0.431140 0.391275 
0.566709 0.616291 0.450217 0.649789 0.500165 0.614590 
0.546399 0.410748 0.452212 0.365620 0.467519 0.307195 
0.341711 0.373293 0.353948 0.284050 0.339323 0.279844 
0.401239 0.375765 0.223839 0.381712 0.376162 0.264908 
0.666546 0.747908 0.544752 0.703330 0.823810 0.437082 
0.709672 0.747197 0.787924 0.793251 0.796456 0.822725 
0.524122 0.334369 0.405041 0.569652 0.457288 0.357287 
0.632153 0.706004 0.530325 0.589794 0.723656 0.540627 
0.411126 0.387015 0.315262 0.497047 0.490734 0.452986 
0.621548 0.745560 0.748034 0.653825 0.775748 0.777838 
0.522526 0.258080 0.495169 0.475684 0.238741 0.338421 
0.795643 0.346198 0.358991 0.399968 0.544971 0.399662 
0.436765 0.371734 0.360202 0.379213 0.373758 0.399874 
0.554844 0.799227 0.657799 0.650962 0.667514 0.674923 
0.420438 0.475336 0.263453 0.387519 0.341789 0.389446 
0.334062 0.543297 0.280192 0.481742 0.281382 0.512012 
0.514345 0.698218 0.702888 0.599644 0.681462 0.660647 
0.784894 0.394555 0.448130 0.459438 0.534155 0.332694 
0.376287 0.645494 0.525461 0.285270 0.485585 0.474350 
0.482713 0.833234 0.542247 0.634819 0.681989 0.746625 
0.688068 0.697710 0.665443 0.558997 0.658418 0.694215 
0.209803 0.594784 0.268414 0.570925 0.374903 0.440503 
0.672032 0.490318 0.490604 0.773775 0.300146 0.477447 
0.379992 0.662383 0.383722 0.415110 0.326374 0.390305 
0.209382 0.359487 0.255968 0.220814 0.504007 0.206321 
0.454298 0.310506 0.557519 0.405327 0.475868 0.361075 
0.333159 0.470306 0.358636 0.586898 0.476194 0.456764 
0.449990 0.369379 0.587675 0.414976 0.334906 0.369045 
0.695344 0.549039 0.738430 0.591357 0.683692 0.753050 
0.739216 0.629823 0.641534 0.609095 0.662705 0.620355 
0.242237 0.470360 0.452766 0.365379 0.373625 0.683660 
0.677793 0.470562 0.583774 0.558692 0.385541 0.541985 
0.389154 0.448728 0.402318 0.632961 0.319729 0.606065 
0.184261 0.231128 0.382639 0.181043 0.271877 0.318578 
0.359286 0.631576 0.340238 0.445375 0.470395 0.487431 
0.520852 0.448711 0.534702 0.614403 0.365568 0.507118 
0.357097 0.724215 0.523979 0.508002 0.477278 0.552548 
0.411311 0.363057 0.359192 0.392893 0.444960 0.425192 
0.342781 0.249423 0.370604 0.391849 0.489155 0.373258 
0.382311 0.624670 0.372385 0.483659 0.515803 0.433060 
0.434553 0.229809 0.297814 0.330399 0.475991 0.222131 
0.205198 0.382690 0.362153 0.388333 0.410594 0.539670 
0.610545 0.489094 0.701024 0.616853 0.498415 0.532124 
0.304666 0.440521 0.321067 0.420115 0.409881 0.381417 
0.624625 0.566829 0.597469 0.705160 0.365814 0.605165 
0.689302 0.531841 0.579657 0.490415 0.412606 0.500061 
0.830304 0.654866 0.686765 0.514312 0.717151 0.567726 
0.320293 0.421326 0.213882 0.403803 0.351110 0.290277 
0.226601 0.551080 0.627850 0.475520 0.679874 0.391917 
0.662574 0.577482 0.606184 0.680111 0.718104 0.558265 
0.373700 0.634680 0.430909 0.683104 0.429501 0.664892 
0.599242 0.477103 0.493654 0.665427 0.658349 0.375474 
0.523868 0.683010 0.608811 0.744216 0.620592 0.652686 
0.534531 0.378830 0.440799 0.462923 0.384850 0.516310 
0.341077 0.543142 0.354778 0.551236 0.381810 0.561797 
0.726883 0.697491 0.689764 0.814137 0.737686 0.770294 
0.577526 0.647656 0.585802 0.631903 0.697904 0.689846 
0.618064 0.722831 0.486343 0.733633 0.747168 0.521055 
0.805886 0.550414 0.721895 0.442310 0.564140 0.474597 
0.527657 0.653627 0.574176 0.496889 0.673032 0.687397 
0.198206 0.151750 0.252104 0.268983 0.262091 0.223345 
0.575711 0.633818 0.614264 0.647697 0.656420 0.715818 
0.309880 0.388452 0.459929 0.243605 0.530053 0.269054 
0.582060 0.546900 0.718699 0.523044 0.742135 0.612650 
0.522275 0.632898 0.671652 0.547529 0.474271 0.657640 
0.673660 0.490061 0.511923 0.533484 0.418131 0.435824 
0.213289 0.303527 0.357318 0.251131 0.223762 0.369685 
0.462158 0.503483 0.499499 0.538146 0.449362 0.481124 
0.784526 0.598465 0.706503 0.789279 0.647123 0.619350 
0.578173 0.367686 0.300469 0.621219 0.419568 0.344718 
0.537048 0.336762 0.276215 0.523691 0.373624 0.289574 
0.292465 0.192322 0.255147 0.172879 0.265563 0.280985 
0.618388 0.681783 0.617720 0.745021 0.676589 0.743342 
0.585637 0.404529 0.550667 0.338211 0.532510 0.261389 
0.577546 0.506603 0.602378 0.257134 0.621107 0.440917 
0.500825 0.394612 0.440084 0.416481 0.345966 0.374788 
0.600105 0.612927 0.539295 0.776810 0.453078 0.530762 
0.449293 0.576136 0.470529 0.538230 0.481754 0.408648 
0.572057 0.837236 0.670750 0.599528 0.702495 0.770406 
0.635627 0.690097 0.717932 0.589812 0.660396 0.598516 
0.688529 0.658075 0.822175 0.778876 0.685149 0.821869 
0.328245 0.451654 0.137928 0.305918 0.427610 0.188939 
0.724848 0.747628 0.720373 0.733936 0.700163 0.712146 
0.478477 0.496787 0.459902 0.456704 0.384657 0.439477 
0.378754 0.437426 0.415581 0.370817 0.256991 0.685505 
0.638340 0.656567 0.562452 0.552913 0.639283 0.602978 
0.386080 0.492572 0.362617 0.424304 0.438794 0.580180 
0.622703 0.487127 0.669745 0.505043 0.596726 0.492700 
0.561273 0.362505 0.628607 0.463618 0.479206 0.610246 
0.687235 0.771022 0.404578 0.633413 0.400220 0.458192 
0.554514 0.569915 0.752439 0.520029 0.483472 0.783452 
0.562864 0.568542 0.458380 0.716583 0.526835 0.605366 
0.592888 0.735700 0.554194 0.674108 0.720877 0.605887 
0.328046 0.719959 0.383231 0.597376 0.562183 0.398379 
0.689551 0.589631 0.548065 0.664999 0.528961 0.694415 
0.472460 0.400413 0.518613 0.467888 0.307811 0.554647 
0.563384 0.381236 0.548166 0.322856 0.661219 0.194218 
0.665407 0.365544 0.711939 0.492722 0.656602 0.463864 
0.420434 0.338438 0.235672 0.596473 0.409963 0.171712 
0.553237 0.648193 0.698405 0.557746 0.667007 0.617775 
0.628679 0.600825 0.679790 0.663742 0.301449 0.772837 
0.348543 0.361992 0.334868 0.437289 0.419152 0.287114 
0.653495 0.704206 0.678361 0.620442 0.809306 0.704876 
0.525153 0.577521 0.482892 0.437510 0.599707 0.495675 
0.619717 0.457249 0.618727 0.509909 0.515121 0.508988 
0.549097 0.554398 0.498548 0.502776 0.482416 0.308636 
0.644778 0.409926 0.606506 0.601406 0.716054 0.646866 
0.460198 0.560559 0.438653 0.571499 0.446325 0.390292 
0.492275 0.534758 0.502302 0.566937 0.477755 0.432126 
0.759811 0.701628 0.846990 0.717894 0.833225 0.757500 
0.581743 0.513234 0.422581 0.412186 0.609753 0.311170 
0.814176 0.764113 0.832470 0.659492 0.816566 0.729549 
0.695371 0.763693 0.568301 0.506891 0.632383 0.603643 
0.454987 0.562213 0.473240 0.284753 0.713162 0.392772 
0.557024 0.447887 0.684660 0.501133 0.620088 0.640463 
0.609458 0.498165 0.233942 0.725387 0.299646 0.473189 
0.570351 0.709743 0.525452 0.733565 0.705418 0.555446 
0.411826 0.522708 0.404023 0.281482 0.656586 0.370095 
0.615751 0.692522 0.489687 0.762826 0.630770 0.619567 
0.368360 0.728296 0.360502 0.585336 0.526571 0.529734 
0.536025 0.683332 0.601368 0.542130 0.487322 0.543604 
0.576565 0.667510 0.592272 0.487092 0.548014 0.658560 
0.569567 0.624626 0.438900 0.616712 0.563189 0.308040 
0.566472 0.492741 0.478753 0.488627 0.344912 0.454899 
0.604961 0.328102 0.828171 0.301491 0.607259 0.592909 
0.538092 0.653788 0.492399 0.558277 0.597388 0.574708 
0.656880 0.849989 0.557464 0.631824 0.725463 0.720127 
0.686593 0.549985 0.576716 0.695871 0.630910 0.564181 
0.342659 0.439224 0.481115 0.307706 0.603506 0.317216 
0.368940 0.187087 0.439739 0.410213 0.204425 0.462861 
0.515286 0.214779 0.249302 0.483507 0.289531 0.496214 
0.582511 0.396727 0.349030 0.581560 0.275876 0.359637 
0.441927 0.494510 0.603475 0.679109 0.547946 0.417062 
0.724258 0.837932 0.722198 0.679297 0.634269 0.701262 
0.305468 0.411183 0.253925 0.457262 0.284147 0.467658 
0.530744 0.277315 0.374569 0.301843 0.436921 0.316883 
0.325961 0.432087 0.237576 0.462437 0.272142 0.564704 
0.686590 0.596735 0.779949 0.445001 0.545256 0.723716 
0.543121 0.383875 0.392197 0.439078 0.440901 0.453387 
0.323527 0.290176 0.354289 0.352252 0.190111 0.294416 
0.635654 0.727347 0.690368 0.648704 0.702589 0.661692 
0.589104 0.570802 0.536569 0.595152 0.460924 0.501469 
0.426794 0.345753 0.368385 0.461251 0.484498 0.401599 
0.571091 0.743970 0.748587 0.626499 0.655552 0.623741 
0.513841 0.612338 0.682317 0.472547 0.669845 0.794658 
0.573224 0.309980 0.602532 0.555050 0.621622 0.655398 
0.557641 0.213636 0.550771 0.352212 0.398556 0.342974 
0.356671 0.244075 0.255375 0.358511 0.381205 0.251363 
0.557208 0.480772 0.636087 0.596508 0.294774 0.648835 
0.688149 0.767912 0.625310 0.859693 0.671082 0.732083 
0.488164 0.364832 0.455093 0.272517 0.383083 0.387652 
0.814747 0.292645 0.577063 0.493427 0.541272 0.433616 
0.659130 0.465581 0.513549 0.503959 0.672508 0.453312 
0.365555 0.720735 0.560831 0.507935 0.661128 0.634667 
0.631312 0.667783 0.552578 0.569635 0.631155 0.754020 
0.524914 0.427181 0.484301 0.551884 0.506598 0.348495 
0.556156 0.520248 0.447663 0.523065 0.432380 0.385659 
0.145037 0.273550 0.293599 0.249401 0.213459 0.355848 
0.567459 0.736279 0.636500 0.576286 0.590387 0.655623 
0.587079 0.716179 0.679691 0.402241 0.587940 0.367221 
0.585245 0.590954 0.473380 0.623223 0.689607 0.435052 
0.548174 0.509237 0.321665 0.324054 0.539068 0.451242 
0.442337 0.396239 0.451911 0.471273 0.375482 0.508236 
0.277795 0.246710 0.246697 0.324806 0.133432 0.340590 
0.257540 0.401598 0.312574 0.363767 0.357921 0.355620 
0.533029 0.495836 0.299843 0.647580 0.418723 0.410142 
0.579472 0.781252 0.701253 0.644196 0.689394 0.685982 
0.551383 0.429552 0.449468 0.680398 0.434801 0.481109 
0.509839 0.673722 0.596102 0.458235 0.606790 0.778993 
0.501473 0.356305 0.299886 0.335758 0.462571 0.137399 
0.259772 0.717874 0.383823 0.579152 0.384252 0.605473 
0.480785 0.365701 0.542785 0.440112 0.400991 0.475321 
0.312560 0.312161 0.491105 0.314951 0.492974 0.449812 
0.454470 0.403048 0.598247 0.411714 0.493781 0.609238 
0.613428 0.802276 0.430960 0.721736 0.796172 0.663392 
0.633367 0.485030 0.590303 0.702649 0.607424 0.457117 
0.444706 0.434469 0.403038 0.464864 0.595686 0.478123 
0.487041 0.375392 0.324141 0.463398 0.243728 0.302471 
0.607093 0.707401 0.648557 0.755878 0.480830 0.770299 
0.650558 0.734845 0.693591 0.878011 0.621149 0.897284 
0.570959 0.468909 0.551112 0.431165 0.469897 0.499700 
0.780481 0.818944 0.780307 0.717923 0.919760 0.736275 
0.557787 0.607508 0.429248 0.703515 0.430468 0.670938 
0.581035 0.504920 0.622120 0.463557 0.541956 0.272784 
0.852449 0.710251 0.824110 0.745208 0.820325 0.805467 
0.483255 0.385303 0.168860 0.559249 0.367777 0.399370 
0.498503 0.515309 0.464734 0.614968 0.443201 0.703512 
0.641299 0.443488 0.558447 0.447262 0.548347 0.473031 
0.672283 0.600207 0.720262 0.722352 0.536781 0.655697 
0.517514 0.195800 0.352099 0.408807 0.404218 0.257640 
0.602931 0.376932 0.618040 0.535394 0.595045 0.510529 
0.681422 0.449934 0.410146 0.338846 0.522830 0.209286 
0.715956 0.793152 0.722649 0.810025 0.752485 0.836696 
0.729126 0.646360 0.654264 0.660884 0.602384 0.639813 
0.733671 0.659345 0.553566 0.588905 0.767296 0.564184 
0.653029 0.465024 0.513784 0.355744 0.477641 0.333114 
0.484108 0.565178 0.406115 0.313213 0.733828 0.321961 
0.425594 0.380999 0.483233 0.485780 0.462471 0.485266 
0.328936 0.365701 0.360904 0.339161 0.387375 0.427614 
0.410392 0.435908 0.612165 0.379123 0.483591 0.645184 
0.600691 0.538838 0.633257 0.727230 0.608362 0.685384 
0.495331 0.577389 0.705614 0.608464 0.644430 0.744981 
0.545977 0.347711 0.560247 0.247578 0.495977 0.281983 
0.617080 0.524492 0.590634 0.600975 0.699677 0.515085 
0.538033 0.345842 0.786260 0.296729 0.513753 0.559692 
0.561286 0.546153 0.644376 0.682179 0.355397 0.507262 
0.454031 0.345906 0.309301 0.501358 0.299863 0.276094 
0.497592 0.473642 0.336066 0.441588 0.364513 0.461698 
0.541359 0.593182 0.544264 0.458134 0.778368 0.592497 
0.741247 0.875832 0.668799 0.869747 0.873692 0.800913 
0.578549 0.558224 0.507491 0.341353 0.546766 0.432811 
0.668662 0.473911 0.604386 0.395391 0.646021 0.215313 
0.328544 0.211774 0.203310 0.172032 0.280846 0.079036 
0.545766 0.555959 0.592564 0.620459 0.491447 0.573037 
0.423657 0.635478 0.387242 0.448745 0.463684 0.372980 
0.272081 0.523830 0.302327 0.474118 0.280884 0.420870 
0.319941 0.353643 0.330800 0.321347 0.383016 0.421222 
0.664469 0.421064 0.502933 0.568876 0.427595 0.300842 
0.303766 0.343572 0.324464 0.219224 0.251912 0.361414 
0.429301 0.609792 0.507797 0.460416 0.655867 0.481301 
0.528277 0.600327 0.626983 0.515043 0.471140 0.844969 
0.351176 0.511464 0.521011 0.547621 0.274518 0.439316 
0.207692 0.332226 0.336008 0.219410 0.368415 0.329302 
0.645563 0.439157 0.458078 0.501371 0.533934 0.360579 
0.407248 0.512952 0.606147 0.256443 0.656528 0.457414 
0.601679 0.597196 0.577160 0.642225 0.602378 0.514656 
0.690339 0.503008 0.611969 0.490161 0.587506 0.496624 
0.450057 0.509696 0.517996 0.370131 0.509745 0.645064 
0.303420 0.433279 0.494611 0.621084 0.430260 0.699215 
0.292708 0.301971 0.367907 0.253476 0.399380 0.361729 
0.440206 0.587676 0.664993 0.424488 0.665557 0.650828 
0.546950 0.546370 0.512664 0.616129 0.558360 0.533138 
0.423551 0.414439 0.578069 0.491310 0.693814 0.492908 
0.610776 0.480163 0.598819 0.747455 0.389410 0.637062 
0.378578 0.434233 0.550037 0.388787 0.425228 0.435262 
0.601650 0.540730 0.495588 0.309773 0.547951 0.481791 
0.409390 0.436939 0.394391 0.307688 0.444043 0.369969 
0.445265 0.442785 0.415404 0.495946 0.359018 0.487700 
0.482293 0.688785 0.586072 0.577865 0.516977 0.778333 
0.545848 0.509125 0.546668 0.498307 0.623809 0.344241 
0.612140 0.594409 0.648758 0.728411 0.653729 0.647162 
0.387264 0.304923 0.342293 0.342563 0.420263 0.359321 
0.331722 0.608191 0.570722 0.382954 0.557560 0.584645 
0.466626 0.463125 0.514182 0.475978 0.523786 0.371787 
0.252198 0.407120 0.346924 0.286116 0.417953 0.355729 
0.407768 0.349745 0.572156 0.243698 0.380398 0.352475 
0.505166 0.462753 0.287082 0.545438 0.415561 0.207029 
0.653338 0.599100 0.775306 0.722363 0.600315 0.740261 
0.222005 0.490079 0.216080 0.610112 0.318467 0.402879 
0.318731 0.466512 0.441622 0.286573 0.392855 0.359031 
0.586059 0.594137 0.323127 0.653463 0.458231 0.544042 
0.586614 0.615862 0.704171 0.403297 0.786197 0.579819 
0.816102 0.665267 0.753216 0.620563 0.793097 0.799760 
0.560798 0.595654 0.540922 0.519150 0.504686 0.408233 
0.502701 0.594047 0.487593 0.450000 0.475095 0.435196 
0.614379 0.491927 0.726100 0.529775 0.686397 0.406725 
0.398482 0.444627 0.272648 0.569345 0.203885 0.487994 
0.201182 0.222779 0.209657 0.201679 0.292071 0.245056 
0.284963 0.375886 0.321113 0.366651 0.379859 0.393045 
0.363690 0.449335 0.222368 0.425774 0.471830 0.304442 
0.511264 0.493691 0.575964 0.345657 0.590284 0.541349 
0.372194 0.417263 0.461340 0.346856 0.573117 0.348756 
0.300435 0.579312 0.361998 0.500971 0.740531 0.357226 
0.325042 0.429763 0.300319 0.353966 0.376861 0.366571 
0.493615 0.403353 0.500110 0.391401 0.481768 0.449222 
0.527743 0.395537 0.313912 0.547786 0.371644 0.523538 
0.320419 0.468295 0.261831 0.319447 0.464567 0.119387 
0.447110 0.679254 0.407202 0.476637 0.588786 0.642118 
0.511572 0.490369 0.440166 0.420717 0.627866 0.372301 
0.315179 0.357801 0.460735 0.553241 0.207277 0.501753 
0.556461 0.422914 0.243738 0.442788 0.510427 0.261911 
0.654829 0.517633 0.549404 0.443739 0.720763 0.480966 
0.336414 0.290245 0.330446 0.342937 0.267700 0.358445 
0.454064 0.422513 0.410982 0.327959 0.338433 0.492133 
0.572495 0.525964 0.642424 0.437092 0.625727 0.640209 
0.384746 0.489356 0.246796 0.540452 0.386322 0.559210 
0.320043 0.311843 0.354854 0.461832 0.116072 0.470861 
0.408260 0.575662 0.531418 0.544817 0.533638 0.606653 
0.372627 0.333766 0.374555 0.283172 0.455339 0.361942 
0.457572 0.242895 0.384419 0.067792 0.453607 0.279756 
0.701535 0.499418 0.551153 0.635708 0.551629 0.481151 
0.323486 0.504541 0.231150 0.436056 0.454673 0.403696 
0.589381 0.530641 0.365001 0.603808 0.464994 0.418436 
0.665501 0.780764 0.655391 0.684116 0.754856 0.671758 
0.697590 0.809670 0.656084 0.779594 0.826193 0.734123 
0.439262 0.424388 0.480094 0.693037 0.360730 0.475643 
0.695928 0.496524 0.517999 0.549987 0.753556 0.375689 
0.357958 0.541132 0.219427 0.522275 0.550932 0.333758 
0.544695 0.704678 0.369619 0.666259 0.613077 0.347643 
0.569376 0.687533 0.343773 0.543345 0.612740 0.569605 
0.366301 0.319127 0.450755 0.455418 0.366905 0.474018 
0.822810 0.752998 0.721469 0.845896 0.726949 0.715257 
0.327449 0.396925 0.585007 0.503983 0.380970 0.755243 
0.471472 0.400694 0.674758 0.445450 0.450552 0.554415 
0.567850 0.366536 0.669137 0.507610 0.529554 0.624863 
0.354663 0.374999 0.256724 0.430378 0.364238 0.221105 
0.562564 0.369172 0.576331 0.364385 0.554005 0.582017 
0.535295 0.644085 0.436103 0.619668 0.437313 0.587774 
0.289764 0.188083 0.337734 0.202932 0.315136 0.255103 
0.491521 0.262597 0.479211 0.271777 0.417370 0.531183 
0.355827 0.628226 0.378864 0.432812 0.359231 0.451337 
0.317644 0.351530 0.561094 0.373899 0.399086 0.470456 
0.416361 0.634997 0.592372 0.405620 0.647707 0.656701 
0.468888 0.299780 0.387789 0.531051 0.457013 0.525757 
0.637881 0.289636 0.567023 0.646812 0.379638 0.663754 
0.558130 0.596484 0.429969 0.517982 0.477086 0.752997 
0.532462 0.452496 0.669681 0.544698 0.768368 0.676596 
0.317965 0.340333 0.190324 0.418048 0.297454 0.222332 
0.888973 0.729620 0.853426 0.827639 0.785128 0.776896 
0.806282 0.848547 0.804756 0.756643 0.791964 0.742226 
0.404903 0.322963 0.467772 0.315461 0.562807 0.307072 
0.265872 0.432615 0.304799 0.438445 0.310900 0.291442 
0.321948 0.540555 0.355345 0.360990 0.682944 0.499382 
0.377082 0.434517 0.381607 0.268727 0.392718 0.451005 
0.715272 0.517423 0.857738 0.619680 0.621005 0.688109 
0.504615 0.738803 0.611161 0.618423 0.807897 0.657357 
0.788173 0.571876 0.640945 0.761831 0.692644 0.547627 
0.732892 0.674455 0.736889 0.847310 0.748340 0.733483 
0.689040 0.422337 0.679749 0.557973 0.621958 0.349137 
0.613517 0.573494 0.530320 0.501083 0.604733 0.506347 
0.417736 0.528435 0.262686 0.456825 0.436831 0.406104 
0.635424 0.579267 0.427978 0.759399 0.473988 0.483211 
0.240448 0.258429 0.286081 0.345621 0.301374 0.291200 
0.563431 0.549369 0.527649 0.550935 0.395609 0.674985 
0.448839 0.204654 0.443830 0.288919 0.325627 0.393558 
0.335255 0.400772 0.536645 0.315123 0.353013 0.582327 
0.809304 0.863426 0.761485 0.848234 0.771004 0.807914 
0.497249 0.492958 0.308470 0.541437 0.602567 0.326607 
0.391855 0.305653 0.356342 0.553252 0.199849 0.357535 
0.785311 0.425574 0.453153 0.621155 0.622871 0.435421 
0.664250 0.709099 0.593707 0.578599 0.581424 0.671268 
0.593162 0.458639 0.617540 0.552952 0.384411 0.642499 
0.768060 0.634602 0.697197 0.724479 0.502086 0.811144 
0.749624 0.712980 0.589626 0.721135 0.656420 0.571285 
0.663662 0.677264 0.842954 0.738246 0.643533 0.719004 
0.616767 0.314142 0.432378 0.744897 0.226220 0.523559 
0.541388 0.438043 0.318369 0.674071 0.417955 0.550031 
0.706172 0.765149 0.596326 0.741025 0.757875 0.674324 
0.570304 0.285519 0.421958 0.326869 0.478078 0.356751 
0.584299 0.742534 0.530556 0.722581 0.741702 0.712091 
0.497275 0.398562 0.442430 0.521129 0.505901 0.455618 
0.650716 0.366738 0.487119 0.366445 0.486427 0.361048 
0.515008 0.317948 0.595938 0.272340 0.645183 0.580219 
0.843418 0.866827 0.743253 0.857008 0.827096 0.775867 
0.381207 0.342056 0.481207 0.511073 0.499308 0.325527 
0.586017 0.434712 0.629274 0.553117 0.147908 0.503291 
0.371697 0.567279 0.578812 0.553331 0.692386 0.544307 
0.513341 0.642275 0.582684 0.681997 0.451667 0.531419 
0.702517 0.612395 0.592269 0.728749 0.643436 0.571652 
0.598680 0.662689 0.721222 0.663483 0.734825 0.688877 
0.628819 0.579683 0.420267 0.643183 0.608973 0.315984 
0.530757 0.610738 0.728050 0.660255 0.568431 0.602687 
0.686954 0.649246 0.363265 0.657169 0.421132 0.483233 
0.347196 0.254437 0.347262 0.335867 0.330945 0.307171 
0.749928 0.734443 0.778236 0.698364 0.679244 0.793624 
0.199791 0.280696 0.419046 0.323752 0.321208 0.463786 
0.693782 0.463878 0.437170 0.489385 0.365458 0.310893 
0.363961 0.559999 0.233688 0.588366 0.390527 0.432817 
0.554479 0.401450 0.431781 0.391057 0.587746 0.455589 
