4000 4
3548,2191,1178,386
2298,759,448,141
618,182,69,56
1272,617,85,266
2440,1011,740,189
3124,1520,281,555
1777,714,389,94
602,158,213,94
1812,548,499,148
643,258,167,92
1715,717,441,114
335,117,36,52
3100,1775,289,305
367,153,80,37
2258,845,378,176
693,229,65,54
2942,1668,388,239
1786,733,141,285
913,388,166,80
1075,303,252,76
436,199,46,40
2699,1282,757,253
930,281,339,54
2910,1234,219,663
697,206,199,54
462,214,78,19
515,140,122,37
2033,963,414,205
2059,585,304,279
649,278,108,62
3338,1643,536,551
1674,559,159,279
239,74,26,14
3061,2076,250,427
1103,296,350,43
1871,429,121,238
549,132,40,69
1822,899,222,259
3091,1716,487,447
2761,999,565,407
223,90,43,28
3602,1735,1463,163
3039,1761,1007,240
571,186,57,122
2889,1239,947,180
1119,347,283,107
186,60,37,13
933,287,246,94
2050,913,478,134
1291,405,522,73
1448,592,454,86
1592,559,552,73
701,231,217,43
340,109,106,25
361,122,111,18
3107,1119,1055,299
327,124,33,51
698,287,170,48
2903,2107,374,396
1102,502,106,121
174,17,37,4
538,244,181,20
812,393,136,63
439,149,128,24
1910,730,139,241
516,311,146,24
1194,573,121,110
2498,1250,276,305
281,106,74,14
556,239,70,52
2591,1400,262,363
1178,589,229,58
1910,593,619,165
1229,684,285,32
2628,1263,378,369
1773,611,286,181
2632,747,977,246
1361,684,128,148
170,62,56,8
421,124,121,29
3230,1290,380,264
2060,933,701,133
2499,878,515,136
2599,944,915,186
2860,1018,556,149
2612,1211,435,198
2922,1015,906,150
878,246,189,78
2745,1267,315,383
458,197,125,25
2463,807,878,165
3227,1961,717,250
1489,765,313,81
499,128,76,33
2832,1389,221,324
2661,1583,406,200
1356,425,380,67
400,172,147,19
1424,496,182,351
1216,494,397,38
400,168,136,14
1165,588,143,171
2853,1684,684,326
2513,1269,344,182
433,107,43,47
1055,317,46,236
606,162,29,127
2747,1949,912,264
1074,319,95,112
121,30,14,8
2011,1093,247,319
3244,2170,222,557
719,226,199,40
2837,810,704,342
1776,769,179,176
1238,586,128,137
1213,380,327,74
2205,865,592,153
252,85,38,25
876,427,87,105
57,27,18,7
882,405,214,44
340,133,38,52
1991,685,509,128
415,87,134,31
1101,447,254,99
2669,1700,343,284
1986,815,434,133
1378,322,269,79
108,38,33,4
1270,284,236,75
1081,593,107,154
3046,1686,340,336
528,98,153,21
2208,775,370,181
2869,1681,292,248
2691,882,329,381
1964,766,464,150
1078,321,285,90
756,274,145,103
270,90,62,10
137,60,23,14
277,79,47,16
2183,646,582,117
1469,604,243,170
1962,475,269,230
1766,676,491,137
3204,1675,465,474
1183,533,247,43
2089,588,139,178
2283,759,946,173
702,283,80,79
1026,346,198,120
618,297,92,39
467,126,116,24
380,242,47,40
802,182,69,96
775,174,67,93
1439,364,574,67
1667,501,243,110
1159,340,177,80
508,161,66,30
1424,517,137,162
797,285,182,81
121,80,36,6
232,112,39,10
754,151,140,41
1430,523,170,158
139,65,31,7
272,126,26,25
792,202,59,177
2853,1700,422,488
2147,953,363,133
1372,571,408,69
1749,781,497,73
1995,883,191,201
1748,719,500,99
1898,806,196,178
2709,1137,260,403
432,124,43,49
2688,1058,940,186
3109,1465,209,424
1030,435,216,17
2589,943,152,650
2563,941,459,259
1755,411,403,119
995,442,301,40
2787,1015,585,121
103,45,22,7
754,424,152,45
1055,629,115,109
2592,1680,273,311
2661,868,1025,224
2636,1302,407,229
538,283,30,47
2341,804,810,145
2590,1161,238,281
447,173,55,49
2389,652,226,287
2756,632,904,328
3134,1677,613,236
2904,672,1077,297
2419,1124,189,195
274,116,77,22
2519,602,812,127
674,175,197,43
949,246,350,66
247,100,63,12
214,88,55,11
3220,1502,311,458
2515,1164,671,183
1516,794,138,195
223,86,76,16
2656,1519,727,450
704,174,145,73
2388,1119,214,357
614,227,62,85
853,285,289,48
1376,359,293,159
1571,576,391,105
68,21,23,3
1503,555,368,102
1026,418,88,90
3122,1701,496,496
1704,600,310,218
1733,760,553,139
1586,543,176,158
1772,732,179,225
617,177,32,80
2913,940,891,209
1646,700,294,157
1468,633,125,246
1282,658,132,122
2992,1549,299,372
1731,264,520,63
2247,817,219,204
1850,491,419,87
2995,1600,307,191
319,90,100,38
172,31,45,4
2735,1571,540,206
408,174,148,31
165,90,49,3
339,191,27,26
112,28,3,8
1364,450,112,265
130,36,8,20
2066,757,390,83
489,139,122,21
268,92,70,19
1838,726,333,111
1480,689,180,171
540,269,117,17
216,117,42,10
2139,914,398,203
793,164,63,70
278,81,16,28
1145,431,187,67
1360,475,479,105
2975,1585,878,121
2747,942,869,190
2900,1154,265,374
1891,800,175,306
1697,752,332,217
1485,647,292,197
2390,1239,758,130
1762,665,524,83
93,20,25,12
333,123,102,16
2363,1366,746,217
853,250,99,76
2373,1604,300,332
278,109,40,23
889,275,311,72
3328,2427,965,315
242,91,74,15
1019,422,135,68
708,233,186,69
1613,797,510,72
139,64,45,9
2889,1574,273,304
2407,730,793,216
311,139,32,39
2995,1722,209,596
943,477,182,77
2030,823,202,169
818,386,101,66
1004,444,229,59
782,164,200,71
1326,434,381,90
1482,669,295,25
2184,564,776,149
813,289,50,57
790,278,47,57
709,188,233,53
2055,919,557,113
773,176,224,80
2913,1443,358,341
185,71,41,8
930,487,240,62
617,223,116,22
2793,1641,376,362
2274,1037,198,220
1898,718,259,215
1114,408,161,128
2382,798,292,324
136,77,36,3
1393,346,415,94
260,48,71,26
1133,298,344,68
2026,818,186,146
1280,370,182,288
1687,823,681,220
2776,1065,365,661
995,213,66,150
2960,1679,259,440
2716,1461,720,167
562,168,251,18
1935,1039,360,107
870,292,288,31
700,170,56,112
3016,2152,1090,319
1378,439,291,98
2278,1296,652,322
1710,561,371,150
1277,697,80,254
969,241,296,53
1136,589,78,134
1760,411,356,182
1909,946,471,102
795,332,186,52
1114,614,285,50
1354,476,401,60
2442,687,641,109
1082,371,163,144
1170,516,431,83
911,314,237,70
1516,678,143,275
1070,302,312,189
3021,1818,321,338
1083,446,306,85
1212,467,90,147
1027,288,103,128
2017,936,348,240
891,365,64,111
596,282,59,117
2098,1236,232,176
2095,681,264,372
608,347,66,62
2947,646,270,685
207,95,16,21
2409,1329,240,220
2643,1091,631,181
864,157,234,30
2045,626,273,308
2037,1062,195,271
1634,530,76,234
2501,1453,440,268
2816,1564,587,144
552,159,95,29
342,104,100,24
752,296,193,47
856,361,240,63
2267,868,184,378
1219,471,221,50
949,321,144,104
1324,601,187,179
2539,1005,270,337
1782,597,353,133
2253,1268,237,266
174,84,39,19
1048,480,217,92
456,240,100,49
592,240,117,43
2705,1895,454,238
1913,604,475,83
630,207,178,26
2877,1527,1070,199
609,340,61,74
1645,425,495,167
3364,1942,1029,158
1021,513,280,50
1363,446,440,89
1568,518,124,386
1223,457,115,212
1825,489,143,403
2302,879,693,166
2081,321,564,98
1059,565,186,55
1652,467,611,104
1055,296,400,78
2419,1238,678,264
1239,435,284,48
1065,344,296,80
1505,524,587,208
860,325,209,39
2050,759,669,154
1513,852,494,62
908,384,199,53
2595,869,734,386
555,159,154,31
2446,1616,745,214
1849,836,299,263
552,224,47,56
1025,401,210,33
228,131,38,4
450,131,87,21
2531,911,219,463
869,365,91,62
2369,1050,437,145
767,474,264,65
2031,1387,662,140
2029,771,183,260
2769,1690,911,302
1222,528,317,51
2158,663,307,139
137,86,49,3
1178,507,110,114
1262,485,341,86
1958,791,376,152
955,397,255,58
937,381,72,141
1647,583,292,99
516,201,45,60
119,64,34,4
2694,1280,687,223
996,256,236,41
333,105,34,38
533,166,77,43
2018,631,615,112
289,79,27,20
209,58,25,19
2777,1462,828,142
1966,951,554,158
176,100,11,10
1645,848,518,69
2190,800,563,107
2583,1344,294,210
1051,403,223,85
1581,781,191,196
2601,1116,701,159
2135,1174,317,152
1464,599,439,43
675,312,231,13
2880,1557,332,328
526,269,71,23
1680,835,188,172
1075,304,143,39
241,112,18,25
3001,2125,334,337
587,359,157,27
1535,599,117,120
135,62,27,6
1216,403,160,254
2264,1210,934,245
678,229,51,141
171,83,33,6
170,54,69,11
1342,514,492,48
2265,1069,698,85
2627,1028,307,630
1657,711,428,53
152,59,24,2
1276,539,484,62
2743,1248,506,227
768,153,69,130
368,109,41,35
2642,1238,824,169
1552,526,258,171
867,224,101,132
556,124,67,88
1776,974,306,92
2481,1495,193,201
1055,620,74,111
1403,616,253,142
986,293,81,142
1421,612,98,232
134,55,35,7
2265,1600,801,269
2147,920,229,360
1085,496,83,196
409,174,33,68
1623,293,302,163
449,155,82,40
936,372,266,62
2775,1258,610,238
269,120,91,19
571,285,173,34
1131,572,333,65
285,74,93,22
1288,532,295,99
2256,1088,212,300
1878,1156,175,174
798,303,99,54
1876,1118,290,175
1481,666,257,194
130,54,12,20
1965,1192,188,240
1594,549,303,105
1525,653,482,131
2547,686,249,391
1370,416,215,87
2186,1011,187,225
1032,386,112,55
621,250,62,62
835,246,116,66
133,31,11,17
702,215,105,49
937,509,102,73
1801,464,376,100
2770,1553,230,320
453,196,143,12
1935,874,121,294
154,84,27,8
2037,748,122,285
1722,820,555,85
273,136,49,11
220,68,48,10
1876,589,358,217
37,9,20,2
1993,863,582,112
2203,1623,511,141
1660,392,287,409
406,138,75,29
155,49,29,12
576,183,102,26
2405,1262,615,85
1682,892,435,56
1213,338,304,73
1327,372,420,80
1664,825,209,209
2050,1191,212,306
827,472,107,72
2091,637,223,376
2327,693,509,192
3067,1879,1071,263
2553,1304,177,388
1382,583,359,76
1132,476,304,66
1098,340,116,149
449,151,71,30
1853,432,510,172
2163,914,400,254
343,163,50,37
2530,797,231,427
2741,1285,277,380
2283,1123,188,193
854,123,240,38
2118,973,421,112
1875,828,153,235
2411,703,779,111
1823,817,310,211
1704,695,260,120
1636,434,570,92
171,50,11,32
1042,511,108,145
3092,1909,751,193
2155,1215,383,161
1169,507,321,38
2152,829,693,97
626,195,91,50
2311,1542,715,216
498,182,32,108
2119,1113,621,173
2107,1144,886,31
3182,2097,1010,298
1020,303,112,157
727,212,75,123
293,91,37,34
1760,697,148,292
2533,1587,810,294
1683,676,416,84
940,469,202,47
1277,475,372,58
1819,757,297,174
110,16,21,7
53,15,3,5
353,212,49,29
1714,832,541,160
438,191,134,23
1969,1025,680,95
2069,934,389,155
2479,1266,675,213
626,232,145,20
1323,742,279,42
107,36,17,2
1216,706,262,40
1929,723,260,260
839,390,101,102
1163,299,162,153
463,127,94,21
679,258,179,40
911,312,203,45
789,315,83,61
400,150,74,35
109,25,21,18
2473,1064,249,378
1322,571,226,81
2760,1182,682,180
2170,958,554,122
311,146,23,38
1323,517,157,159
739,340,82,87
584,177,75,72
1551,606,224,146
2940,1612,300,393
3314,2021,310,458
660,280,49,56
3019,1436,327,584
1006,466,106,111
1132,520,113,87
663,351,90,70
1859,822,205,226
1820,667,134,244
2644,607,955,326
1419,301,244,105
2496,733,294,453
384,178,52,54
1003,440,202,69
1264,362,76,253
751,288,279,30
2231,1000,654,118
561,229,156,10
38,19,14,1
523,210,142,9
1584,530,179,294
611,209,125,32
2481,2014,164,437
2780,921,474,439
2002,530,137,317
2572,1431,256,294
1249,725,204,74
815,514,114,40
1550,756,209,363
2731,1777,227,214
3157,1903,1025,431
1219,422,216,79
413,157,46,44
224,63,45,15
746,129,151,69
499,79,104,49
2528,1191,650,223
476,163,119,15
131,53,30,6
329,102,83,9
2566,1082,277,502
165,66,42,7
2839,1778,354,281
1176,645,155,75
245,96,46,17
1324,472,247,231
1757,581,210,468
927,435,281,50
2544,640,217,356
734,291,97,61
530,189,94,43
2714,1394,290,217
3207,1497,589,262
289,69,98,18
2850,1102,842,181
1595,917,123,191
532,175,147,49
2517,1127,652,242
879,285,60,138
1775,1040,342,138
233,59,16,43
1487,497,315,198
2215,892,664,74
2410,1795,522,119
1486,589,128,324
2546,1366,693,92
282,123,56,22
2802,1803,564,357
108,33,18,5
1540,528,268,101
1243,298,315,167
279,129,20,32
2954,2244,301,340
1110,653,96,103
465,218,98,21
459,215,97,21
431,179,40,63
1856,1009,232,153
1441,514,250,184
463,223,45,42
3105,1789,994,143
2361,1421,533,127
1213,395,351,60
81,40,10,3
1050,339,102,141
2483,1031,254,330
154,69,45,6
113,59,41,5
1070,374,178,85
1417,727,248,78
794,240,226,78
2717,1270,374,280
2413,1245,170,360
2058,517,616,88
2386,902,412,358
2594,1265,627,380
2304,965,531,201
1215,458,328,57
2260,1015,215,365
2705,1253,1026,285
976,575,174,86
1684,524,569,113
1604,961,430,88
2627,867,702,430
575,253,190,32
1779,755,126,295
948,420,113,132
496,111,96,32
465,111,93,32
2462,1406,716,215
1824,1105,121,243
2969,1518,791,228
2231,1487,520,168
1594,1076,379,128
2698,1337,215,453
2552,1715,864,283
1392,570,332,69
640,219,184,31
1053,391,225,48
1269,691,293,121
1434,786,125,249
545,272,37,82
221,85,64,19
2941,1660,173,351
2006,846,701,140
3145,1404,231,737
323,161,32,24
1885,755,429,211
2791,1520,740,301
2122,912,625,178
3064,1260,209,1099
1917,568,608,136
736,355,108,57
2259,895,483,230
2537,1456,802,113
1781,1039,577,74
756,417,225,39
1222,354,242,69
2859,1623,503,348
216,132,51,17
1737,544,360,126
2158,1023,468,110
279,92,47,19
1703,795,347,97
1957,456,575,115
979,424,96,126
452,202,35,58
527,222,61,68
309,99,44,40
1650,805,206,121
2288,1172,212,261
3111,1678,295,395
131,58,13,17
1488,518,171,142
1233,612,125,73
1195,592,121,72
732,221,146,41
572,153,109,26
2753,1338,228,429
2144,1074,604,176
2641,1408,572,137
1570,667,119,176
2406,843,830,315
2764,927,800,125
1139,502,294,47
2027,678,655,172
2338,947,200,347
152,38,50,7
2915,1524,609,227
1195,746,98,83
2266,1457,245,307
1299,670,207,61
2451,1643,196,255
2575,1561,177,383
2168,1118,609,322
180,38,28,26
287,64,77,18
235,180,29,31
1891,698,453,178
502,206,120,51
2955,1745,852,370
522,203,114,46
1555,700,328,115
2027,688,223,252
1701,960,155,174
2328,754,516,144
1690,719,238,383
1781,913,571,76
117,32,19,9
3150,1781,726,165
470,202,43,42
254,75,19,40
904,362,241,84
160,68,19,12
2159,940,534,206
900,468,238,53
2912,1300,226,440
2309,1613,272,337
1872,570,483,64
1830,545,363,216
1331,624,98,117
722,307,185,53
502,162,116,30
1246,486,107,230
431,175,96,28
2115,816,181,215
419,153,87,29
2621,1328,172,610
27,10,3,8
2585,2055,238,283
2122,1055,194,293
1718,878,152,221
1474,441,152,312
1106,334,138,145
285,55,62,17
1568,855,432,133
1254,470,242,59
1020,390,259,81
2791,1334,773,182
1116,333,107,192
1135,523,94,104
1544,736,346,93
1061,473,83,147
2092,479,138,424
197,106,17,22
413,199,20,50
796,329,69,112
1208,219,326,74
1286,737,270,95
1541,472,394,115
2937,1540,414,332
2533,915,426,424
2795,1387,596,563
325,121,55,54
2771,588,950,164
1545,438,381,67
674,351,66,47
1233,709,276,108
2798,1565,775,231
212,82,40,19
419,176,88,52
1910,986,361,155
2945,1549,493,150
711,190,151,75
302,126,112,29
451,186,105,16
2412,743,645,460
1510,614,613,46
1136,453,450,32
374,161,163,14
1392,802,373,122
739,408,179,62
364,67,33,67
803,225,90,174
2364,1337,337,206
1176,588,325,125
681,234,71,53
526,183,49,33
277,53,58,12
522,290,40,54
442,299,38,29
1298,672,218,104
2097,1222,467,200
2208,1072,699,333
1424,703,462,221
1333,520,86,248
1071,463,220,62
1565,582,350,66
1543,937,290,149
113,29,29,2
1557,654,338,133
1467,599,97,238
633,378,36,67
2676,1520,150,299
2046,1042,513,112
811,511,178,57
3226,1446,229,642
2337,1250,573,194
2849,1203,464,254
1213,444,321,118
980,319,265,70
1270,443,109,144
1512,881,185,102
1683,490,466,183
298,142,52,19
3060,1254,539,832
1661,951,506,98
2710,1415,770,142
2123,731,774,76
2588,1334,837,184
1331,747,225,173
1860,639,166,250
1337,579,363,84
2793,1175,908,279
2293,1365,167,347
1595,315,436,66
135,74,14,7
1988,819,245,93
1552,792,146,187
809,324,79,92
1051,299,121,259
442,198,54,51
446,146,45,67
1834,880,358,109
1594,567,156,273
2422,712,287,607
844,326,170,53
337,194,126,34
1092,440,276,55
1124,391,208,54
298,88,80,9
3111,1644,525,250
1794,506,106,183
2118,1526,192,166
556,266,121,36
603,349,45,39
1286,558,122,222
259,59,40,18
2054,1115,546,344
276,59,65,25
607,102,108,54
2610,1271,580,195
313,105,93,15
2593,1747,258,233
1146,406,84,161
2479,1202,442,208
1986,1206,175,233
2359,953,440,189
2384,1092,298,384
1095,297,84,140
1360,561,177,113
657,208,61,58
672,301,65,52
2925,1646,613,111
1635,327,473,99
395,94,41,25
1184,597,187,115
661,334,81,75
2192,672,467,201
1420,489,440,52
1708,626,100,283
1084,595,292,62
528,219,155,25
1686,626,151,385
2182,1402,200,302
2088,1065,545,109
1243,371,265,118
2075,1454,383,79
1581,504,120,249
67,15,19,14
337,168,39,30
2375,1266,571,212
279,96,62,10
2723,728,163,295
2370,1565,159,361
248,60,42,28
476,179,47,70
252,109,67,15
123,57,29,6
2765,2221,419,260
1077,422,307,83
2710,1179,724,218
1930,502,505,249
1259,396,153,111
509,115,133,36
434,218,43,56
1631,377,348,122
1750,677,228,202
624,120,51,118
1114,255,108,174
295,130,29,23
1599,572,458,104
490,55,127,35
331,32,77,24
2434,1073,138,394
1892,899,99,277
542,174,39,117
1108,553,230,65
1643,582,468,144
2615,1486,363,291
2693,1431,179,407
1935,408,602,92
1371,798,320,317
2542,1541,518,346
1716,808,358,78
2311,1053,366,341
2046,1096,435,226
950,524,263,43
1226,393,98,241
987,306,80,195
207,68,42,11
666,238,93,59
199,117,67,5
654,308,120,45
353,118,33,45
2743,1208,786,122
2385,1436,410,157
100,30,12,9
1934,1024,569,62
2228,567,584,399
2670,1122,665,237
475,148,90,24
1753,961,413,179
1686,642,134,384
1829,341,220,362
2186,637,454,159
1919,555,154,464
2162,999,575,173
1682,638,230,163
1469,663,132,160
3245,2222,1180,141
2266,977,139,411
1161,552,67,199
321,165,67,30
168,72,41,20
153,93,26,10
1032,293,74,157
1564,587,295,72
1327,776,264,114
1815,568,418,135
1406,497,168,228
149,59,15,10
2911,1688,219,299
1109,415,110,149
493,165,49,80
616,250,61,69
1472,453,356,48
2269,1180,246,184
461,144,42,77
2808,777,629,161
2577,1086,124,734
2431,1217,195,555
838,157,217,52
148,37,37,11
2963,1301,583,344
1569,740,390,126
3088,1543,789,206
2016,1003,533,118
1932,970,520,113
372,103,85,44
2128,1108,634,161
484,215,132,10
586,235,138,27
527,167,88,24
519,165,87,24
2055,1326,231,285
212,56,18,32
504,188,116,70
2820,1549,287,426
2620,1967,287,231
2549,1100,567,136
2032,507,673,170
821,206,48,208
1812,800,453,129
307,119,84,16
1505,681,369,113
1708,423,465,72
1078,601,68,148
236,83,21,37
688,194,214,26
118,37,28,2
562,155,183,24
271,188,64,11
3028,1827,435,235
2742,1560,321,432
1145,349,227,64
945,235,115,115
997,335,88,153
1025,524,97,124
331,137,65,11
339,152,38,22
176,53,33,6
966,170,264,42
595,444,50,67
924,511,125,109
2035,573,339,448
1785,922,140,238
1988,884,274,189
2156,906,250,328
2529,797,223,407
444,207,137,23
2627,1289,633,64
2682,1392,561,146
2197,907,269,230
2189,832,629,130
1392,595,82,187
840,360,44,112
203,28,41,13
1132,505,245,99
3222,2457,514,324
2614,993,226,509
575,206,133,31
1182,794,103,162
1124,528,305,55
356,92,79,14
999,222,188,87
1031,447,90,146
1093,172,290,35
2040,1298,375,96
1315,520,104,227
2519,669,559,188
1056,272,84,157
2100,735,441,100
3015,2082,558,433
1591,435,108,142
2796,1789,248,419
1793,421,189,261
2796,1517,835,136
833,376,61,87
1699,660,423,152
2164,945,195,149
459,88,95,54
2597,1582,305,187
1892,1030,182,276
845,219,186,59
310,142,34,20
787,390,53,104
1317,456,320,142
3032,1318,747,144
75,23,17,4
1844,833,152,252
1696,569,144,395
480,90,27,81
185,57,13,16
1104,520,272,67
412,170,51,22
1900,990,364,213
1904,820,451,73
617,223,125,22
1741,1002,459,91
1191,517,144,160
2040,779,507,114
746,268,202,25
1892,639,497,293
741,337,193,57
558,240,154,45
1803,998,257,118
549,143,108,51
237,49,66,18
650,155,103,73
894,334,277,45
617,250,64,28
1134,321,401,32
2150,864,168,457
1467,278,155,312
2252,870,213,362
1047,287,163,67
1139,493,195,88
2211,1514,257,148
2671,1263,903,179
1516,554,263,47
2664,976,704,150
349,134,17,39
352,191,49,16
2332,1117,556,91
1963,875,142,338
1792,723,336,129
973,530,141,39
2294,741,275,762
1186,529,256,82
1507,705,91,170
1085,337,295,61
3024,1440,176,652
2018,909,305,192
2098,941,439,202
124,34,24,3
1599,780,372,127
2534,1590,866,140
807,212,180,41
2756,1552,221,276
1037,289,229,28
369,145,29,57
262,124,65,26
2913,1035,511,314
483,74,112,22
338,53,77,15
1040,351,118,109
2175,1258,609,120
946,489,287,49
2745,1414,721,179
501,187,23,89
2018,483,611,59
2217,1134,721,162
1623,644,427,146
2667,1204,509,252
1782,1095,266,209
800,212,55,117
1447,748,109,222
2042,848,186,307
1446,634,117,233
596,214,69,74
1938,940,142,301
2610,857,224,424
1246,906,148,117
607,219,126,33
1996,661,301,189
1989,815,493,126
1387,526,149,270
2626,1732,565,176
1861,456,150,398
1805,716,250,237
2906,1734,393,143
2274,765,611,90
2876,1875,244,549
2277,942,605,139
2732,1674,325,488
1073,357,308,38
1521,831,227,142
1829,967,170,253
493,132,62,38
342,144,65,9
145,83,13,16
1188,548,227,81
2447,1135,548,376
990,386,96,167
1765,996,474,67
2840,1401,508,262
2722,1206,612,279
599,208,155,49
1885,936,150,239
2349,1326,293,185
532,184,78,28
1964,837,144,96
563,240,37,27
1401,597,107,69
1432,814,97,242
1436,391,191,179
2331,981,589,116
883,333,137,71
2988,1907,688,169
1554,242,408,77
2665,1391,519,192
1575,765,210,132
1333,375,335,102
782,212,206,44
2148,639,274,315
2099,775,611,116
148,31,48,7
2081,1151,260,280
1465,685,128,315
2491,1521,197,397
224,28,52,6
1206,932,235,97
1619,613,134,437
2640,627,615,189
1433,369,107,200
1266,542,85,221
667,325,155,40
382,184,96,13
285,141,59,27
369,81,104,11
2988,2326,601,397
699,261,180,47
1248,612,137,138
494,226,42,67
1447,477,96,252
2638,1743,201,290
1130,350,301,100
956,173,216,86
2787,1709,304,270
1422,415,163,136
1547,500,236,268
42,14,10,2
860,230,228,59
1058,237,236,36
1551,671,124,195
2022,750,122,275
1612,404,329,83
1309,492,179,105
1914,709,524,139
698,216,205,24
1813,978,124,318
2297,951,545,220
2907,1326,683,829
2053,1097,494,255
153,67,25,11
2511,1296,353,301
191,31,46,11
137,24,30,10
1164,375,309,62
491,156,114,22
1658,677,448,89
878,340,263,39
333,94,26,80
565,173,172,59
780,229,232,79
2761,1625,860,223
2207,1486,326,195
201,67,62,9
458,102,88,37
2871,1119,993,263
356,98,128,12
1437,528,172,332
2020,633,225,426
879,346,232,52
53,8,12,4
1885,674,568,111
206,49,46,21
818,334,125,72
2586,1269,799,219
2922,1908,1194,101
2252,942,422,186
130,40,30,4
375,123,89,20
1559,668,121,288
1364,504,217,76
182,78,76,7
1706,618,424,64
539,126,138,26
589,162,122,23
2552,941,277,753
2711,1191,205,566
2459,1509,827,141
820,229,200,61
170,63,31,7
2331,825,521,168
433,173,126,39
1755,589,247,168
1074,411,145,245
2601,1387,856,145
2472,620,743,75
2811,1464,880,225
757,183,73,131
2284,912,635,205
1638,619,449,165
646,293,186,40
702,233,154,32
520,243,101,27
1624,395,149,311
2397,1437,354,228
2435,727,155,433
1238,454,130,216
722,272,84,78
606,245,73,68
1708,761,194,150
514,88,99,46
520,122,120,34
2155,1190,270,222
987,383,375,33
1107,366,242,50
395,142,91,19
2474,1598,225,365
1298,587,117,293
2909,2186,437,203
527,195,96,32
2054,567,425,120
1388,346,136,264
727,172,69,126
1472,442,443,49
1290,634,208,86
626,324,105,30
905,400,261,42
2697,1434,478,129
210,92,17,10
2761,1600,205,643
2513,1315,583,262
346,147,38,37
1443,515,136,361
1533,627,393,45
1146,343,201,64
1062,319,190,56
84,24,11,8
2426,1473,248,254
1627,939,298,97
30,2,8,1
2622,1717,587,211
311,122,63,22
1380,663,406,193
28,12,3,1
1712,673,156,333
1734,579,409,130
3028,1908,796,520
2168,1365,170,266
3025,1815,373,288
992,413,63,50
210,65,13,6
782,348,50,44
1405,530,342,88
785,236,181,29
317,118,80,13
1249,324,137,214
1327,381,116,303
2962,1639,636,198
688,342,86,71
2573,907,305,401
1950,471,484,123
1662,793,476,76
2674,1004,575,202
2492,1045,658,158
2665,896,187,561
2079,925,139,326
1174,455,188,176
413,90,101,45
1797,1430,338,135
2705,454,574,228
360,80,97,11
1424,664,120,172
267,131,77,10
2650,1636,338,283
1469,434,205,252
994,402,260,71
253,57,62,13
1577,500,206,116
1858,437,499,69
216,59,22,62
2076,1506,513,173
176,55,12,14
2665,1053,280,338
2686,982,184,567
2567,1178,491,875
1487,769,418,81
893,479,252,63
1909,1063,237,271
2506,801,582,156
473,170,115,28
2667,2027,394,164
1885,963,255,160
678,220,166,46
40,3,6,2
324,104,87,7
2864,1422,1003,149
660,318,63,51
2007,978,455,186
2009,947,117,459
687,232,46,168
2010,788,218,372
1746,583,545,109
137,48,18,14
133,48,18,14
2309,1195,725,203
2402,832,186,353
1456,916,289,74
611,208,155,37
1425,757,193,81
923,387,95,114
1037,388,317,31
1501,480,353,51
332,119,113,19
838,255,166,44
3075,1654,528,358
2899,1451,678,214
960,174,222,50
3053,1391,203,914
1157,352,257,76
1191,430,175,95
458,142,33,149
1280,685,135,60
1730,674,282,252
1937,760,127,483
196,48,33,29
1285,576,172,214
1938,757,220,314
2135,701,545,94
162,47,29,6
1022,393,93,193
3082,1665,922,296
586,223,103,44
2101,850,381,179
2497,917,171,457
2624,1266,179,377
2436,818,189,539
1284,507,91,239
897,474,83,210
1219,455,149,130
2648,1240,688,308
1731,742,312,122
475,151,98,26
19,8,1,1
1893,696,127,395
2734,2295,373,238
1421,672,247,114
1040,277,227,60
1324,644,167,284
378,90,31,81
612,244,92,55
254,63,22,43
1290,290,366,53
916,327,139,67
372,186,74,15
921,376,245,19
2123,1018,328,187
2507,1294,340,214
1734,632,455,73
2279,1029,554,215
200,75,13,43
1434,500,339,62
936,303,193,56
2415,1185,515,207
2630,1735,622,249
2136,1202,500,308
457,149,82,21
520,210,88,34
2401,804,291,697
1297,385,344,39
2664,1072,531,208
2091,778,445,234
1404,509,330,39
2347,1148,703,155
3161,2295,842,531
1842,1155,148,232
2834,1598,300,289
1083,413,256,40
81,33,3,6
245,114,18,11
858,180,87,148
1610,533,392,51
625,316,89,24
1120,498,323,56
397,150,43,24
1279,548,95,167
1049,203,262,14
653,78,166,19
2923,1739,579,209
562,169,69,48
2258,640,246,369
440,109,104,23
45,17,9,2
2189,702,255,429
2722,1861,716,228
1971,1462,323,186
1920,941,119,426
2392,929,668,48
463,308,82,35
2373,1075,164,484
2813,794,927,124
1787,1044,387,153
189,87,25,26
1314,667,238,56
2924,2262,458,344
535,195,84,38
2873,1598,202,406
290,44,27,61
1123,418,286,67
2091,1524,234,178
740,295,246,29
1523,371,388,78
2776,1764,344,243
2218,790,199,360
825,241,159,46
942,308,147,73
2344,1201,596,68
2249,1201,479,114
2062,703,164,350
1334,411,304,119
156,30,29,6
1178,381,275,113
3029,1876,407,273
925,428,63,143
800,107,185,22
2781,1406,476,968
2448,1181,428,248
1565,875,396,149
1659,743,437,64
885,142,211,34
1565,654,394,128
667,174,184,26
638,166,178,25
769,342,171,29
418,129,128,15
1276,290,350,120
860,537,159,58
860,167,122,53
308,145,86,29
536,228,37,102
2559,1051,411,613
2017,727,566,104
2091,798,647,127
2128,1077,231,280
1820,973,190,130
1670,842,557,145
2957,1941,1031,130
1523,443,67,354
3001,1183,539,355
93,15,17,7
132,47,22,9
1170,774,165,71
535,165,49,58
1061,339,263,27
394,165,99,17
1586,491,410,99
2734,1585,391,382
2689,1046,378,816
2657,1817,610,238
2010,500,408,183
2894,1395,218,711
1117,401,250,47
1119,438,166,102
2914,1692,974,111
2277,823,513,243
2253,1218,222,264
882,433,117,94
1001,323,227,69
1617,430,528,69
1763,713,273,171
1531,443,155,157
2126,974,214,410
1178,567,186,87
305,117,35,22
35,4,9,3
1492,611,453,102
377,83,40,66
418,215,89,29
542,199,144,38
87,20,4,6
3081,2186,398,234
1808,771,114,264
2402,1259,723,285
304,91,60,26
2762,1767,427,216
2292,781,169,557
486,253,57,36
2315,1126,614,199
1490,458,105,415
349,175,43,14
344,173,43,14
461,231,69,17
115,29,8,1
3089,1720,361,1123
535,197,76,52
715,347,116,58
227,106,42,20
2237,1245,177,363
1429,421,218,108
2502,1616,228,106
703,199,170,30
713,215,58,153
1127,499,159,94
888,255,251,15
882,253,250,15
234,129,36,29
1575,738,235,119
3182,1491,1005,167
2557,1375,634,252
267,99,31,35
92,22,13,11
1260,325,131,217
1168,406,73,125
2005,841,477,324
2407,855,235,405
1469,621,248,136
2472,911,275,735
2358,1196,493,153
1792,662,417,83
2088,878,600,79
3113,2115,805,557
2395,1214,202,261
409,124,91,17
2787,1762,291,271
1132,448,327,99
842,195,95,107
570,211,53,40
1161,510,123,108
132,45,16,14
218,41,53,15
154,28,33,11
64,13,20,4
419,117,51,86
1292,648,236,45
760,199,77,104
2801,1677,670,176
2019,1223,431,132
273,122,39,8
3270,1266,235,753
413,144,62,43
373,89,86,21
356,82,81,21
1709,640,433,150
1007,487,280,47
2669,1627,694,193
2017,687,504,137
1971,764,146,467
1014,417,55,217
2239,1523,203,361
1207,778,251,77
2682,716,795,96
1957,769,119,390
2551,676,675,101
1086,508,168,37
3024,2414,405,320
2474,1340,370,248
1120,499,203,79
2870,1136,386,505
2535,1754,218,314
161,48,40,5
573,235,57,39
704,312,68,60
423,155,118,15
1542,521,381,54
453,201,73,9
2012,932,135,411
1402,412,206,119
2032,710,244,193
2150,963,226,416
397,89,77,7
2568,1071,187,487
332,98,51,24
640,262,120,29
1014,296,209,82
1069,261,255,15
2732,1213,268,456
2514,1530,419,214
815,263,243,19
2578,1354,426,907
1574,616,332,217
1978,1097,226,269
568,335,168,57
1180,414,373,46
1695,682,467,55
701,276,121,64
620,332,79,53
1190,583,67,234
1197,431,351,67
222,67,10,54
2616,1080,420,584
1750,785,566,84
1442,395,412,64
2992,1795,288,191
673,255,82,55
691,332,102,52
609,294,103,35
2610,847,520,292
2706,1404,655,193
266,61,38,9
204,65,49,6
1213,587,140,83
863,326,113,35
627,171,203,41
1131,417,131,269
2567,1471,334,357
160,55,25,19
852,249,90,89
100,41,15,3
2007,1218,436,164
126,49,32,7
2226,896,453,62
1031,350,135,118
1772,740,664,133
2157,612,423,266
2237,878,312,179
2567,1305,770,145
2626,1234,685,153
1664,505,396,85
880,279,89,71
2147,1127,231,177
1602,681,308,90
1132,353,246,58
1573,408,517,69
1504,586,116,252
508,203,80,86
1571,612,162,443
2878,1392,516,448
2321,917,642,167
1114,569,320,159
2864,1491,879,283
1644,905,273,150
1654,658,439,79
471,214,81,49
1331,498,139,206
1935,630,179,610
350,126,57,17
2919,1503,304,788
531,231,75,28
385,163,70,15
69,13,8,12
2569,1204,608,176
432,179,63,24
1675,742,420,84
2626,1622,348,265
1788,818,169,192
1324,369,201,165
2292,1097,556,55
1217,456,125,246
202,54,60,16
749,206,160,29
1994,1106,368,180
156,27,28,8
2023,838,220,337
1546,606,544,165
685,227,69,115
1229,616,123,337
1402,634,192,83
343,173,44,53
1079,312,328,19
195,75,29,15
2025,1013,208,161
1126,352,272,46
604,222,145,28
522,130,127,18
110,69,12,7
2284,1036,166,453
827,355,86,187
367,159,45,67
397,164,37,111
2454,1500,387,201
1901,568,120,303
1690,756,338,223
1303,453,123,244
2499,1053,242,400
312,144,79,33
721,363,151,54
1579,579,340,108
1822,610,308,170
804,381,60,124
2230,828,586,135
3005,2076,682,566
160,53,36,13
2758,1676,278,266
1552,251,362,11
404,146,97,12
2724,1720,589,214
2149,1025,560,56
849,293,66,116
1170,404,215,97
732,275,119,80
1056,423,312,38
1973,568,452,122
868,271,225,52
2695,1253,647,304
1682,835,169,290
3028,889,973,63
128,42,43,7
48,7,16,3
2549,980,334,473
2405,934,579,150
2587,916,783,237
323,122,34,35
479,191,38,73
2083,804,388,136
845,278,173,36
1051,246,277,21
302,166,33,28
3281,3041,430,377
1658,622,483,71
2763,1758,218,298
286,147,41,35
1968,809,435,197
3031,1890,705,207
1284,353,183,84
942,401,77,93
1972,373,331,583
1478,482,130,335
155,66,17,21
2569,1552,599,233
980,223,284,83
267,76,83,4
1088,391,187,25
1002,254,185,91
2995,1403,851,173
913,310,176,120
963,404,173,106
1155,500,332,56
468,189,77,26
669,238,170,39
753,344,198,57
233,76,37,5
665,266,61,81
762,332,171,60
1691,795,135,166
801,393,190,33
640,168,180,43
44,10,7,2
1719,710,338,75
703,319,83,66
789,210,81,207
2126,1262,162,196
52,8,7,7
1151,287,270,42
2610,1932,434,278
2774,981,257,479
1227,713,113,158
312,171,27,38
2004,976,489,113
431,153,81,13
865,286,270,30
2629,1621,553,181
226,104,41,20
2790,1938,340,197
656,344,48,81
154,52,29,10
521,164,148,12
2961,1365,814,139
1052,589,127,91
199,83,21,17
351,126,35,34
2592,1178,517,99
1747,843,348,72
462,232,32,44
2243,781,262,540
1809,683,174,395
760,157,59,179
879,378,168,49
874,352,119,244
1999,801,579,93
3061,1546,665,639
2135,819,504,71
2655,1641,206,237
2689,1006,631,264
2390,1446,536,171
1428,603,180,204
50,24,14,6
89,36,11,6
533,258,96,47
837,142,222,49
538,244,27,49
2807,1341,536,309
965,606,83,73
2502,1134,366,747
2978,1610,498,557
168,62,27,3
958,446,290,85
2166,1129,662,106
1949,1159,222,162
2923,1352,709,279
760,223,66,180
2170,841,138,434
1044,260,72,167
2692,1079,662,183
2842,1204,237,1128
2927,1577,278,678
259,89,55,10
1185,410,242,56
1501,573,152,381
2139,826,389,86
91,42,13,3
2948,2397,502,224
2637,1279,834,109
1084,502,127,96
857,365,118,58
373,104,26,63
2655,1478,374,289
2787,1424,283,490
556,259,115,20
1372,428,94,306
803,280,179,33
3002,2085,684,231
2219,1267,187,176
703,295,177,17
1483,479,315,103
2047,532,488,130
1722,1114,204,154
545,185,114,31
1746,481,570,38
2914,508,843,83
2349,1094,262,349
2990,2175,326,383
2661,1145,328,505
2809,950,681,168
701,201,93,86
1206,386,231,59
986,425,68,140
682,244,113,42
577,212,95,33
3255,2633,652,650
2716,1330,629,243
729,112,190,29
498,171,137,32
2472,1017,610,107
2640,1106,776,177
176,60,34,15
2184,734,498,75
2657,1495,377,218
110,30,32,4
1214,502,256,66
842,310,79,260
2385,1677,433,134
2341,532,388,696
1594,752,172,188
230,81,23,46
500,114,29,118
2336,1293,206,162
3020,1450,667,277
2012,918,449,118
2413,1048,445,256
2257,981,485,174
2728,1414,226,631
2233,832,703,159
1251,417,209,66
583,136,139,19
536,181,64,55
1086,393,307,77
2102,764,307,133
1962,848,549,55
944,357,232,22
1994,738,467,48
3135,1370,787,202
1108,613,299,53
934,499,71,69
2565,714,507,496
1065,411,123,226
436,158,70,17
580,168,129,17
2997,2099,553,211
1303,642,179,103
2259,1046,194,206
952,297,74,123
302,168,25,39
1291,452,102,199
2934,1552,280,289
3164,1903,451,213
2462,1435,563,72
2519,789,240,453
1438,690,373,130
1635,1207,179,155
1611,701,512,75
2211,938,282,252
2630,1000,198,600
1762,735,385,85
2159,1128,529,91
2659,1112,687,128
94,15,14,2
1427,548,217,107
927,244,54,182
1860,761,588,99
205,60,78,12
805,321,168,51
1605,500,207,186
93,31,10,1
793,376,172,22
575,140,43,162
2832,1215,381,252
242,117,50,16
87,46,23,1
885,173,230,20
1664,520,98,248
1777,728,384,87
977,198,226,23
127,32,27,1
2832,1443,734,517
1856,686,402,96
1030,404,83,85
108,37,34,7
1987,714,228,296
65,22,6,2
3238,1358,669,377
2722,1712,677,172
2748,1254,489,187
104,18,12,7
2493,680,564,106
208,46,28,35
503,104,138,28
64,42,15,7
592,172,160,23
1082,362,225,68
1400,628,172,244
1603,636,309,149
674,125,153,24
51,10,13,1
1405,668,172,109
1747,688,120,303
1300,222,452,69
2404,1232,322,224
972,371,265,16
68,42,8,5
2273,1006,645,57
1505,942,121,206
1313,285,359,25
236,151,24,22
1731,720,149,301
562,272,131,32
214,64,20,26
2585,1017,249,441
1505,429,345,73
859,232,141,51
1928,915,262,107
2141,522,558,89
2527,1551,420,191
730,519,150,35
2475,1511,490,194
2147,592,173,435
110,43,18,2
1008,260,112,165
519,115,55,107
746,147,188,22
3196,1472,589,347
2562,1352,209,624
1903,982,277,65
2000,955,205,240
644,237,110,45
3104,2154,905,244
372,137,100,8
791,272,201,33
1023,367,206,43
811,229,96,90
3110,1767,310,299
392,123,37,62
112,44,30,3
2733,1350,321,409
1595,630,197,452
2085,1354,271,111
1773,1151,225,94
905,271,37,131
1004,429,119,76
2225,395,588,59
850,258,244,21
792,339,71,191
744,230,208,21
1399,395,111,299
1171,507,221,64
2514,734,568,176
987,545,118,85
2105,1046,476,149
2067,1251,480,126
1096,337,128,104
29,13,14,1
2927,1537,686,237
2739,853,920,204
800,279,80,88
2244,588,243,528
972,307,336,47
2092,778,553,42
2114,888,281,135
2598,1098,459,444
1940,957,349,151
425,139,51,35
170,56,23,11
1649,544,327,70
227,59,45,9
2171,1050,709,95
510,150,134,11
1940,802,441,143
2978,1421,697,315
2699,1380,163,554
1923,268,709,88
171,102,55,12
3039,1435,846,197
1371,500,275,76
1901,695,504,63
2164,938,207,275
1293,505,290,100
1593,539,400,107
926,208,252,22
1350,589,336,32
1496,498,233,188
2505,1094,420,201
1742,524,161,480
327,122,78,19
1941,879,513,76
831,193,161,38
2527,1374,239,204
2790,730,235,743
1721,758,245,163
2179,1062,578,186
1176,363,281,89
270,105,39,11
431,150,82,26
535,192,69,59
655,271,84,48
290,70,52,23
140,33,22,11
2441,1307,286,229
1471,512,324,87
1948,1128,401,142
567,270,58,89
741,255,78,141
2643,1566,760,262
752,308,63,172
654,271,57,153
103,43,24,1
1665,886,168,143
3150,1970,921,156
612,306,182,16
2223,1042,580,131
2049,609,184,538
394,76,95,7
566,191,99,27
318,131,51,14
866,418,112,25
1235,386,80,266
3047,1576,899,292
213,88,49,12
1268,551,205,77
631,243,46,112
1489,241,261,132
3070,1703,394,185
1176,446,118,74
991,281,257,53
2922,1639,233,180
2636,1510,845,157
66,13,7,14
2483,982,551,134
1917,613,564,62
26,7,5,3
381,90,106,37
374,145,62,26
1159,555,149,151
3007,1765,394,184
2220,1055,219,446
3301,800,1530,191
1774,684,296,116
2679,1218,310,226
2800,1296,934,109
1310,714,301,56
800,104,256,33
877,310,116,57
1806,729,188,278
820,275,76,109
1299,394,381,102
76,29,18,7
1516,662,265,250
870,204,81,180
767,177,73,166
2519,901,704,108
2040,859,454,94
565,252,129,40
2750,1188,282,647
2623,1474,405,235
2962,1480,1258,173
64,33,15,8
2113,1146,260,88
2108,1075,305,252
1023,280,75,172
1056,503,152,105
2112,1021,287,170
448,209,113,12
1434,580,102,157
1578,590,196,122
1764,601,455,96
1356,575,222,110
1062,449,155,62
467,219,123,37
1931,983,291,117
239,46,66,8
1762,729,387,70
1320,757,223,60
2729,1382,382,214
617,328,100,41
2604,1207,322,265
1736,839,191,132
1461,573,279,137
2430,1167,340,268
2795,1187,781,306
215,51,64,17
2609,1419,263,699
1267,393,294,75
2330,801,392,191
2034,690,143,317
1769,610,140,328
350,131,39,35
1287,478,195,89
356,157,48,13
1869,1177,272,135
1122,332,113,186
1975,275,427,140
1362,513,279,68
752,331,102,52
2728,1061,568,182
3099,2217,919,308
2761,1800,520,207
2251,982,221,297
2439,1034,327,197
1402,584,248,76
102,55,12,4
308,69,64,15
79,23,16,2
311,119,37,57
1471,764,143,117
2477,1137,571,165
29,13,10,4
2146,994,740,61
998,341,287,74
2104,731,409,126
2218,1403,192,220
859,262,103,154
822,177,227,53
1065,339,137,156
33,15,3,3
1422,423,313,83
1189,454,170,75
3086,1201,290,735
1524,634,328,104
833,85,268,28
752,330,87,63
1823,796,383,146
2893,1235,273,564
1838,583,412,91
367,72,39,44
2654,1280,589,147
354,72,35,81
641,191,56,100
844,348,228,38
151,34,44,5
2661,1151,273,661
598,155,97,34
836,188,47,119
2617,1437,168,362
859,413,116,104
1555,606,131,180
176,44,26,6
1371,389,338,65
2519,1075,196,424
814,338,39,83
983,248,90,163
969,400,93,76
653,282,125,57
2025,1094,146,185
1604,779,190,126
2778,1559,870,262
579,233,139,34
201,70,50,6
1507,639,446,50
1485,456,325,56
923,424,153,31
2699,1215,682,167
1178,344,242,70
965,350,141,74
1053,358,123,173
2096,887,355,217
70,22,7,5
1165,418,157,106
2648,1180,377,216
547,195,82,36
826,394,67,104
2370,803,440,231
866,196,194,32
187,80,17,27
3066,1576,388,374
2711,865,348,678
1460,836,224,125
1757,834,448,184
877,91,235,29
763,273,201,34
2036,709,131,210
309,34,70,4
1438,595,103,197
248,108,56,14
1322,656,128,120
169,45,13,39
48,19,8,6
2201,788,495,170
226,59,54,5
2560,1262,199,125
3329,2063,940,328
925,409,169,85
2571,1023,229,380
1472,433,101,215
2638,1574,212,248
2773,1381,672,177
2030,650,181,245
429,234,58,29
540,216,46,33
343,70,20,33
2881,1349,269,494
432,105,39,125
2029,894,253,185
2402,789,809,41
2303,1208,577,114
2853,1647,550,159
133,36,34,8
1684,698,349,119
1617,645,195,148
2113,1224,483,156
349,159,73,22
2210,677,658,43
1750,856,159,399
282,70,75,16
2118,877,656,74
2567,1005,222,528
774,233,182,28
19,2,4,2
2206,971,221,512
1095,415,245,60
352,145,29,71
443,188,29,95
1032,299,219,33
1721,703,181,176
2362,1053,368,197
290,107,32,24
1126,221,262,80
430,69,87,10
1240,503,213,73
1718,935,168,113
613,110,107,14
2245,447,764,34
2544,1214,158,368
266,75,43,8
466,196,37,27
2858,1466,287,206
1996,918,222,57
656,252,88,40
686,251,88,109
1712,617,413,55
470,205,35,93
2693,948,715,173
1098,389,149,74
258,132,55,6
1839,674,119,151
83,20,17,2
792,266,165,26
665,181,58,116
75,43,5,5
469,129,124,27
776,167,236,12
1001,358,263,73
149,49,46,6
2980,1926,331,298
2070,419,302,421
2814,986,366,154
2158,977,214,482
1720,730,488,38
203,88,22,5
1592,621,522,90
835,140,211,21
194,44,12,34
3014,1831,378,192
434,177,112,11
2958,1755,513,197
1539,651,132,180
1798,663,217,389
319,233,23,48
318,88,81,15
1499,802,146,131
1035,435,266,45
1064,327,196,89
1073,320,73,146
826,320,144,44
368,132,65,25
1276,650,247,45
673,195,74,59
2067,1085,518,256
956,363,190,40
1781,491,485,59
2390,1154,732,86
515,122,60,56
560,168,42,121
2060,742,246,197
1564,606,186,149
496,136,60,48
1725,582,218,163
2328,1038,192,306
590,240,102,43
2628,1656,536,119
2324,1055,239,154
651,200,156,26
1036,415,154,117
733,228,59,126
783,211,85,27
1807,922,224,107
203,59,39,9
2018,1016,143,350
1924,404,720,37
1007,394,75,71
2901,1537,396,211
2783,1711,806,160
134,52,21,8
803,276,178,25
565,365,175,17
1265,464,189,225
418,192,43,35
71,26,8,4
56,21,6,4
613,240,57,52
821,204,200,15
410,98,94,9
3294,1789,660,360
1002,475,153,69
2007,1047,221,517
156,38,23,2
189,75,29,3
647,133,251,15
325,90,31,27
934,342,213,49
1705,422,90,302
2846,1497,379,212
2259,864,304,205
1266,363,319,57
2621,1606,214,253
611,182,128,22
1673,647,169,327
2797,1936,784,257
985,286,200,50
594,218,125,70
1086,290,303,29
2825,1496,496,452
2460,1021,570,109
670,219,132,28
3142,1710,378,232
3019,2051,1000,247
1950,774,286,167
215,93,51,9
2134,803,260,495
1617,580,96,245
2526,1256,297,640
1332,514,320,62
1788,655,303,85
217,48,27,24
1470,685,217,70
1652,455,372,62
189,55,23,31
184,68,40,8
122,49,23,4
1381,658,207,165
788,337,112,65
772,208,154,34
1136,483,299,27
1094,442,110,154
409,117,28,50
1018,380,212,47
465,148,53,30
569,101,167,12
2516,1148,615,126
1714,967,182,305
1147,643,277,49
1614,574,323,104
2305,666,294,124
313,57,82,3
2277,1178,330,117
138,63,33,12
2840,1024,725,301
389,80,76,11
457,162,85,18
796,352,120,68
2650,1174,394,286
1191,840,348,25
311,90,22,41
3131,1672,702,335
318,83,56,14
301,85,92,3
572,224,81,41
3023,1166,233,154
3045,1787,312,567
2472,800,147,513
2599,582,913,71
2658,1410,253,653
93,4,13,3
2421,616,680,84
130,40,27,12
2750,1516,807,156
1964,599,249,496
791,217,90,200
3012,1347,319,249
365,78,80,12
180,111,43,12
126,34,36,5
115,34,35,4
370,129,40,21
1059,342,261,76
2998,2249,809,368
255,116,30,25
192,64,23,13
1477,314,330,23
316,114,73,29
3167,1072,497,198
984,182,236,32
844,157,282,29
2060,715,186,116
42,15,5,1
175,46,36,11
2195,625,454,157
1185,542,86,325
1595,562,124,247
3095,1656,531,467
126,45,10,13
1947,311,883,170
107,40,14,6
509,136,95,14
732,189,234,31
2525,873,331,123
540,133,125,14
55,19,9,3
2166,823,203,139
1867,552,194,319
1518,887,361,67
775,199,70,159
3353,1938,366,507
2042,1061,205,217
2269,755,308,390
218,84,49,14
2937,1206,226,672
2991,1240,264,537
959,227,186,19
929,236,74,80
525,95,112,20
240,57,27,13
959,376,116,51
2950,1829,581,213
1858,746,173,345
1701,890,297,119
1341,561,143,132
259,70,28,21
1506,544,351,60
1123,420,203,25
2700,921,341,469
1305,340,174,81
312,79,30,49
1086,378,131,48
1165,504,155,85
363,89,99,5
2263,1082,173,203
2841,1050,324,173
2939,1287,404,282
2135,1040,587,145
2191,785,560,61
599,184,47,59
893,321,137,55
1034,291,114,59
3394,1763,438,405
2649,600,668,123
903,350,207,24
2597,862,334,221
2000,986,442,73
530,245,93,33
2460,1139,270,349
1490,633,153,88
2261,649,685,59
91,44,9,5
487,149,97,50
2282,1020,487,190
1703,663,341,161
1414,616,133,101
3148,1039,826,342
2441,1225,613,106
1179,451,269,98
1316,359,211,88
2662,1221,280,176
1628,401,400,196
782,212,152,39
691,138,199,11
337,67,92,7
2175,1699,681,142
2734,711,724,201
1491,394,535,57
3198,1204,363,188
317,89,74,9
193,39,26,7
586,157,121,15
1861,652,426,42
1109,384,210,51
323,79,41,17
1028,251,151,173
502,121,64,88
2857,1464,309,292
80,19,7,10
844,184,77,164
1505,511,161,167
232,59,58,12
139,62,10,9
368,108,70,13
121,33,10,24
1360,630,338,72
2053,881,194,442
996,195,263,36
1124,205,324,18
757,296,147,14
1305,410,379,48
111,26,26,3
161,64,14,32
546,150,79,37
1010,412,103,193
874,208,125,58
183,37,20,29
236,80,22,31
1056,274,133,57
81,23,12,7
364,184,59,16
545,151,150,19
1183,459,104,109
1272,455,117,222
1011,454,255,58
1146,244,108,78
1378,457,86,89
844,296,192,21
441,118,32,52
685,115,193,7
1058,349,102,53
205,51,21,18
1540,674,362,58
337,146,28,12
924,246,228,25
1107,392,180,115
331,97,47,22
399,120,68,13
744,188,152,56
524,169,55,92
988,455,189,77
642,174,142,28
734,192,44,49
42,4,11,1
1654,828,310,235
337,121,54,24
933,339,221,45
1624,337,208,150
661,319,62,167
1250,530,342,66
1007,492,85,76
244,60,41,13
959,240,140,100
53,16,5,2
1753,924,507,74
401,119,35,66
165,56,34,12
144,65,30,2
2008,1084,244,436
1481,368,425,43
1394,499,332,75
123,34,13,10
1554,775,492,103
263,115,70,5
1271,728,275,52
695,223,161,17
841,214,102,152
1576,916,358,65
481,127,146,11
1231,277,384,18
812,411,171,46
294,81,25,19
1805,641,153,299
1154,355,349,23
62,15,19,2
1135,319,361,33
2201,1080,258,220
1281,495,159,150
118,29,31,5
2999,1627,810,155
1096,334,167,66
602,190,77,41
2302,764,600,145
657,130,91,33
1166,531,173,84
347,73,79,16
495,167,134,19
443,168,73,16
1523,486,165,309
269,53,67,13
1803,491,143,216
718,203,107,41
1473,534,198,138
770,416,205,31
1406,629,387,39
345,155,75,12
782,333,209,42
1929,413,486,80
1927,485,372,177
1672,696,150,385
2776,1906,490,385
845,279,110,85
2133,953,182,202
3169,1614,271,224
1018,501,159,75
681,255,71,32
2281,750,380,175
416,165,39,57
604,135,136,34
410,109,129,23
868,432,130,124
896,283,113,40
333,114,39,24
2947,2095,779,304
1048,157,230,36
488,228,112,17
1723,471,379,93
2938,1435,532,203
803,317,61,139
825,381,71,79
2583,1427,396,221
2052,662,317,146
225,49,26,25
1112,471,184,32
1101,422,275,42
303,71,65,26
1249,305,216,201
1145,289,331,56
198,52,45,5
1190,515,101,181
148,54,44,4
1888,657,166,346
477,114,75,9
2093,945,332,113
2950,1275,311,714
2760,1116,225,463
1627,642,134,313
1378,489,156,93
2760,999,230,589
76,14,25,1
1679,604,482,49
1710,650,268,74
845,260,233,16
1305,313,400,59
933,293,246,42
640,181,174,23
293,112,72,19
375,140,77,4
2906,1490,746,240
208,46,21,31
1000,354,130,42
550,117,64,119
2060,745,163,304
3192,1131,408,598
1290,361,154,137
526,177,51,64
1237,449,89,177
1094,338,74,144
1305,302,69,185
3174,1820,997,245
273,101,76,9
1580,683,313,76
77,28,18,1
2858,1459,283,173
2974,1462,572,224
1981,981,379,154
616,281,160,18
2979,2207,273,325
550,243,79,50
2588,631,305,661
3394,2044,715,164
638,162,220,31
706,216,129,31
301,49,66,7
457,170,74,34
76,31,18,4
1359,690,291,82
3254,1290,770,248
922,337,120,58
287,150,31,22
1434,505,419,107
81,13,29,4
989,319,174,25
3125,1784,754,173
2641,1041,794,98
2836,1304,592,392
1545,689,431,72
764,194,72,121
1054,299,229,46
499,147,46,79
1809,747,259,105
3120,2071,522,253
2943,1478,359,435
686,254,186,26
180,51,22,10
830,260,128,95
719,252,161,24
517,201,120,17
202,51,41,7
120,43,23,2
2086,954,313,138
963,321,243,29
2760,511,1052,123
1609,583,521,20
2290,720,185,416
886,390,153,33
441,135,84,24
961,302,88,203
2659,1098,222,403
1426,259,368,44
415,94,85,10
245,63,50,15
520,125,68,114
1150,483,272,25
177,51,68,5
633,162,163,22
327,48,80,13
343,74,64,17
183,36,57,5
152,28,47,4
1896,642,416,53
1208,303,202,73
1276,518,97,201
841,270,227,37
679,232,181,32
2237,681,255,172
2635,1185,612,169
1727,602,247,81
1083,340,103,140
2142,671,490,116
1151,371,109,302
787,292,200,29
3040,1788,686,341
552,165,108,30
3109,1547,803,162
1830,604,251,204
2889,1304,219,253
3116,1606,300,187
1912,851,291,94
1146,304,128,193
577,158,56,98
790,231,73,83
518,152,50,54
1765,839,298,107
3301,1815,396,737
89,31,8,9
1230,407,230,81
238,114,69,13
653,262,78,37
1254,629,241,72
626,288,107,40
1937,982,249,197
1216,714,124,158
1998,636,295,136
47,21,9,1
1141,441,133,80
71,18,14,6
1134,325,131,116
93,22,25,3
665,208,85,42
2294,794,232,463
1780,778,256,275
1805,803,430,50
618,203,181,6
1987,869,300,105
1582,491,374,23
1970,810,363,163
757,357,85,113
2921,609,1039,115
1058,326,127,203
964,231,83,125
1346,383,444,17
2927,971,281,468
1117,450,162,69
204,57,40,21
2318,767,425,54
2880,1713,381,334
1197,710,163,170
2556,1057,264,325
2866,1497,386,514
862,212,119,69
942,270,198,29
1683,487,433,49
1835,875,147,285
2327,1199,273,287
1403,401,308,56
885,281,183,35
1321,600,88,221
2454,1146,703,157
196,60,19,36
1514,450,216,96
894,295,176,38
869,343,181,51
912,199,83,203
691,154,59,72
104,36,29,1
1992,858,185,334
1984,771,320,86
1305,466,214,106
802,236,174,15
2948,1555,720,229
961,387,130,67
1329,616,295,63
2003,418,250,277
685,134,78,47
1930,501,404,29
855,203,267,32
1025,411,101,87
76,23,23,5
842,270,78,86
2213,963,420,138
3044,1396,503,133
211,60,60,6
35,11,7,5
952,415,188,68
1949,498,288,106
809,308,231,28
1826,806,286,139
193,61,23,12
405,210,70,26
1369,441,328,47
1926,438,503,55
2123,1084,248,457
1085,550,86,206
1360,601,156,70
1911,689,278,285
2518,893,426,184
546,48,145,12
2518,706,607,73
144,52,26,7
420,123,35,53
900,250,119,103
141,81,31,4
2747,1508,258,316
1377,562,238,66
586,197,137,39
1320,315,181,91
1175,447,188,87
1686,473,118,232
2873,506,1126,120
571,220,128,23
1465,472,177,306
762,277,46,124
334,128,53,12
728,319,144,47
2152,1287,286,268
2008,897,185,355
1385,480,133,175
1478,408,359,58
147,60,35,5
2670,1379,714,227
443,118,36,51
2030,623,326,126
2780,831,329,347
442,155,101,20
1919,342,342,182
685,231,189,30
344,94,76,14
1457,460,129,273
1472,391,177,356
625,217,250,9
3231,1987,1139,409
1435,489,164,80
2134,914,516,89
515,93,131,42
1219,403,189,79
2504,908,503,168
2061,1148,326,148
990,324,230,32
2196,753,234,339
1684,588,176,244
1760,495,175,281
1843,499,461,85
19,2,3,4
1522,616,271,200
1701,375,312,117
2628,1508,430,224
1415,708,117,281
1839,931,146,438
2988,1205,808,122
636,113,133,20
516,195,49,22
2079,861,359,162
2838,1214,366,501
2621,1014,743,312
2254,800,188,249
780,341,143,38
2612,1128,232,687
925,278,245,24
2153,529,578,123
71,18,4,12
89,32,24,3
132,40,25,5
2148,678,261,113
1419,459,289,53
2701,841,390,191
2338,1121,414,139
1603,443,196,134
1577,589,411,49
929,358,81,56
178,44,41,7
3100,1375,310,286
1378,432,136,303
1271,270,116,195
730,174,127,113
1252,424,144,215
868,261,204,30
2179,746,296,183
1373,469,191,95
763,255,60,116
525,183,43,64
3274,2038,378,411
412,142,48,65
706,215,58,128
663,193,99,36
3084,1571,332,541
189,42,49,4
119,33,28,5
2276,938,531,86
1238,494,176,92
55,12,11,4
464,229,99,25
340,118,82,16
608,317,66,61
2220,1569,335,266
951,250,124,64
1501,604,153,286
2542,511,488,105
249,30,27,15
593,340,67,129
1307,284,375,47
328,117,79,12
2203,1342,732,179
732,230,179,11
1649,576,326,76
284,85,37,27
68,25,11,4
2002,1235,215,164
748,213,148,56
159,51,42,6
2550,1158,461,208
2358,1345,382,285
317,102,87,6
2605,1334,519,154
104,42,9,9
1830,577,398,65
116,23,13,6
119,44,32,1
703,270,205,29
2272,1087,511,170
353,98,61,11
1612,689,193,237
1785,410,459,71
1832,438,220,91
461,202,61,28
2510,1029,340,169
1856,741,289,86
132,21,38,1
968,402,89,68
993,236,121,114
1167,339,244,88
941,233,280,43
246,49,62,5
1844,322,155,317
255,62,57,2
1617,833,183,127
1014,301,103,115
117,26,37,4
112,24,35,4
2167,908,535,152
823,378,227,75
1940,851,237,110
684,354,129,34
705,212,175,40
2671,721,902,123
768,198,142,93
702,328,165,66
1317,461,167,103
934,361,85,109
1005,426,228,38
278,81,25,33
71,6,6,11
152,33,30,8
3022,1955,332,286
978,369,111,67
2431,761,255,425
622,130,81,86
1194,449,130,232
342,86,31,26
141,39,28,8
268,68,68,3
2215,649,457,49
848,341,106,45
2348,768,573,192
250,46,52,12
346,141,73,16
2653,1345,287,491
299,88,63,2
1730,415,333,97
1761,485,541,25
2784,1485,881,253
1139,403,163,60
971,252,85,84
2038,780,247,116
342,108,33,21
1301,377,185,94
1581,533,244,60
1235,254,145,129
1879,575,467,46
3021,1292,1022,125
3288,1684,765,158
1062,464,299,30
924,354,96,55
2560,932,750,79
665,207,71,37
220,92,19,23
1525,352,183,273
3263,1769,959,143
1546,720,353,79
1913,778,261,97
1733,638,436,90
118,16,14,24
203,79,38,16
2923,1182,615,374
1389,493,418,40
1027,377,67,77
1449,347,325,52
2796,1489,333,826
1806,1181,541,113
490,103,123,27
874,344,261,31
2945,1472,746,194
355,75,77,14
813,241,80,25
3140,1374,381,190
596,191,74,53
429,110,81,9
2625,910,235,550
181,51,49,5
1544,670,167,147
1983,887,211,181
1515,317,170,79
149,36,29,7
2351,391,198,346
2729,1366,313,213
465,140,53,45
1210,422,229,53
586,275,52,92
1234,274,91,123
2890,597,923,158
724,278,144,30
603,276,72,129
212,49,43,17
603,310,78,35
370,70,30,12
1392,565,312,24
1275,457,135,191
503,221,38,60
2613,1444,214,317
1575,404,344,35
2917,1143,251,196
2382,783,762,88
2544,1010,505,67
380,69,81,18
877,472,63,132
838,288,184,23
1169,442,128,26
82,13,11,8
1844,169,316,46
3071,1540,579,204
1435,521,86,112
359,119,37,15
1906,558,169,310
1529,603,244,111
1732,638,221,74
712,179,73,90
2832,1093,267,545
1879,832,218,232
1237,497,157,170
988,276,92,69
2275,881,407,119
165,45,21,5
1208,572,226,51
2081,813,196,296
1714,439,521,47
3023,1443,1008,158
640,468,41,109
2121,1241,152,359
2479,1161,222,287
1293,640,127,173
562,152,48,78
720,226,163,18
561,161,61,33
1033,332,129,76
2288,1067,259,105
1360,566,323,46
2818,1618,342,173
1729,664,496,72
1913,639,437,90
2740,1293,378,298
2841,1077,267,198
1572,661,350,18
1477,465,113,187
1406,749,301,57
2820,1916,693,263
2459,1339,661,167
2664,1405,579,156
1532,645,217,52
2437,903,283,153
2508,1194,440,232
1534,604,158,105
100,31,15,5
1919,550,357,94
3001,1171,429,227
1700,424,190,86
534,126,107,12
1503,553,400,49
1355,497,360,46
1929,342,188,330
948,340,82,122
2152,726,185,437
1821,684,437,188
544,198,149,61
1277,486,288,127
534,170,54,79
2179,839,337,121
556,180,83,22
2641,1316,454,235
1292,393,272,95
1035,173,216,40
1096,338,196,44
2624,1273,268,225
2806,1978,571,259
425,252,51,66
1557,654,347,58
110,48,18,1
608,264,56,87
240,114,20,17
875,252,100,36
2758,721,1037,259
1441,518,177,75
2161,597,203,340
940,313,208,28
2963,1130,353,276
1928,738,359,145
542,153,62,37
257,57,49,7
534,144,135,16
1624,633,209,69
260,103,86,11
1259,510,128,164
2328,1337,655,244
442,193,51,35
41,18,16,2
613,262,168,41
2253,838,379,119
159,62,54,3
2380,862,244,452
1480,584,167,152
326,83,72,10
547,107,65,20
2919,1726,911,117
764,221,235,29
3343,1779,367,474
2083,878,711,107
2089,791,250,296
2502,1547,394,189
130,59,36,4
1768,651,433,46
228,69,73,6
874,396,83,144
698,188,125,18
1748,832,554,93
945,470,258,45
409,122,32,69
1340,465,118,178
1483,543,215,123
2792,1416,348,430
632,91,186,24
2517,1015,349,208
1726,778,401,66
2873,1394,667,272
549,238,129,22
1829,886,466,78
69,28,8,2
1279,632,154,72
154,46,19,7
578,93,163,13
1729,535,291,218
269,59,48,13
1739,828,433,74
1843,698,245,150
854,313,101,140
2765,1185,457,137
967,437,176,59
199,72,24,12
3004,1470,605,157
2876,1434,278,218
1048,144,197,27
115,27,6,28
882,372,71,88
1603,587,179,113
2789,1400,239,506
1703,713,378,118
1197,599,385,79
999,243,290,32
341,144,24,28
1445,397,393,22
2735,1184,445,170
815,231,99,101
2508,895,276,354
1833,686,189,71
1174,317,166,150
2754,1072,432,333
585,216,50,52
1155,372,205,56
1828,452,508,130
708,147,78,15
918,406,266,43
320,187,83,3
2999,1699,283,279
794,239,286,14
1541,597,292,48
120,48,47,8
2494,1470,231,476
1832,644,267,54
3096,1801,721,153
921,373,247,46
1831,654,163,105
565,224,138,20
1141,445,253,29
2048,899,734,84
1679,584,189,275
608,214,78,97
116,6,18,4
1588,950,282,92
838,192,187,14
189,94,40,15
301,93,69,10
2114,594,487,87
283,111,113,6
1379,393,249,70
89,18,20,2
1309,702,145,226
2252,1333,633,126
2637,857,317,269
2456,1581,223,496
217,60,63,10
738,207,69,108
160,30,31,10
2959,1446,333,249
979,476,112,53
1729,556,277,92
1948,1134,430,104
2095,738,127,343
2491,1447,177,251
1247,545,201,68
2303,910,606,93
2654,1194,368,103
1035,289,187,54
2270,800,220,342
2095,1264,520,137
1776,448,183,391
2668,1256,399,435
130,62,32,6
330,135,82,14
207,74,75,4
1552,474,136,77
1837,892,150,95
2221,724,252,138
2922,1393,627,160
29,4,5,2
889,330,145,72
1169,722,133,230
91,14,23,7
648,290,127,19
1121,469,95,89
2526,1678,759,166
535,186,78,19
1853,796,316,107
859,180,89,160
383,140,62,21
2896,1399,356,472
2124,667,784,64
314,109,33,24
1667,704,130,228
314,88,92,12
575,202,66,45
3175,1567,472,153
2150,1237,284,370
2210,832,348,124
804,296,135,23
261,86,90,20
2195,1276,405,110
82,25,20,3
2177,771,629,52
1773,358,465,139
2355,704,715,43
1217,473,109,85
918,446,125,48
827,388,112,44
131,58,18,13
1221,487,378,32
355,105,87,8
2243,931,222,413
300,149,35,42
2406,1235,555,84
675,207,144,32
1415,839,286,40
2081,1387,373,172
359,77,121,1
67,8,18,3
1497,622,168,105
2500,1146,266,445
2018,899,259,104
685,157,115,29
1240,636,355,80
730,309,121,34
877,263,117,58
1808,788,155,158
224,37,59,7
733,397,72,112
472,78,48,27
977,254,276,31
766,195,221,22
2082,1156,234,183
592,194,157,21
1016,532,252,36
405,134,45,16
334,136,31,21
193,80,14,12
2079,804,294,90
1405,548,192,61
1848,931,365,53
1557,733,314,52
533,243,102,17
2949,1541,605,239
441,152,117,13
1321,595,201,52
1774,1259,382,140
1070,392,119,157
412,77,114,10
305,79,76,11
149,50,15,28
1781,503,262,140
473,240,27,104
1568,712,157,96
770,222,77,27
2102,669,202,605
618,145,59,40
582,235,68,23
2051,1022,275,146
1387,689,185,82
2059,748,692,32
181,19,24,2
1590,565,200,112
2851,1410,315,148
181,20,40,7
292,121,20,51
378,170,56,55
774,125,52,118
118,62,27,2
1549,461,156,45
837,210,84,30
2297,558,152,224
301,111,38,42
1386,560,133,71
2586,951,569,200
1865,780,177,201
396,100,118,17
586,202,84,18
241,63,55,10
1724,811,129,411
345,104,106,6
419,160,70,28
1661,653,207,101
978,362,92,62
1145,360,287,26
1722,735,173,242
138,27,35,11
106,27,27,2
991,432,216,8
2611,1476,1112,184
542,209,74,18
1387,390,395,84
1686,606,360,104
2287,745,684,42
2528,1368,238,513
2880,1268,327,782
418,127,50,10
2562,1098,329,215
1513,593,113,102
796,483,111,36
1754,607,217,62
88,20,8,6
2133,1075,255,419
159,51,22,25
373,53,75,4
82,32,23,2
314,131,57,11
2606,1131,317,574
1091,405,94,186
2847,1793,379,670
456,180,55,153
124,21,8,28
2135,1045,434,82
2086,943,197,149
1525,568,233,79
486,168,148,6
461,163,34,26
603,190,79,41
1382,708,128,96
1868,738,365,55
1087,541,207,45
1151,472,151,152
739,79,176,16
1363,611,351,78
1732,659,429,97
239,37,75,9
2232,1616,313,264
359,109,56,14
2112,1123,709,85
1799,555,160,468
1307,284,274,82
1537,488,208,123
325,31,85,23
662,182,39,51
2546,1850,527,231
1365,811,127,223
45,13,6,1
2162,1037,289,283
1508,350,121,170
191,51,18,45
1669,674,379,88
793,291,108,126
798,234,99,31
252,56,58,5
224,54,47,3
1398,648,121,127
781,400,108,34
231,60,53,6
1378,499,171,107
2196,879,212,290
160,42,26,3
2070,1113,785,104
712,274,82,77
934,356,226,32
268,88,44,42
874,304,278,8
1057,473,199,46
1757,660,159,88
243,62,26,31
555,218,120,25
940,512,107,216
136,96,18,6
779,230,92,131
1139,354,289,12
1809,639,221,441
1227,467,279,65
687,239,179,22
781,266,213,24
187,45,39,5
1923,1095,171,463
527,120,72,18
449,55,138,6
1717,634,251,88
357,84,26,58
825,292,180,20
701,291,87,142
1705,563,186,164
1431,306,233,49
69,14,20,1
2329,1239,632,257
803,160,188,46
1013,304,200,35
119,57,24,3
507,137,45,123
463,130,107,26
1792,799,234,289
364,55,49,35
503,225,92,30
98,23,27,3
1925,842,433,140
635,197,156,11
1682,956,155,221
107,40,25,5
186,70,45,4
161,32,47,3
1495,693,148,103
94,34,14,9
2239,701,425,84
1554,759,282,111
1882,702,140,148
713,228,109,117
1402,617,149,108
2134,705,328,115
1590,445,130,164
330,37,52,6
2230,1255,128,193
2010,695,408,67
1943,785,291,145
1661,614,166,104
2313,948,194,372
1037,240,208,60
229,77,15,31
2249,882,127,167
151,52,31,6
1560,840,130,141
2252,1036,318,128
2598,1440,662,299
397,208,95,23
2756,1289,757,240
2779,1038,423,433
698,170,57,32
1075,341,155,80
568,176,84,31
350,44,60,14
441,111,32,44
150,30,11,16
902,374,94,56
284,117,60,8
953,399,123,34
221,60,22,13
2025,704,455,117
2365,999,247,303
1206,377,255,33
802,242,188,71
1428,564,337,81
1627,636,142,333
1661,917,363,132
1243,375,132,61
68,2,21,4
2607,1169,854,108
1324,555,97,219
1423,522,212,420
1239,467,144,53
2184,1048,541,182
2678,1446,425,218
1156,262,123,115
1312,323,251,43
58,8,9,3
1092,467,241,54
2859,1455,283,471
2076,531,319,181
296,146,83,6
2200,869,294,143
1149,541,260,38
1783,729,302,150
256,57,88,7
705,305,218,31
2309,810,300,149
1618,821,390,112
690,197,130,31
1553,491,379,64
1855,891,226,85
158,7,14,10
2262,895,208,396
821,374,158,56
598,213,71,26
252,101,24,22
198,71,38,8
2446,1256,213,441
100,33,9,6
575,144,109,28
2619,1095,1071,35
899,214,334,21
2178,1096,684,96
1970,859,424,215
2057,988,165,208
847,338,133,41
355,65,111,22
1651,618,229,104
575,99,163,29
908,432,114,51
1560,754,294,153
2116,666,192,286
2040,588,293,263
1478,618,342,72
2252,760,223,324
2575,1245,270,216
342,91,51,16
85,14,16,2
1502,448,324,52
695,191,49,43
355,98,111,18
2937,1695,288,457
1974,629,246,245
533,352,102,16
633,137,134,50
2177,1298,203,121
488,109,86,9
327,82,39,52
897,280,79,120
2187,720,235,82
1426,636,140,59
1174,435,255,25
1663,944,468,50
2098,1010,348,178
1275,520,308,60
1964,646,626,43
527,206,122,32
109,32,20,7
763,206,62,122
1339,530,129,160
399,75,94,15
873,339,307,34
2638,781,342,704
1089,350,254,51
2337,784,303,75
2752,1080,558,359
270,89,15,36
2497,1465,210,454
1298,393,168,42
1886,939,322,198
1779,758,173,323
1412,1002,263,319
2059,915,168,392
1157,404,130,72
2718,1417,476,182
1750,771,180,101
2512,1661,726,124
858,248,248,65
1675,833,295,55
1428,966,264,122
406,87,93,5
1964,777,161,353
1727,568,237,192
1854,700,213,68
935,264,115,47
568,227,36,40
1416,593,260,102
1831,573,159,255
2013,1421,747,210
1956,943,316,105
683,168,73,39
1703,1010,124,158
379,126,73,28
76,26,14,8
2193,710,609,146
854,184,279,25
905,432,89,139
2502,1130,1104,55
1675,650,210,105
1817,393,131,198
1870,549,293,94
662,241,94,25
1587,738,211,293
2453,1001,717,97
1377,411,198,79
1093,580,141,53
687,254,92,21
1058,270,265,21
674,158,106,25
1685,665,135,237
1610,377,121,148
1223,646,431,50
1398,641,201,214
531,183,145,16
51,16,9,3
526,166,55,15
128,31,11,5
2791,1154,384,292
2820,946,1226,61
383,138,105,13
1192,503,268,26
824,286,207,46
1907,832,196,339
2532,1228,731,168
833,299,79,155
1146,265,356,33
1841,942,214,75
1806,790,195,60
815,386,234,27
981,202,279,43
1743,717,512,74
1194,294,320,34
1197,274,119,171
1397,434,210,93
571,168,97,38
25,7,12,1
2304,1143,747,153
683,188,68,96
465,192,39,77
699,182,165,237
1047,323,47,53
1133,307,233,55
270,42,21,13
423,236,73,57
832,338,100,180
1461,586,160,114
1412,435,176,62
1573,501,277,240
126,57,34,4
1726,1101,153,284
272,80,44,10
1160,402,192,49
1494,605,143,220
1971,1331,219,299
2837,1387,366,792
352,106,46,17
1149,499,98,261
505,238,110,10
2434,1071,411,173
1599,428,424,76
1245,350,244,123
2823,1350,612,345
659,325,52,132
634,304,97,18
1342,473,285,74
1233,514,384,51
496,133,157,16
2536,1155,220,158
1669,590,199,109
1108,491,101,180
43,3,2,1
1880,813,410,95
2246,1748,747,214
1867,569,162,337
2394,911,443,140
291,110,25,37
2192,763,258,284
1070,323,105,112
272,51,39,42
1200,425,234,71
1557,616,163,56
343,104,89,8
1280,487,138,118
1610,669,342,99
1431,624,211,75
305,137,87,16
1513,645,451,87
460,124,98,10
615,167,154,43
466,180,115,16
447,178,121,12
1027,411,136,236
287,109,35,26
863,314,109,79
1666,549,248,49
42,13,5,2
112,44,24,11
1708,606,335,98
1482,529,423,33
1227,580,252,77
1751,566,180,342
433,213,175,30
1333,511,314,92
1095,514,110,58
1606,493,250,367
2852,1434,302,331
1263,443,133,99
926,380,62,24
244,80,31,22
1036,299,115,190
635,124,255,110
1965,747,542,122
2020,543,342,94
2420,1446,310,738
283,77,31,75
113,22,8,29
470,205,41,54
320,87,72,14
526,187,126,47
813,331,96,58
192,43,42,6
2239,972,305,502
305,76,31,15
908,296,149,84
2152,762,202,154
2845,1675,291,164
2106,918,190,378
212,83,43,6
710,364,178,29
2538,1659,436,213
482,85,163,15
1538,616,117,209
857,215,98,107
1163,365,333,32
583,79,218,49
2730,1726,249,268
1754,709,570,138
358,129,52,36
159,43,33,8
703,285,47,100
539,141,74,88
2529,1047,248,193
1551,818,526,64
1799,586,227,133
397,129,90,26
1421,611,340,80
1298,397,539,30
2063,900,153,312
1891,1528,585,266
238,58,60,2
394,117,61,56
366,106,47,20
475,169,68,30
386,166,41,58
1040,316,311,40
151,54,12,17
1046,408,99,155
1525,464,173,335
2531,1446,462,338
1291,517,157,183
1807,497,224,124
2471,776,599,533
538,262,85,33
2947,2356,659,906
1064,527,219,64
171,83,45,19
1324,587,502,96
960,317,146,62
1544,829,167,203
2190,1029,264,488
1428,496,152,287
1232,299,273,71
2085,975,375,276
1270,584,306,58
2003,740,235,265
1753,678,187,110
859,373,97,35
1732,681,179,335
777,152,108,54
447,135,124,29
2244,1344,288,417
1190,445,149,75
293,191,130,9
293,126,52,9
1776,815,229,48
1424,769,353,82
584,304,207,63
397,120,62,14
1134,590,240,58
52,14,10,3
1268,426,410,132
675,210,84,55
135,63,33,7
462,160,48,55
484,113,95,21
2164,1196,475,97
1333,516,306,49
134,14,11,18
299,137,32,34
74,42,5,6
2132,975,636,264
198,79,23,11
560,241,223,31
1263,410,227,131
314,82,25,20
1068,420,258,37
2188,756,226,188
2649,1742,285,160
575,219,76,41
609,139,129,26
1123,444,95,226
1265,327,387,31
408,124,59,52
2836,1805,326,831
1643,543,184,192
427,156,57,14
418,127,45,19
432,146,121,7
