4000 4
2687,5475,4392,5937
6372,5109,6506,7424
6656,6210,4668,4679
6690,6378,6125,7487
2629,1759,2015,1851
4182,4968,3974,3513
6730,6966,7088,6682
6936,7040,7017,7887
6405,3203,4806,3500
5036,7126,5316,7162
5251,3037,4857,2611
7849,6601,6472,7708
6867,6091,7169,5024
7732,6532,6965,7557
6606,7574,6609,7483
4857,4944,6490,7135
3694,3475,6347,5446
6072,6007,6598,8081
4821,7128,5411,7136
5832,5458,6140,4939
6510,6020,6534,6634
5287,5800,5266,6088
1720,2402,3205,3181
1817,2920,4373,4306
4914,5139,3005,3337
2731,5272,3899,6236
7882,7317,7415,6968
3082,3472,4319,2732
4541,4045,4613,4190
2808,3138,5074,3526
5182,4645,5307,3426
4543,6255,3498,4434
6209,7292,6812,7777
7064,5765,6745,5798
5284,5750,2943,3915
6099,4143,4907,7376
4762,7067,7924,5843
6532,5303,3065,4603
7055,3284,4098,3832
6958,6396,6416,6021
6463,3586,6634,5895
5596,3245,5571,3261
6535,3652,5977,4593
4114,4958,5552,5481
7994,7612,7121,8131
5084,6075,5845,4303
5414,3970,3363,3993
1134,5793,2677,5206
2213,5664,4080,4259
1830,4001,1455,4625
1984,6391,7284,5356
4802,3279,5599,4803
4457,5254,5537,4732
5852,8628,7810,6855
7590,7105,5476,5196
4760,4714,5715,4136
3384,2734,2467,2529
6412,5602,3048,5275
8297,7924,7193,8290
4503,5000,5031,5403
5360,5608,5583,5474
6703,3816,6284,4635
7361,2465,5015,2671
2596,2533,4516,3474
6266,6221,6789,4185
3925,3074,5897,4184
5298,7570,4691,7869
2759,2065,4414,3635
5196,4041,2929,4997
5330,4838,5326,6045
6205,6180,5709,5937
6763,3745,4874,3868
3712,2059,7230,3453
3321,1773,3277,2494
5563,5838,6372,4527
4803,2447,2885,3819
2823,3548,3969,3490
8346,7458,8068,7479
5176,5329,6734,2976
6468,3934,3704,4885
5681,4337,4736,3863
4219,4748,4357,2801
2529,2385,2974,3781
3896,4518,6329,4111
5276,6321,6139,4882
6332,3041,4748,2250
4418,2609,5598,5361
2956,3451,3862,3726
2239,3073,2197,2171
3167,4596,2236,3434
5781,4526,5814,5922
5451,6094,7055,6437
5980,3542,7738,3113
6063,5558,6283,7211
5920,6952,6246,7325
4842,4984,3493,6813
5614,6369,4434,5135
7999,6616,8540,5108
4297,4124,2477,2355
2979,4557,5185,5446
3992,6722,3401,4620
5835,6322,5739,5872
7305,8086,7819,7287
3638,5762,3671,7100
1858,3257,2839,3671
2854,4326,2646,4136
2929,5127,2946,6330
3282,3746,4813,6113
3530,2839,2714,3023
4991,4899,5081,5603
8080,8090,7121,8196
3953,2703,2698,2956
4862,4702,7010,4445
3460,7999,4020,5639
4021,2693,4296,2309
6645,5710,4505,5382
7332,6365,6896,6541
4760,5680,4754,3348
3309,3353,4780,3572
4546,3016,4179,6868
5413,7889,6967,6622
5297,4748,5793,3431
4660,7211,5543,6668
4367,4785,3239,6220
5896,3820,4538,3525
2678,3056,2325,1521
7471,4075,5029,3004
5999,2482,3301,2751
2659,4581,1539,3638
3307,2641,3577,3628
3849,5099,4202,5190
3682,5145,5434,4447
3649,2892,3137,2216
3920,3417,5385,4814
6896,6846,7157,8096
6437,4453,6921,3190
5930,5623,4750,5367
5020,4200,3531,4523
4798,7256,4490,5570
3350,4024,2820,4661
3602,1879,2306,2997
4798,4630,3356,3817
3192,3447,3014,3318
5511,5746,7378,4088
6754,2771,4187,5069
5335,5388,2258,5974
4372,3496,2846,3902
2757,4370,5477,5165
6082,2256,6875,3276
5148,1653,5719,5352
7584,5408,7889,6214
5122,5691,5677,5266
6531,6346,6361,7213
5863,3436,4557,3601
4296,7057,5095,6259
4549,6011,6118,7698
1922,3862,2885,3653
3792,6194,3680,5186
4723,6338,4758,5549
8410,7352,7955,6383
6850,6328,6479,5624
6475,6002,6652,7378
4967,7094,6020,6709
4348,4490,3571,1999
4133,4849,4110,1362
6306,6418,6944,5864
5949,7564,5066,4488
7694,7549,7838,5651
4487,3915,3790,2747
6518,3464,5372,7152
4526,6597,6308,4574
2370,3891,3621,3045
5348,6089,4718,8211
5537,4659,4764,4212
3247,4368,5147,3059
3346,5823,4377,7065
1279,4961,2672,5161
4995,3457,4103,3313
5702,5962,4612,6291
3041,5762,4638,6757
6146,7529,5943,6581
5790,3661,5923,4671
6463,6457,7476,7139
7789,7265,7698,7082
2556,2117,1373,1530
4696,5613,3095,4734
5033,4761,5543,6464
5093,3751,4030,3139
6045,5857,6355,4594
6309,6517,6916,5190
6373,5705,7613,5228
3261,2210,2657,2810
6659,6973,4605,7227
4384,5302,5083,5802
5112,5708,7465,3840
5517,4070,4866,4575
4911,6806,5115,5736
5711,7196,6756,6493
7256,5433,6508,6958
2883,1587,3781,3258
7193,5523,6498,6150
3098,1784,2441,1404
7509,7418,6201,7041
4217,3782,4698,3301
4431,5125,4291,3756
7306,3725,6096,5038
4569,5607,6559,5439
5020,6909,5994,5893
2583,1339,2262,1570
4950,3823,5214,4252
6639,4015,5034,4791
4784,4074,4717,3634
5410,6410,7337,6597
4364,3022,3869,3388
3373,3865,1809,3728
2259,1458,2633,2221
6366,4400,5970,6571
7809,6248,7265,6339
5084,3702,5458,4805
6481,4027,6435,4779
4387,5939,4803,7214
5080,6737,5860,6644
5916,5464,6919,6238
8042,6394,7083,7267
6197,6231,7884,7396
3129,3167,3758,3044
7042,6329,8070,7013
3213,3954,4068,4417
8264,8688,8506,7697
2928,6123,3518,5167
1465,1488,1708,1610
2357,3130,2674,1861
1578,3603,2366,1289
5938,6555,5668,6190
4305,2770,4128,3508
4329,4785,4159,2791
3144,3184,3202,4681
3932,3367,3243,6014
4963,3040,2709,2302
2914,3732,3278,2442
4561,4200,2037,4151
7083,5493,6424,5027
4022,2568,5081,2828
6211,5406,5156,6144
6001,5534,6392,7493
7454,7456,7737,7272
5378,4634,4770,3433
5054,4104,4307,3743
3760,2906,3587,3650
2187,5148,1840,3519
4850,7223,5857,6822
3280,3427,3598,3537
6016,8630,6579,7018
7197,6085,8364,7456
5363,7266,4158,6319
5411,4484,2733,5891
6892,6224,6238,5491
4617,4516,3568,4996
3458,1004,3617,3538
6406,4629,7022,6595
3887,3311,4186,3139
8058,8118,7063,8527
7982,7533,7432,7078
3486,4053,5426,6804
4517,3578,4092,4638
5752,6553,2405,5438
6642,5015,5731,6260
4114,5229,6822,5870
6617,4450,6169,7628
6355,6664,3241,6801
4235,3859,6619,4913
4145,5943,3441,4966
3576,7007,5457,6043
6994,6751,7380,6744
6040,4334,5390,5372
3898,4862,4625,1917
1801,3116,3429,1745
2294,3252,3932,1903
7499,7060,8136,7591
4565,4516,4387,4303
5193,6362,5423,5229
6378,3298,4124,4171
8014,5947,7053,7685
3886,6153,5293,5313
2574,1784,2239,2177
3023,2650,3611,3144
6362,7008,4489,5702
5920,6156,7017,6962
5743,4598,4909,5732
4644,5127,5781,7238
4439,7029,6548,7011
7298,7773,7602,7823
3617,3084,5163,3490
7687,5068,5270,6736
7073,7185,6621,7214
7045,5429,6181,4068
4715,4689,4906,4772
6231,6912,4058,5832
5017,6443,5241,4669
3830,4643,4971,5716
6908,5974,6452,6377
5705,3620,4730,5269
3706,5727,4118,6066
8012,5078,8315,6801
7104,6980,6224,6289
8713,5451,8606,5941
3775,4599,2924,4670
4320,4047,3798,2826
5099,4174,6516,4113
6865,6050,6713,5460
7556,4287,5896,4093
6314,5780,4683,4575
7039,5105,6706,4833
5925,6592,5967,7462
6130,8245,5338,7328
4807,5501,5716,7857
5187,6360,4871,4888
6652,3443,4917,5628
3321,3739,4201,3310
6451,6351,6076,5318
4909,8027,4445,5836
5159,4823,4517,4460
7042,8596,8343,8018
6567,4008,4699,5934
6172,4332,4653,5466
5450,4130,3099,6049
2383,2235,2024,2985
2731,2558,1623,1527
5839,2560,4123,6385
2619,6284,3805,6814
4882,4994,5080,1612
5856,6255,6396,6424
7056,2534,6658,5796
3645,6298,4835,7143
7881,7179,7230,7170
6566,7404,6483,7486
7867,8350,7827,9214
4172,3532,4314,4364
5724,7623,6199,7601
4654,6707,4976,7431
2185,3657,2690,2308
4602,4985,4942,3924
6458,5994,6088,6414
2802,3693,3716,3045
7206,7109,8032,7103
5155,6774,4224,6471
6820,3293,5085,4480
7111,7031,7074,7646
5382,3399,5537,3318
6610,6145,6791,8536
2799,5365,3406,5508
2625,3636,4627,5282
3110,5125,3353,7327
5280,5522,5905,7150
3045,4922,2831,3368
4853,2730,3717,4165
3704,4375,4341,3029
5601,6695,6227,5938
2786,1975,2513,3147
3966,5118,1942,4463
6927,5918,6413,4312
2896,2877,3170,4541
8176,8078,6982,7185
8562,8356,8286,8797
6831,8187,6617,9060
8560,4563,4690,4901
4793,2917,4989,4227
4703,2718,3873,3928
6021,4760,6175,6788
5279,4455,7074,3231
5792,3070,4866,2201
7426,4662,7162,6212
4937,4119,2798,6638
2742,2719,3449,5400
4287,1993,3366,2710
5436,4910,6330,4489
4983,4392,5258,4265
2766,4163,2451,3165
1407,2337,1716,2712
4501,7919,1564,4571
6319,6829,6150,5523
6781,6659,5260,6962
4203,2193,2898,4309
1666,4206,1718,3467
4235,4529,2714,4325
4224,6155,2484,5688
5356,2565,4639,5501
5564,5790,5622,5593
3977,3404,4156,4476
5833,6302,5189,4371
5501,5900,5580,5359
3966,4753,3588,5781
4436,6173,5361,7089
7915,7419,6977,6616
2237,5318,5024,6466
6377,7175,6940,5488
6516,4005,5967,5706
4198,4322,3684,4831
4595,6245,6332,6981
3816,5961,5436,2716
2986,5915,4500,2814
7064,7678,5936,7592
3436,3563,3088,2118
6307,9096,5910,6087
6505,4698,5472,5967
5922,7899,5795,6254
3550,1968,3627,3937
3340,2837,4556,4667
4333,4966,5173,4764
4626,4867,6834,6955
4830,2883,4232,5230
4928,3717,3786,3341
3108,2065,3972,3954
5220,6560,5983,5963
6874,5882,8759,3461
3888,3763,3641,3457
3916,2177,4586,5199
2801,2899,6164,4630
2009,3588,2894,2526
6038,5441,5097,5325
3745,1943,3873,1403
4770,8303,4197,6551
4466,6280,5292,6452
5975,4812,3660,5688
6185,6782,6695,6219
7943,6949,7721,6410
7756,5621,5635,7527
4057,5316,3259,5993
3170,3982,3475,4142
4459,4028,5212,4878
7440,5876,7333,7620
6594,9300,5018,4952
6151,5385,4733,7176
5415,5500,5549,4697
3810,5758,3053,5513
6023,5551,6366,5251
4699,4799,3432,3138
7067,5295,7136,5209
4706,3771,4241,1690
6843,4263,3709,3602
6971,7115,5812,5565
3819,2741,4035,6188
2126,3116,5138,3868
7086,8173,6620,7751
8233,4483,5787,6306
2926,2346,2641,3573
2678,2726,3027,4481
3225,4937,3713,4098
2018,3037,3159,4232
5100,3774,4302,5650
3471,4805,5323,2905
8067,7626,8810,7566
5922,5710,4336,4291
4343,5225,2863,5535
6488,7684,7730,7341
6010,5218,4218,5219
7775,7161,9257,7399
4876,3694,2664,5295
4871,4860,7548,6226
7876,7033,8118,7300
5637,3878,5234,4283
1852,3197,2973,2623
2878,4468,3115,2637
3362,6120,4047,6477
6992,7582,7487,6548
6614,5773,7184,5059
7092,6368,8012,6599
2116,3437,2269,3868
3759,4058,4677,4248
5001,3830,4141,3350
4657,2491,4407,3299
6842,1207,4762,4466
4205,4284,8093,4524
4124,6734,6006,3941
2044,3698,1704,4148
6088,6700,6014,3749
6306,4925,7355,5356
6641,6137,4831,6448
3492,2431,3601,2893
5443,6170,4275,4224
2442,6851,3659,6329
5486,5100,4436,4640
3184,4572,4518,4573
2906,2626,2869,3025
6608,4811,7236,3587
7785,3806,3668,4361
7169,7309,6015,5561
6679,7593,6353,7102
3348,5501,5111,6399
6195,6116,5772,6132
7430,6728,6259,3696
1876,1999,1699,2980
6071,6370,7712,6582
2100,6361,2616,5937
5489,7493,4898,6884
4714,4182,7131,5464
5011,3529,4722,3163
4968,2802,3670,3206
6041,2801,5725,5286
4575,5885,4182,4381
3331,3235,3160,3420
2734,6321,5380,5281
7079,4764,6186,3244
5826,6938,7211,6445
8041,5467,5386,5169
4514,7474,6945,6222
4958,4611,3955,5344
5519,2901,3724,4423
2443,3212,2432,4556
4358,5147,5991,3548
5225,3452,5182,3135
6645,5807,8484,6455
4343,4412,5804,5217
4382,5780,4279,5327
5494,6616,5528,7334
3911,6620,5946,6692
6948,5655,5916,2403
7092,6599,6532,7292
6607,6084,7033,6821
4536,6847,4355,5423
2456,2387,2096,2221
4857,4851,4118,5171
3693,4240,2318,2879
3452,2910,1847,2906
7019,5039,5837,7116
2552,2573,3676,2599
4255,4390,3996,3576
6881,6817,7810,6815
3538,4789,3078,3485
4102,5367,3885,3023
5573,5224,3410,3854
2132,2863,3857,3784
4305,3309,3306,5898
5641,3171,3510,3885
2785,3306,2391,3901
2495,2740,2434,2452
8807,4394,7375,4696
5845,5651,5358,3893
6496,6116,6388,5440
3211,3312,2912,2563
7088,7979,7287,9007
5654,6441,6095,3738
1163,3677,3657,3160
4553,3452,4464,3376
7245,6816,5777,3202
1846,5295,5060,5332
4282,4014,3743,5905
6455,5251,6482,5000
2941,3255,3273,4818
3438,5027,3937,4472
2944,3931,4475,4254
4446,3334,3813,3379
5277,3755,4273,4606
5514,4076,2998,4527
7378,8523,8255,9046
6609,6421,4393,4703
6194,5341,6664,6018
7094,6951,5396,6976
4770,3484,3388,3108
6781,4227,5343,6080
6703,4502,7053,5326
4765,6616,4615,4753
4883,4587,5231,5902
2388,1296,1464,1679
3517,2688,2107,5678
3225,4350,4640,3779
1063,5283,4376,5208
6892,5589,6004,2357
6694,6326,6170,6607
7962,7436,8463,6880
3709,2382,2573,2978
4414,4552,3591,4573
872,687,1255,782
2405,1702,3002,2425
4662,2484,6308,5707
5998,2526,5813,6756
4294,5919,5744,5490
4408,5445,4090,4764
5118,6432,5906,4595
3329,6414,3945,5627
5255,2039,5058,2269
6624,6375,7210,6847
4987,5284,3567,1652
3656,4442,3782,5780
5541,4186,4352,5010
8229,8956,7660,8751
2924,6277,5476,6455
3549,3463,2820,4035
6345,4571,5575,4692
3850,3547,3405,3351
7299,5945,6879,6247
6624,5480,5158,2910
5168,5707,6492,5388
8220,7839,8109,7306
6465,5484,6218,3548
4759,5937,3780,5412
3912,6117,5966,5403
6194,6102,6318,5452
5383,5893,4922,6899
3674,2871,3653,3507
4676,7635,5794,8049
6373,7975,5858,7992
7077,9127,6886,6875
5372,3298,4960,3536
3446,2788,1794,2307
5195,7089,4731,5927
8266,7525,7576,7750
4459,1982,3552,2947
4368,3643,3827,3430
5241,4630,7564,4827
4525,3956,3674,4936
6307,4765,6245,8001
2685,2950,3399,6103
8714,6793,7370,7027
2488,3477,2345,2981
5079,4567,5502,5645
8474,6571,8353,8420
3706,4004,4236,4008
4249,3816,4967,4074
4736,3833,5685,4007
6377,6031,7033,4637
7023,5078,5770,5983
5283,6954,4118,6005
3045,6816,4013,5429
5300,4602,1847,4793
6150,7584,7188,7804
5804,8291,6239,6902
5346,4651,5955,4527
7894,4317,3528,3106
7332,7435,8081,8342
2995,3221,3527,2425
4715,5621,6692,4548
2832,3383,2577,2548
3860,4960,3474,6959
6907,2583,4096,6539
5454,4201,6752,4839
4237,5932,5037,3367
6097,3659,7175,3620
3968,2810,4357,5528
5011,7063,3554,6583
5092,7074,4113,7377
2807,4933,3187,5553
3751,4732,2058,5969
3999,5764,4801,4535
5977,6912,6724,6815
6167,5465,6346,5923
6959,6165,7017,6131
4633,4886,3997,4896
5615,5131,3474,5033
5508,5001,5732,5043
5250,6075,3302,5979
3357,3424,3212,5382
4467,6611,5741,3080
4908,7266,6488,5366
5360,2374,5017,4439
3133,4068,5415,6278
1431,4685,3082,3868
5275,3884,3298,6258
5665,6914,4889,4342
2393,3044,3374,3641
7201,5172,5980,4722
4790,5617,4272,4373
6531,5525,5809,2575
6395,5742,3287,4643
7520,6028,6265,4666
2185,781,2074,947
2651,885,2282,1752
5427,7009,6160,5004
7354,7360,6990,6318
2908,4809,2216,4585
4290,3839,5616,6970
6597,3997,4468,4274
2429,3437,1755,2639
3468,3585,3177,2529
8606,8125,7100,8319
6277,5033,6246,6504
5945,4874,5891,6345
5928,3686,7417,4120
2648,1782,4123,2604
6516,6551,5854,5100
3284,5067,4244,4503
6816,6528,4694,5580
5470,4876,6518,3493
6937,5717,7910,6650
6951,4002,3995,6188
3382,4985,2445,4656
3864,2114,2887,2032
3207,4177,2114,4682
2806,6088,4034,5459
3068,3572,2931,4100
7041,7961,7027,6432
5379,4143,5444,4593
6363,5362,2882,5929
6889,7799,7412,6902
2963,3482,4239,4595
6333,7071,7434,6522
3750,4256,4751,2973
4997,5149,4861,6500
3859,3598,2636,5993
4702,7176,5140,4938
6098,4608,6796,5986
6473,6146,7062,4956
3895,3858,3774,4071
7409,6679,6486,4754
4347,4269,5576,5624
5246,5895,4138,5464
3959,2524,2913,3361
963,3448,5172,6852
4753,3632,6153,5228
3970,2990,6282,4582
3461,3126,2054,2678
4743,7635,5161,5115
4723,5455,2548,5774
8001,7523,7629,7893
6749,5583,7858,5195
7699,9076,8062,8321
2980,4974,3076,4307
5520,3410,6221,5079
6409,6551,6893,6971
4221,1753,3090,3432
4510,5343,5825,3102
7593,6427,6373,6423
6488,5746,3873,4630
6859,6402,7757,6672
2642,2652,2738,4780
4386,3117,6258,3803
3313,3341,3679,4941
2575,5302,5910,4197
8317,8462,7483,8178
5417,2294,4840,4365
5832,7203,7104,6020
3649,2316,3334,3303
3008,4542,4241,5972
6111,5923,5724,7268
4987,6085,2769,5613
4900,5376,7694,5659
5896,4167,6165,6007
4569,3549,6081,2732
6853,6962,5573,7295
3577,2336,3373,3217
3333,4729,1721,4738
5012,6244,5449,7005
4549,2760,5024,3990
7323,6758,6467,6709
4460,5138,2645,3623
6059,4392,4362,2891
4556,5828,5440,6472
4354,5277,4976,3721
7926,6550,5336,7377
5895,7992,6901,5884
4283,5637,3891,5815
4835,5192,4326,2919
8058,7742,8139,8928
5316,2417,3442,5082
7685,7520,5569,8770
8055,5399,6426,5711
6953,8051,5827,7736
8110,8253,6340,7792
5118,5053,6551,5242
7295,6303,3459,6064
6456,2575,4200,3029
4652,4357,4098,3683
3801,5771,5642,5322
4623,6337,2954,6165
3636,5862,4655,6948
3442,4307,4477,4747
5209,6143,6049,5799
3145,5491,4075,5039
3812,3662,2937,3010
4131,3721,3845,3832
5785,5142,6098,4859
7110,3466,6699,3360
3020,3217,3954,3089
4598,3910,4870,5075
6193,4781,6310,4294
7211,5958,6433,4886
5303,4893,4728,5725
3140,6997,4569,5617
6664,6266,6435,6037
5261,2669,5365,6078
2167,4801,4277,4645
4667,3922,3467,4228
7699,6062,7621,6279
5102,4237,4919,5468
5860,4353,3640,7007
4439,3985,1733,3112
3699,3428,2631,4395
4124,4381,5354,5171
3053,4130,3097,1834
5006,5041,6354,5291
3620,5352,7580,4265
4663,1653,4041,3893
1950,1418,2170,1454
6077,5491,6656,5671
5215,6650,3795,4529
3079,4632,5077,3727
5598,3848,4845,3438
4124,4355,6445,4122
6109,6253,6265,7531
3276,3532,5063,3147
3147,2657,2722,4079
6166,6217,4815,4544
5050,5005,7060,3211
4795,6070,8059,5326
7444,6986,7001,4697
6070,6544,7234,8213
5077,4647,3122,4952
4564,8130,2939,4636
5193,2713,3046,2599
3360,5046,3831,4809
6030,6893,4429,5739
5543,5014,4460,4277
5132,4769,6220,3701
5243,6634,7365,6660
5442,4922,5138,5552
5335,5643,5070,5846
7013,5124,6323,6679
3730,2232,4828,5359
5146,2632,6218,3758
7015,6364,7587,6734
5306,5925,4856,3764
3430,3823,4462,5649
8756,6903,7521,7557
6746,5408,4646,6336
4932,1684,4728,1420
2515,4033,2721,3995
6583,5609,7504,5889
8005,4709,6892,5568
7104,4334,6141,4770
686,4277,4177,4758
5436,4772,2748,3566
5199,3703,4671,4311
4612,6568,6419,6864
5547,5070,4315,5510
6190,3558,6149,2133
4555,4494,4345,6026
6386,5782,4708,3961
3757,3636,3738,6137
4034,2671,3272,4457
2150,4116,4289,4193
2678,3003,2596,3523
8249,7786,7360,8285
3865,2458,3706,1889
4479,4556,2968,5119
3329,4694,4099,4134
2057,1864,2072,1757
4112,2987,4255,4382
5515,7495,5539,7778
3168,3879,3172,3398
4123,7004,7219,3371
4109,6467,4515,6338
3522,5657,4393,5578
6778,6258,4995,4251
5586,3871,5700,2946
7083,7051,6149,7509
6240,3136,5875,4554
3763,2486,3108,2544
8048,7301,7211,7283
3481,5263,2716,2401
5948,5158,5190,7051
6159,2070,5058,4107
2537,2691,1824,3100
1785,1202,2124,1144
2288,2908,5095,4213
1091,2247,1339,1390
7226,5611,5498,6087
5861,6455,5599,6386
3944,3298,3577,3753
4917,5995,3501,6749
5164,4757,4561,5462
5800,4632,5457,4450
4833,5337,6437,8067
5499,7523,7187,6960
5316,3246,6358,4289
2519,2915,2243,3819
5341,4221,4883,4931
5409,6347,5744,6526
3795,4780,6693,7584
7086,4231,6416,6022
3324,2028,2566,2111
3697,7898,4390,4913
4839,3609,7984,4676
2433,5066,4631,4264
4783,5895,3280,4746
1732,2046,2117,1820
6743,5471,7294,7199
7341,8705,8537,8026
5084,4846,4026,5472
7972,6600,7200,5112
2552,3675,2766,2516
6514,6698,6342,5115
7183,7514,7986,7447
5273,4255,5438,4115
4308,2945,2831,1271
3574,3285,2949,3386
5900,4420,3510,7333
4724,6328,6606,5598
3945,3094,3405,2618
8051,6353,6893,5560
4235,2917,2335,1551
4092,2549,5312,4440
7523,5751,7554,6186
7164,7719,6219,8068
4725,3340,3276,3671
4561,4022,6066,4890
4354,3020,4202,2065
6019,4899,6581,2812
5714,4674,4634,3881
6028,7084,7937,6678
3126,7254,4977,6372
4605,3917,5200,4478
5370,5235,2632,6309
1899,2748,2421,5488
3783,5649,4695,6847
4973,3649,6572,4234
3179,5545,5960,5806
9433,8898,9149,9063
5691,4866,5664,7175
7465,5080,7685,6631
4483,4519,2473,4716
3824,4659,6223,6472
2791,5091,4030,4177
4601,5535,6405,5341
5155,5627,5809,6233
4875,6474,5769,6799
5758,6886,6182,5786
7370,6243,6368,7329
4414,2513,5354,2606
5139,5036,3553,2584
2591,6761,3473,6697
4094,5383,3145,6850
5026,4448,5601,4001
5450,3850,4180,4805
5534,5223,4975,6048
4449,3885,4730,3231
6017,5145,5569,5847
4594,5680,4562,7520
7225,6412,5388,6825
9077,7446,7146,7176
6729,6358,6876,6910
4388,3641,4907,4650
6980,6910,5526,7330
5072,6985,4680,7540
4398,4520,5092,4438
9166,5586,4737,5415
5039,4073,6199,3539
2426,2086,2279,2010
6949,5471,4926,5358
2294,6607,4630,5096
5769,6216,5130,4756
6296,4713,2930,4150
6515,6703,5544,6178
8442,5461,7712,5560
8719,6701,7034,5589
4112,2326,2973,4528
5022,2167,2956,3156
4251,4598,6832,4927
4524,2277,5130,3128
6257,4934,4091,5485
4875,4720,5849,4388
3792,3268,4193,3279
4016,5040,5371,5030
6482,3891,3499,4605
3594,4933,2450,5730
4183,3555,4607,3139
6017,6197,6724,7831
3462,4007,5241,4678
6357,6125,6369,6745
8284,7393,7797,7882
7071,2200,3576,2340
4681,3509,5283,5434
2135,7015,2716,5904
3462,4173,2845,3532
4872,4466,3766,5461
3861,7072,4991,6108
2801,3312,2411,2373
3288,5288,3317,5724
3757,3572,3093,5843
2355,2603,2439,1895
3524,4656,3696,6515
7395,8934,6775,7406
5570,4625,5681,4689
7564,5967,5454,5643
5852,6760,7340,6837
3054,2684,2972,5416
4882,5981,6806,8124
5564,4682,4346,4296
3594,3408,5698,3760
4203,3489,4490,5128
5557,6222,6809,4689
8877,8619,8649,8533
5007,5622,4896,4272
7085,2744,6412,3841
5918,5129,6005,4590
6714,5267,6857,6153
3368,2370,3294,2067
5225,3268,6805,3469
7952,7768,8516,6609
6820,6226,5789,5432
4573,4325,4611,4713
1481,1160,1876,1210
6678,5985,5023,7214
4005,4274,6930,4562
6938,5546,5710,5871
5436,5403,4968,4382
6995,6843,6901,6905
6161,5204,5232,6114
4952,4383,3199,5357
6971,3474,5952,5445
5686,3365,4899,3172
3726,3622,5558,3290
2967,2924,2992,2107
7338,6225,4753,6193
6779,4974,4801,5427
7700,5234,5882,5342
4506,3192,5473,3296
4102,4440,5824,5034
5108,7236,5838,6819
3591,1529,2952,3492
7318,7896,5044,6670
7836,5635,8048,7419
6839,2674,6687,4919
4896,5135,3291,5071
6765,6014,6586,6255
5471,2824,4968,4873
3004,2562,3648,2821
6011,2143,6192,4798
2980,3202,4552,5217
7009,4785,5771,4395
7108,7424,7378,7527
5121,6002,6042,5193
5145,6159,2293,7002
3057,5486,3680,4526
4367,6099,2430,5740
2941,3895,4224,6394
7604,1614,7482,4915
1988,4081,3257,3916
6651,5866,5795,4925
5966,4024,3627,5605
2461,4820,4214,5654
2689,4329,5129,3997
6135,8269,6015,7736
4807,3537,4831,6010
3252,5188,4171,2815
6675,6585,6944,6838
4426,4170,6152,5992
3532,3183,3138,2683
3703,3569,6183,4563
2066,3460,4053,3836
2466,2394,1649,1038
5101,5760,6570,6599
2896,5366,4798,6761
1382,2455,2670,2292
3539,5534,2785,7920
5915,7739,7496,7670
1260,1413,721,1354
6192,3265,3182,5457
4120,8282,3419,7369
4125,5692,4709,6795
6640,6518,4941,4862
6716,6453,4462,6464
4456,2763,5021,2747
4888,4927,4505,5328
3968,2398,3746,3428
4503,5929,3098,4453
3287,8480,4682,7196
7180,7830,6371,7528
2939,3577,4068,4230
4889,7721,3807,6738
6632,7264,6582,6289
6785,8058,7219,6943
5122,4410,5221,6138
7108,7052,6824,6315
7834,6582,6179,7104
5367,3201,6195,3461
3233,3812,1413,3416
6779,5584,4192,6714
3115,3196,3335,3091
8777,8818,8696,9296
4925,6792,4694,3093
7780,5298,6455,6281
6147,7023,5093,7403
6368,6148,6681,5562
2891,1993,3170,4574
6254,5310,6540,4915
5779,5949,6361,4866
1667,1243,2149,2853
6475,4707,6797,5532
2665,3300,2364,3738
6660,3898,6078,3441
8410,7724,8830,8075
5407,3759,3490,2896
5878,6851,7402,6286
4379,7661,5324,4950
2263,4335,6035,6496
2949,4070,4350,6081
5803,6485,5314,7136
6143,6631,5038,7152
1974,2539,2169,2922
7578,7156,7932,7997
2887,2703,5223,2864
3700,3826,3830,5431
5964,6612,2940,5823
7271,7293,4880,6386
3482,4299,3078,3102
5141,7474,5243,4533
5303,6542,4443,4333
8440,7731,8592,8505
7195,7105,6354,8790
4467,5774,3636,5544
8190,6122,8008,6498
6340,6252,6791,5364
5055,6457,5761,4226
8219,6027,4122,3540
1551,2335,1138,3006
2601,2499,2267,2908
7957,7663,6670,6875
4253,4507,1975,4786
4956,3491,4825,2225
7469,7492,7418,7146
3447,3933,3803,5951
7026,7225,5371,5814
4569,4551,7640,5215
4367,4716,3586,4595
6601,6449,5929,7476
6058,8322,5350,3743
5766,3002,4973,3466
6548,5283,6751,6585
6624,4973,4976,7147
3512,6466,5432,5359
4857,4998,4667,2366
4685,7817,5018,6454
4545,2656,4171,3952
6616,7310,6724,7769
5398,5199,5521,4893
6319,5118,5317,5650
7309,5844,7193,4897
4241,5205,6123,4154
6191,3816,6331,3184
5119,6363,4351,7224
5182,6286,4836,5848
6980,7150,7468,7537
6593,6753,4498,4698
8679,8586,8254,7992
8573,8943,9115,8944
4662,4702,6675,3285
6294,5589,5681,6437
3172,3617,3023,2878
6539,6311,4445,3467
3158,2749,2815,4701
5433,4113,5160,2185
2328,1968,2911,1782
3094,3294,4190,3809
2924,3743,2989,5319
5383,5728,5457,1433
4501,4162,5031,5656
7035,7352,7501,6811
6549,5842,5776,7391
5279,8359,7458,6221
7242,7744,6127,6690
3209,4413,6700,5171
3823,5227,4797,6659
2530,5157,3909,3664
4947,6919,5703,5637
3580,2740,4697,6063
3685,3169,3099,3153
1648,4145,3358,4400
3756,3328,3634,3720
6595,6738,5644,6971
4613,7494,7186,5383
6320,6966,7759,6160
6687,5844,7120,7481
4513,6039,3319,6223
7378,5330,7049,6578
4125,6653,4867,4668
3092,1910,2837,2411
2818,3385,4802,5327
5159,5157,6380,2891
5744,6520,6243,6523
2970,4904,4721,5026
7338,7059,5215,6213
6194,3661,3354,4736
4582,7942,3770,2395
8152,6691,7326,6981
6530,4492,4558,5817
5240,6065,5867,6263
6415,6118,8014,4665
3080,3115,3816,4599
5962,6083,6468,6212
3261,3350,3692,5077
3870,5382,4859,4756
3445,2596,4930,3803
4873,6665,5662,5568
4322,4676,2341,2552
4977,5378,5530,4444
3036,8089,3024,6752
4513,4386,3821,4464
5069,5849,5995,4445
7135,6483,7017,7549
5260,4557,3451,3559
3608,6231,5497,4833
5964,3420,6092,5737
1835,1587,2103,2604
7221,8393,7139,8172
4332,6823,3237,4643
6011,4709,5908,5464
2028,3834,2387,2465
1486,3599,4446,3264
4996,5336,4255,6968
2375,4905,4104,4803
1836,2232,2800,2454
5286,6805,4929,6190
5141,3359,3258,4594
4310,4826,5665,3756
8441,5623,8912,6206
5733,2671,6313,4083
6675,4729,4932,5415
3977,4365,4755,4473
2637,3333,2236,1808
4301,3234,3007,3280
4939,3959,3924,4610
7777,7716,7168,6748
4730,3183,2392,4230
4833,2582,5070,2554
7011,5027,5062,4787
7234,3702,7267,4810
6035,6832,3964,5798
1348,1402,1785,1696
7929,6432,5984,4410
3503,3541,3534,3380
2612,3972,3222,3719
6860,7822,7536,7083
5481,7444,4928,4902
7426,6497,6114,5042
3590,4807,5986,2206
5878,4752,4792,4542
5433,5671,6655,6639
3782,5479,4858,5653
6405,5983,4170,2966
4286,5611,3638,5935
4183,3389,3578,4217
4105,4984,4442,5468
3205,4105,3888,2205
2603,3886,3858,4184
5144,6094,6745,4514
3690,2308,3242,2263
7276,7135,7144,7848
2794,3539,2998,2141
7002,7644,7659,6244
2295,5435,1788,5388
5033,6217,4309,4865
5606,6747,4530,7034
6024,5904,5571,4620
3003,3575,1471,2598
3232,3982,2109,2406
3493,5049,4309,3579
5734,6554,6848,5478
7313,6595,7506,6879
7124,7912,7657,7109
8478,8311,8139,8448
6706,7045,5528,6093
3985,4767,5083,4448
5784,5695,3805,6739
4984,5298,4107,5523
2670,3003,4876,3096
5976,5662,6546,4428
5351,4084,3864,4927
5812,5794,6219,5620
4544,4757,4713,4309
6256,4255,8265,4713
5268,5000,6962,2981
5252,6332,5122,5437
3060,2391,3285,3675
2920,2627,2771,4471
5442,5141,5045,2687
7766,6969,7689,7814
3091,2519,4087,3617
6452,6124,5589,6046
4757,4128,5947,5859
4130,3190,3021,5752
2282,2295,2375,2757
3171,3278,3628,1912
2964,2205,1349,3037
3232,4624,4919,4622
1840,2136,2623,1533
7346,5226,7380,5348
4252,5707,3577,8238
3747,4065,4377,5800
4646,5328,4165,4166
3232,3767,3041,3794
7779,6553,6572,6848
2149,1929,1911,2953
6546,6323,3355,4726
5784,6335,5907,6535
3401,6607,4600,7012
7636,8713,8456,8235
5609,4228,6687,5870
4772,1591,4852,4943
6589,6409,8114,6297
5886,3007,4773,6094
5647,2739,2815,4604
6705,5770,4916,4450
4091,4683,4205,3641
5054,4836,5205,6272
5591,5044,4525,4480
4807,4930,5568,6282
5497,3797,4162,4946
7832,6196,7121,7116
1943,1958,2211,2818
2345,2286,2380,3052
3499,3992,6003,5357
6750,5781,6253,7722
5220,3028,3436,3394
4244,6846,3875,7081
4338,5350,3761,3759
3621,5404,3239,4547
4685,3261,6622,4729
7839,6509,6527,7615
6978,8679,7465,7227
7194,8288,8225,7718
3804,2608,3323,4448
3536,2751,3731,2660
3798,3151,4850,3013
4091,5605,4667,5769
3059,2526,3874,2635
3935,6107,6445,5526
5539,6044,2743,4403
7711,7835,6552,7797
5604,7308,7466,6220
7755,6857,6308,8320
4527,2847,4281,4695
5754,7442,4903,8597
2005,3776,3106,4162
4628,5217,4710,6145
7528,7659,6910,6620
3339,2954,2894,3679
5151,4095,6065,5171
4191,4391,3910,2547
3551,2505,3798,2105
6965,7402,7423,7677
8071,5985,4171,6237
3609,3580,5970,5226
6730,2874,5644,4303
3344,6392,4784,5036
7384,7305,7543,7103
6876,4637,5655,6019
5805,732,4911,4378
3468,3898,5453,5046
5526,4728,5487,4529
4850,6932,5609,7123
2929,1667,3305,2903
7211,6526,7998,5997
6983,6270,6711,3002
7259,4342,4689,5610
6618,3600,3989,7806
4183,1389,4358,3362
6795,6737,7090,5889
2545,5611,3318,4685
5861,6654,5980,5880
4250,1793,3639,3400
7791,7686,7485,6592
2441,3946,2949,3911
3992,4324,2631,4544
8655,6792,7543,7829
4673,3229,4155,1875
4626,4637,3359,4199
2849,4142,5494,2719
5828,7456,6199,4307
4710,4282,6187,4631
5068,5035,5143,2436
2779,2137,2952,1554
3804,2716,3422,4256
5323,3904,6779,7063
3305,2713,2908,2474
4298,6503,4579,4938
5857,5855,5934,6936
5128,4792,4632,2460
3233,3506,2985,2863
4032,3627,4480,4286
4583,6416,3628,3798
4459,5911,6102,5139
5541,5484,4687,5760
5461,3124,6279,1883
4526,6201,2969,5226
5637,4266,5861,5643
4966,3031,4415,4796
1932,1970,2165,1625
6856,6219,7844,7675
5139,3107,4892,3279
3639,4714,4008,2507
4798,7141,6711,5671
6295,5497,5605,7063
5408,7151,6085,6744
6365,5904,4899,5617
6746,7280,8049,7297
6905,4062,5726,4409
2745,5852,3391,3535
4536,6829,7331,6640
4893,3791,3087,6645
4894,3563,5116,3747
2649,3394,4121,3286
5623,4269,6040,5375
3285,2925,4040,3097
5452,2846,3156,3918
4619,5403,4264,7820
5343,6886,6539,7221
6265,7219,6724,7730
5954,6947,6698,7266
3705,4177,7422,4661
5742,7731,5654,4364
6194,5832,7473,4407
5166,4436,3749,4647
5987,6276,5755,7494
5924,5224,5774,7078
6781,5891,6023,4585
3975,4585,4053,6385
7628,2963,5974,4553
3164,5271,4920,3664
2859,3930,2331,4970
3673,2645,2359,3079
6173,6195,6976,6164
7041,5459,5950,7229
3490,3873,2384,1131
7671,4911,6507,6450
5004,2031,5683,1931
7417,7366,7735,8025
3691,3248,3758,4385
4819,5566,5029,6190
7943,9521,8321,8428
5645,2457,4921,3925
4042,4104,3569,4438
4319,4224,3810,3405
6197,6148,7644,6029
6584,6982,5876,6653
2830,2873,2502,1754
2717,6317,2226,6072
2766,7262,5541,6160
5514,5014,4413,7418
3558,4223,3354,6530
3141,4669,3557,5341
6773,6514,7704,5528
3088,5146,2820,4630
7288,4519,6427,5380
5184,7965,4704,6713
2678,4295,2753,3154
7436,6642,7577,6619
2911,4307,4518,3581
6622,7494,7608,4672
5334,6616,5396,6016
6016,4033,5158,2141
3254,5298,4363,3227
5781,5118,3754,3202
4715,3784,6169,4403
4887,5116,3854,7100
6994,6600,4860,5909
3913,2743,3414,2159
5885,4934,4208,4826
1552,1789,1133,1560
4300,5976,4639,5271
3822,3598,3230,3121
5751,4367,3921,3054
8179,6812,8054,8566
6925,8651,8218,8075
6091,4628,6701,6287
2497,2916,3971,5570
3999,7702,5905,1450
5867,4335,6275,7394
6382,3134,3951,3811
6399,4974,7692,6055
3804,4877,3701,3106
4200,5075,7676,6531
5802,7351,5998,7998
5136,5602,6385,2885
2476,4268,4703,4421
2642,2867,2294,1511
5108,2754,4418,6105
8461,5807,6620,4682
3864,3485,4278,5428
850,1425,2617,1542
1467,1514,1190,981
6023,5967,8271,8070
6563,4269,7297,5845
7678,5586,6139,5764
3832,2938,4299,3672
6347,5528,5839,4649
8337,7875,7572,8600
3890,3575,4247,4955
3924,7078,6018,3692
8104,7549,8521,7579
5979,5861,5778,7278
5042,5147,5899,3398
5618,4520,6914,5341
4955,3337,5158,4080
7699,6138,7268,6991
2631,4891,3930,6725
6087,6725,6351,7871
3224,5522,5246,2972
7154,6795,7356,7972
7619,6082,8180,7462
3304,2533,2440,1520
8445,5539,6564,5442
5596,5535,6631,4646
4892,6615,5604,6052
1937,3092,2225,3275
4596,2468,4059,4595
7731,7329,7225,7961
6461,7394,6823,7876
6002,3805,6417,4710
6356,6164,6579,7117
6823,5746,5617,4839
7566,5841,8810,6694
4327,6753,3753,4762
7613,6620,6208,5563
6012,3515,4327,3625
3710,4054,5898,3504
4485,6951,5614,6689
6313,4570,5135,3898
4976,4318,6934,4814
4583,4359,3331,3582
2991,2186,2514,2003
4338,5017,3436,4712
2783,2893,1889,2576
3409,4941,1963,4625
5234,4100,4304,3930
4517,6073,4579,3545
3664,4425,4088,2082
4327,3015,7454,4629
2912,5141,3905,5184
6281,5472,6463,6215
7962,6088,7663,6994
4842,4076,5953,2969
2422,1624,2833,2402
4007,3954,3447,2079
2989,3320,1145,4866
1861,1569,1418,997
3740,4150,3128,5823
6456,6514,6992,6598
3786,4038,5534,5168
2694,5245,3026,3074
8079,8342,7718,8261
5657,5733,3732,5377
6658,7256,8298,5890
3445,3682,2099,3565
7550,5950,5696,6260
3866,5287,4143,3175
7247,7223,8359,7265
7023,8456,5796,7555
2806,1541,2981,2968
6423,6548,7247,7244
5972,5996,4682,7179
5555,7674,7275,7954
3460,3297,4373,2818
5179,4341,2426,3429
6017,4628,6483,3040
3670,2519,5068,3742
6000,5787,5341,5139
4442,3914,4833,3822
4384,3964,4817,5336
6895,6914,4399,4574
4283,2943,3331,3392
5428,6606,4799,6960
3810,4247,4876,5772
4854,5615,3770,5369
3847,4958,3085,7531
3493,7125,3467,7082
5441,2579,3560,2147
2350,1413,2602,2953
3224,2468,3213,2764
7013,4525,5624,5871
6544,8166,6332,7004
4731,3251,4133,4872
2847,2800,5457,2408
2548,5368,3432,4279
3375,3770,3182,2604
6625,4860,6518,5307
3784,4584,5638,2524
5014,2866,6060,3540
6942,6056,6932,6047
5301,3344,6293,2548
2683,6925,6939,4849
4713,5780,2256,6372
3282,2890,3127,2789
5928,5052,5819,2928
5622,5357,7154,5787
5463,4187,4675,5991
3164,5776,2840,4009
9140,2712,8244,1716
3338,2966,2704,4225
4651,4209,4479,4394
6389,5946,3245,3869
6353,6670,5175,5666
4893,3778,6563,6447
2058,3437,2417,3125
4433,5739,5338,2616
6340,6373,7285,5767
8359,6730,6920,6894
6168,7411,7065,6606
6237,6837,4822,5327
4867,4438,5382,3752
4603,8247,5276,7169
4853,4101,3768,5164
5944,5390,4164,5274
5309,4558,3416,3564
2239,5636,3359,4049
7320,5361,7615,5727
5870,6808,5766,5352
5493,3319,4284,5590
2549,5587,4829,5072
5590,7006,6647,6461
1779,1435,1833,1868
5564,5532,6550,8409
3565,3823,3582,4636
4329,6486,3917,5281
6904,2522,6571,4964
4358,6811,2750,6750
3419,5311,3025,6706
3317,3481,3300,3757
8218,7491,7471,8009
3263,2918,4401,3745
7395,6742,7359,6906
5201,4175,3758,2113
1588,2038,1379,3069
6465,6736,7397,7244
4407,7844,2679,5042
3301,1674,3871,2373
3878,2628,4736,4174
4841,4288,5090,3149
5983,3466,3743,2854
7150,4976,7977,3968
1802,2798,1933,3473
7545,7604,8017,6766
2569,3943,1376,4005
7219,3606,6721,4461
6233,5547,5698,4025
2222,2175,3125,1925
6415,4537,5837,4898
4742,1829,3146,887
4830,2903,5269,921
5472,5650,6912,6670
4722,5311,7234,6254
8453,8304,8739,7840
6400,6806,6715,6220
1647,1907,2348,2430
6843,6939,6919,7677
1761,4374,3317,5626
6695,5297,6588,6215
8126,6604,7046,6109
4031,5395,6226,5566
4178,6077,6295,5981
7387,8409,6243,7718
4660,4603,5130,4417
6725,3143,3285,4318
4187,4251,4205,3925
4967,7019,5105,4795
3692,2972,4794,2285
3935,5592,2834,3588
7860,4746,6176,3961
7631,5220,5862,7554
2727,2148,3664,3129
4349,6586,2912,5085
4892,3031,3262,3233
5572,6531,5953,5705
4435,5748,2460,5283
3290,3839,3983,2758
1437,1571,1818,2402
6941,6212,6793,6891
3276,2689,2529,2946
7059,6214,7970,6442
2641,2321,4232,3106
4209,4541,3912,2706
2415,3637,2061,3418
3294,5336,2749,4998
3081,4781,2883,3543
5694,4370,7127,6065
2466,2977,3055,2555
6993,7185,6962,6903
4580,4850,3282,4370
4762,2493,5952,4285
7297,6353,7321,7549
3393,2342,3550,3425
4442,4741,4332,3577
7247,5496,5440,6353
4745,4802,6011,2620
4452,2884,5317,3995
4394,4531,3134,4171
5544,6224,4180,5233
7738,6801,7211,7990
6394,3940,7563,5997
4099,5774,5211,5819
4693,6114,5636,6958
4498,5011,2291,4571
5193,5000,3044,5514
4173,6068,5318,5821
2442,1266,2811,2816
4228,4625,5038,5901
3193,4509,2231,3607
4035,4839,4393,4019
8041,5642,7852,5552
6710,3467,4187,3632
4416,6798,4529,6868
3551,7404,3444,6336
5351,1051,5834,1399
5747,3749,7054,3914
6153,7138,4831,6465
7373,2581,4189,4494
7231,7680,8501,7699
5824,4998,6803,3930
6997,6877,6435,5648
2211,2610,2305,5304
2557,4284,2066,2794
4349,8176,5555,7030
6674,6832,5958,6519
5892,5881,4894,6091
6910,5903,5207,5492
3924,4668,4360,5676
7329,6828,6954,6901
5846,4364,6371,4202
3089,3782,5702,4904
8151,8134,7731,8349
3073,3055,3833,2791
2137,2914,1662,3003
6042,3921,2471,3394
4867,3991,2208,4697
5052,5644,5484,5243
7385,6422,8095,7536
4376,5108,4233,4026
5379,3796,4341,4055
2578,4771,6480,5397
6147,6754,6383,5856
4399,6647,4940,4228
1035,1317,2752,1699
2742,4002,4687,3542
6830,4543,5912,3513
5075,4587,4507,5077
7162,6987,6470,7502
3920,4129,4360,1987
7571,5173,3785,5667
1948,3185,2784,2773
1934,1916,3441,2088
2885,5458,4350,4498
4797,2593,4148,4511
5538,5098,4584,6755
6124,5376,6874,5258
7229,7959,7743,8713
2400,4822,2727,4146
3011,2876,5080,3635
3469,4590,2611,4196
4691,6271,5614,4497
6219,7626,7113,6173
6423,6461,7094,6435
3681,3736,6137,3614
7269,5906,7751,6681
5918,7268,5964,6348
5707,4919,3429,6245
3076,3057,3111,3602
1769,1355,1727,966
4661,5061,2697,5112
5715,6832,4720,5133
3875,2973,4742,3651
5639,4597,4252,5573
3795,4170,4674,6078
6771,4668,6192,5139
3656,4290,5107,4603
5118,2391,3464,5809
7910,7942,6846,7156
7576,5799,7428,6239
4661,4281,3207,6179
3303,4671,5982,5746
7246,8175,7364,7042
3671,4617,6379,6094
5498,4037,5411,6567
5072,7227,6468,3976
5558,7713,6546,7129
6730,3895,4647,3631
6274,7397,6644,4311
6214,6632,7648,6485
3645,7312,4345,3966
1815,2300,1815,1762
3883,5464,4872,5193
3663,4109,3851,3347
2517,5413,3546,3542
5425,6283,5330,7974
4525,4255,4588,4547
6913,7430,7957,7901
6435,7006,7647,5957
3255,4402,2749,4242
6587,8045,7719,6473
7841,6425,7570,6386
6255,5846,4139,4844
4851,6060,4788,6243
5650,3603,4276,2548
5685,5261,3334,3662
6365,5843,6651,4618
6307,6715,6414,7648
3819,4150,5207,4685
8214,7457,8290,8282
6391,4983,6351,4751
6640,5297,6626,5829
2949,1817,2351,2824
2439,2670,3591,3118
4839,4383,6838,5612
5977,6226,4414,6464
5754,7251,6280,6332
6732,4498,7599,6731
4086,2900,2551,2409
3016,2512,2786,1290
4785,4844,4985,4018
3713,2242,4022,2670
4944,4731,5644,6439
3141,3987,7479,3252
3048,6025,5007,6296
3746,2422,1799,5973
5916,6529,7568,5224
4588,3708,4050,5324
3857,3135,3230,3056
2005,2860,2897,1618
2957,2176,5489,2101
4965,4049,4303,4043
9324,9268,8928,9438
5539,3687,4874,1762
4394,2152,4045,4960
4363,2531,6457,4528
4305,5286,4902,6175
3493,3300,3766,3972
4270,4212,5239,2522
3671,5071,3049,6178
1505,2665,1913,2997
4926,3901,4631,2093
3983,5024,2571,5387
5460,2507,4055,4765
3118,4840,5359,5617
2563,6258,1897,2963
8496,7202,6565,6853
2336,1580,3697,2768
6239,8264,6343,6323
4648,5475,5697,3264
5903,7752,6896,8179
4950,6982,6214,5312
7082,6487,7266,7752
7243,6732,6667,8506
5430,3396,2974,3536
5872,7291,4710,4777
7415,5499,4799,2759
2085,5551,2833,3868
6410,6500,5302,5501
2995,1625,2801,939
5630,2113,6333,4074
8053,6927,6236,6969
5258,3762,7020,5457
5763,6298,5796,5717
7618,5840,6745,7481
4899,5762,6151,7622
2649,4334,6925,7483
3396,4450,4254,3308
8331,5462,6862,6006
2770,4142,3423,3672
1316,3908,4558,4231
4029,5075,3303,2046
6632,7370,5051,6823
4686,5091,2626,3667
6817,2601,6227,5223
5832,4816,3199,3510
7700,7591,7170,7306
5782,7686,4932,7694
4356,6906,6050,3826
7085,5337,7760,4128
4832,3241,5153,2975
3599,2192,2895,1992
4639,5493,7165,4025
6732,6641,6008,7194
4608,4217,3758,2925
3392,4842,3767,6517
6510,6863,7688,7135
5536,3603,4219,4555
5651,6860,6781,6354
5147,4898,5642,4963
5460,3301,3577,6299
8087,6950,8029,7063
4780,2111,4460,3674
2346,2116,3127,3360
6425,6161,6494,4055
3768,1813,3809,2861
5042,3883,4812,6008
6363,6317,6215,6998
7666,3699,4722,3340
4567,4590,3485,5399
5498,4553,5632,4476
2952,4505,3926,4252
5098,4850,4705,3592
6288,5698,3116,4549
6622,6138,5607,4458
4964,6570,3479,5166
6527,4161,6424,4609
7498,3941,6415,5539
4575,7680,3034,6418
2632,4477,2758,3439
5454,3766,7026,5870
4185,4129,5048,4487
6330,5700,5115,5281
3572,3819,6583,4596
3619,3860,4751,6593
4012,3455,3030,3752
1717,1469,2100,2120
8006,6715,7181,7270
6007,2019,4236,3884
6441,5863,6861,6638
7858,4768,6159,4714
3237,1904,2037,2075
5661,6951,8118,6589
5143,4907,6750,3265
6556,7309,7738,5817
4804,6782,5650,7055
3199,4265,2655,2800
7980,8861,8196,8390
7270,6665,7236,5813
5352,6045,7137,5094
1900,4875,3452,4764
6625,8037,6464,8870
4100,2022,5184,2292
4211,3669,6363,2738
6226,4844,5132,5384
3839,4082,4023,3314
4962,3432,4552,4053
5822,5173,5691,2394
3478,5444,7336,3865
4160,4629,4879,4792
3856,4674,3798,4197
4756,3162,4836,5228
5902,5692,6357,4179
4619,5731,2923,4765
2339,6511,3096,6805
3130,2817,3361,2316
4908,4681,6995,5684
2359,3678,3276,3376
6876,7825,7220,8127
6144,6361,6509,3463
5086,4599,5556,4066
4719,4286,4964,6945
6149,5599,6267,5757
2598,3321,2408,3773
7094,4792,3975,5113
4774,5596,3649,4750
5967,6666,6484,6347
5856,6146,5913,6390
7314,6104,7372,5816
4310,7528,4495,8176
7714,6056,6445,4986
7474,3756,6632,2866
3414,7904,6659,7098
2830,4035,2546,3273
8078,4840,7798,6898
3140,3548,4036,2897
6007,5285,4585,5495
2507,5245,4824,5422
3009,1793,1934,3733
3716,3474,3352,5750
3111,4551,2884,4670
6934,6408,5758,6110
8509,8614,8637,8616
2942,3620,2563,4192
8189,5855,6386,4428
2274,5735,3397,4599
7123,6727,7744,7626
2610,4111,3436,4155
4023,6252,7609,6491
4175,3880,7362,5755
3365,3590,3813,5121
2543,3270,3617,3123
5534,6003,5711,4861
5238,5279,8384,3048
4360,4944,5066,2697
6527,4675,6822,4233
4438,3557,2622,3891
2488,5125,4518,5936
7774,8199,6873,7534
3311,4299,3878,3457
3200,5165,2960,5663
5307,6512,4778,3305
2653,4440,4783,2185
2933,2557,5593,4942
3335,6124,6900,4147
6347,7401,6663,4908
6098,7322,5983,7561
5308,1857,7380,5023
7718,7959,7601,8311
6548,4076,4510,4285
7595,6747,6765,6776
3309,3778,3379,2611
3503,4148,3932,3718
6756,7866,7264,7630
1754,3053,1021,4400
8631,7830,8900,7852
3981,4728,5334,4880
3580,3120,2976,3282
7173,6371,6597,8306
6007,4746,5475,4919
6808,4949,4576,4187
6005,7272,5597,6302
5738,5332,5240,5101
6334,6274,6700,7339
4855,4995,5366,7114
6928,5475,6210,5165
8191,8300,7378,8311
4637,4424,4363,5105
2269,2929,2748,3276
5898,7399,5801,6118
5338,5853,2191,4479
5643,7552,6319,6681
3720,3091,3470,3514
3255,4263,4266,3804
4455,4697,5419,3711
7060,7895,5979,6467
5501,8169,5391,8048
6565,5211,3927,6385
7866,6002,8218,5399
2837,4142,3232,5833
5987,3384,2446,2444
6804,7979,6784,7426
4735,3629,4796,2728
3413,4136,3057,4402
6365,3301,5177,4446
5850,3925,5442,3848
7632,6565,5998,4758
6441,6738,6728,6763
6932,6563,7041,5346
5013,6588,6209,4949
4023,5404,4339,5739
3187,2601,1362,3097
7080,3357,8076,7594
7165,9055,8264,9065
3607,5116,4071,1792
4682,3381,5370,978
3716,5200,4847,6301
7268,6563,6725,5363
4795,5546,5880,5315
5337,6355,5441,5394
5753,5504,5376,4656
5141,4210,5866,6320
5037,4864,7769,4647
7112,7783,5150,4835
3037,3010,3701,4677
4210,2625,5171,3717
6619,6731,4602,5532
4374,7551,3190,3233
6372,4718,5441,2979
5428,4920,5856,4218
5410,6925,6862,7374
4438,3533,4500,4795
3220,2411,4463,2363
5470,6385,6311,5193
7184,2563,6377,4285
5461,7983,6392,6376
5273,5718,5240,5252
3605,6582,5412,3889
8005,4867,7923,5658
5641,4879,4308,4122
6006,6345,5159,7614
5316,6082,5501,5880
3457,5308,3743,5421
3128,3222,1732,2633
4715,4793,3206,3846
2393,3007,4289,3756
7370,6895,6742,7020
6119,4678,5533,5415
6251,7621,4683,8157
6921,4454,5974,7178
5388,4205,7702,4436
3869,5918,5512,6767
7210,3638,6534,5600
3237,2036,2580,2086
3141,3311,2277,3417
4393,5816,6879,6828
4658,3041,3049,4740
6088,6186,6563,3584
2347,6867,3656,6030
3557,4252,3655,4321
4844,3293,3926,4524
2789,2773,1893,3534
3653,6283,4622,6665
7086,6925,6128,7779
3503,3906,2882,3526
6167,6064,4996,6353
5591,6884,5655,6901
4499,4995,2284,4888
4578,4368,3812,3878
7899,5939,7359,5980
2743,3997,1304,4731
2796,3987,3597,5485
6779,7263,5973,8188
5534,5085,4065,3882
5297,2584,6691,3254
4573,5650,3860,4670
3256,2922,4016,7763
5100,3674,6111,3695
3804,2927,2732,4909
2953,2463,1573,2880
2435,1706,1947,2203
4306,5982,4560,5087
6778,7065,6246,8898
6347,5531,5077,4479
5456,6059,5540,4527
1856,2972,1674,3694
8087,7779,6940,6540
3756,5703,4028,4518
5887,4595,4836,7137
6076,4916,3256,5782
2739,4711,4594,4811
5836,4719,6670,5996
3420,4038,4326,2956
2867,3253,4546,4478
5687,4884,3669,4678
6245,4833,6959,5792
3350,3435,4416,3823
4088,4920,5091,3646
7476,6571,7607,5236
8582,7705,7336,6802
5413,7219,5889,6361
5024,5600,4234,2797
1575,1355,1748,2159
5126,3573,4774,5639
5329,3432,4299,3696
6199,5653,6219,6846
1417,1422,1085,1865
4407,3034,5354,1953
5332,5786,4792,5944
6177,4771,3681,4683
4975,4177,4564,4068
5035,6256,7505,4895
1984,4484,5339,5851
2416,2909,2068,2080
3855,6486,5374,6921
7815,6925,7138,6560
5719,4821,7356,5288
2376,5391,3756,4465
5437,4018,4760,4054
4127,4947,1631,4331
3896,5382,3627,3266
6836,6985,5715,6737
5692,6998,6804,7261
7426,7272,8461,6874
3345,6197,4052,7218
6863,7707,6291,6662
3404,3801,6158,5103
7479,7208,7382,4854
6362,6048,6240,3322
3230,2368,3387,2195
4874,5675,4560,6048
1114,2028,1337,1518
5490,4101,4512,6001
6388,5499,7552,6097
3980,4475,1701,5331
7101,5795,2200,3783
6030,7470,8080,7444
6104,4807,6389,5274
8311,7561,8228,7233
2273,3902,2434,2874
5291,6224,5981,5789
5999,5266,4311,6175
6801,6163,5767,6854
3411,3297,3632,2468
5681,6255,4277,5486
6488,7663,6104,8075
7499,2985,6226,1467
5122,3536,6229,4692
2802,3084,3060,2233
910,1983,2097,2274
1960,1732,1652,1539
5713,6320,5116,7045
6070,4362,5190,5377
3378,4618,2846,4368
1626,4572,2962,3578
6733,6516,4331,6818
7614,7256,8480,6954
5265,7497,5338,4875
6657,7446,6495,6222
3252,3340,2539,3730
1718,6980,1893,5567
3938,3288,2321,3573
2188,7051,4675,5918
5407,2511,5303,3425
2391,3379,4076,4262
6561,4862,7371,6353
5903,5881,7064,5919
5812,8025,5953,6918
3826,4760,2589,5992
7341,8886,7604,8456
3631,5415,4208,4272
5476,6897,4908,3474
1814,6469,2783,6196
3421,4179,3311,4107
6810,7534,5527,7710
2976,3007,3005,2238
585,667,1070,885
5880,5328,5534,4977
4755,4799,5404,6086
5437,6871,6828,2975
4173,6435,4469,4947
4156,6010,4570,4286
6758,5876,5448,5284
2063,2594,3112,2531
3945,3522,4774,4459
2855,5542,5505,4098
3338,3909,4153,3697
6467,7952,6735,6204
4826,1691,4632,3305
6834,6724,4994,5784
4390,5042,3708,4028
5298,4983,7144,4473
6740,5678,6428,6444
5120,6413,6955,5214
4426,6156,7577,5157
4708,4237,3192,3696
4412,5633,3492,3758
5184,3431,5443,5459
3696,4099,3714,4587
7620,5490,4349,5948
5939,3118,7574,3187
6266,5310,4990,6567
947,1851,2135,1656
5240,4694,6012,3849
6370,5777,7520,5368
7443,6766,7341,5157
4712,3583,4646,3111
4878,2333,5866,4968
4854,2932,5348,3354
6995,7464,6996,6762
3233,6960,4749,7295
6725,6909,5391,6900
4415,4947,3057,6508
5257,7432,5618,6031
6113,4713,4913,6856
5247,5845,5090,6767
6512,7593,6131,5545
2578,4245,2294,3745
3010,4129,3716,5734
7712,7220,6772,7958
3505,5432,5714,3939
5663,6175,5598,4971
8553,6883,7441,7009
6163,6466,6822,5755
2627,6912,5510,5868
2016,4038,3566,3832
5782,5629,2919,5809
3087,2743,3350,1707
8077,5446,6658,4098
4544,4340,5562,2759
4242,3892,5841,3480
6566,4516,5467,4316
4460,4008,5337,3598
3604,3009,4374,4859
4180,4480,4644,6261
3391,6065,5956,5579
5488,8312,6498,7117
1886,2393,4163,3044
5569,6653,6563,5406
5930,6191,6838,6623
4328,2278,3056,5519
6669,6520,7387,6708
6771,8593,7128,7768
5863,6451,6701,5637
3246,2393,1691,4109
3975,6025,3706,3312
6578,4360,4253,4138
4124,4080,3119,4166
3344,4195,3671,6516
2736,5672,5904,5461
6183,6080,7059,5127
5055,4451,5847,4056
3495,5674,3496,4188
4694,2946,3946,2245
8886,7328,8763,8145
5072,1898,5346,3376
3919,4592,3952,4049
4617,3574,2860,3647
5789,6988,4559,8196
6045,5816,4396,2208
2787,3027,3314,3837
2541,3319,2515,4435
2525,4165,2941,5705
7084,2546,7010,3248
4897,5963,5055,3621
6717,5910,6445,6892
7426,5108,7016,4747
3875,3596,4763,5660
2262,2871,4213,3015
5897,6102,6930,6666
4863,5651,5564,4841
3650,5473,5896,5309
3709,4659,4610,4023
5411,8046,4147,3255
4392,4983,2352,6034
3277,3087,6870,2996
3366,2797,2227,2064
3935,5217,4372,6001
5353,4304,6269,4370
6915,5070,6243,6551
4677,3903,5363,5191
7696,4993,7801,2987
2890,2171,2873,2965
5863,4520,5080,5438
5894,6276,6350,7854
3390,4486,4635,4263
2287,5026,5634,5188
8830,4405,4877,3802
6917,8006,7995,8197
4137,5138,3668,3605
7092,4804,7528,5810
6430,8559,8537,6853
3708,5882,3926,5272
5698,6631,5803,5178
3227,2700,4736,2516
5326,5038,2953,5435
6056,3957,5024,3894
4933,4967,5823,7031
4155,2428,3957,3815
5228,6453,6243,9397
6794,2792,3869,5808
7725,5412,6766,5430
2034,2420,2640,2007
8101,7765,8502,8120
5420,3664,6143,4050
8363,7865,7779,7636
6588,6409,6731,7078
5920,7293,6913,5611
6318,4060,4833,2398
3762,4332,2789,4069
4816,3612,4659,5978
4762,5820,4042,5054
4688,5455,6084,4641
6140,6716,7715,6553
3987,3785,6336,6109
2879,2988,2623,2804
2839,1555,2662,2410
5890,5175,4183,5231
5531,4921,5429,5500
3369,5065,4704,3806
8297,9549,8514,8183
5892,5989,4706,3741
5874,6350,7404,5949
5566,6053,4648,2994
7724,1851,6019,4524
4576,6423,6527,3761
7134,7261,8109,7127
4416,4047,3626,4813
6347,5519,5861,5095
5820,6061,6071,4926
3784,6514,6111,4413
5407,5372,5151,6729
6773,5774,5316,5209
5636,7545,4837,5287
4629,3060,4399,5408
4892,5502,4874,7133
3779,6182,4278,7411
6057,8555,5051,7055
1821,2608,2384,2351
8976,7048,7917,7140
4718,1839,5432,4364
3876,2631,4445,1745
3279,3380,3101,2381
6824,3760,5097,4466
4611,4325,5054,5070
4483,5052,4839,3712
4179,4371,3979,3164
3077,4260,5692,5955
5327,4967,5989,6910
4364,4933,4754,6184
7120,5824,5324,5493
5604,7594,5842,8572
4509,7503,4967,6554
3759,3851,4531,4080
3347,4486,2999,3932
4093,3798,3459,3420
3456,5056,3428,3650
5374,6276,5694,8196
5925,3905,4615,2982
5385,4709,3801,5427
3658,4845,4108,6088
5193,4676,5044,5600
5861,2501,5328,2609
6464,6187,7770,6536
7855,8381,7998,7796
4228,6412,5103,5347
9095,8932,8528,9107
4151,3243,3183,3851
4330,4862,3498,6256
4799,5793,6086,5785
2311,2673,3305,2990
2521,3686,3181,2041
4096,6519,3845,6627
5376,6040,5422,4188
1950,2554,1630,2689
5148,4050,5082,6548
4754,6165,6004,4301
4423,5870,6663,3426
7210,4971,5854,4697
8293,7730,7422,7521
3264,3639,2989,5365
3706,4169,3770,3440
6162,5499,8459,5693
4095,4492,4320,3393
4399,4370,3146,5100
3726,6951,3580,6938
6273,5374,6296,5794
2887,2049,2172,2794
4651,6017,5713,3478
6219,4281,6468,4599
5842,5390,3481,2594
3493,7351,3668,7382
4113,3366,3505,2327
1798,2833,2000,2199
5586,3536,3573,4337
3809,4144,2206,5045
4810,3540,3930,3865
5796,4074,5275,3927
3904,6648,4544,6820
7363,6388,7170,7912
4684,3626,3234,4042
4065,1516,5825,2378
3679,4124,2450,3688
2930,5732,5363,6432
2434,5283,3448,3552
6506,5875,5517,6965
4201,2131,3059,1301
6508,6535,7240,5441
3217,2773,3812,2009
4858,4585,5521,4463
4410,4620,4781,4820
1674,4563,1868,4128
3066,2390,3238,2650
3751,1942,4505,3148
5227,3798,3966,3234
5348,2812,4714,4067
6909,6450,8309,5374
3197,4180,2600,4951
3844,4875,4595,6345
6924,5877,5548,5653
5239,6714,5700,3898
4661,6486,4883,6895
9042,9095,8828,9398
5691,2930,2751,3106
5528,6384,4933,7973
5244,4099,4828,4116
7089,7705,7068,7160
5078,2913,4993,4284
2765,4725,3003,5895
2704,5697,5379,4804
5357,6164,6477,5079
3699,3113,4175,1115
6429,5172,5807,4049
5660,3535,4749,3136
6650,7100,7723,5714
5776,7192,3689,5170
7391,4304,7731,4268
3415,2606,4955,3668
7744,6352,6453,6904
4694,6150,6175,4365
6357,3616,7473,6747
6732,6211,5898,3335
4923,4830,3393,5653
2389,5499,2066,5632
3603,3971,3272,5674
7317,7225,6547,6221
6728,4431,5586,5511
4140,6409,4056,7970
6806,5382,6889,5931
4502,3105,5729,2180
3089,5860,5878,6713
6101,7134,6253,6051
5149,3832,5162,5456
6466,7967,5881,8094
7321,6200,8048,6825
5459,4092,5189,4846
3299,7300,4739,4875
3181,2554,2220,2275
4525,3700,5606,4312
6225,6743,5912,4244
5277,8570,4099,5914
7679,6778,7753,6372
3163,2454,2547,3840
4125,4521,4423,4332
4010,2082,2709,2421
4521,4454,4465,5169
5681,5420,5700,4821
5961,5113,7232,6047
3891,7414,3235,5511
2958,2085,3269,2569
1571,3873,3540,2958
7513,6105,5362,5520
2097,1492,2822,1266
5310,5470,5787,3388
2674,7004,4359,5632
2499,2515,2784,2324
5609,4303,4176,3999
1451,887,1001,848
3781,3984,2813,4809
4396,5184,5148,4913
3311,3406,3367,4520
3270,3499,4144,4821
3092,2882,3665,1194
4555,2411,3998,3219
6057,3158,4954,3644
5346,5882,7217,7358
3592,5040,5743,4462
5722,5640,4832,5903
4218,5046,3490,5847
6950,4189,6260,5666
4458,3449,3377,4583
4895,5351,6204,4327
3190,4443,3501,4731
4695,3423,3922,3582
5052,6146,3399,3209
4696,7265,4711,6350
4146,3697,4771,4703
4542,6726,5618,4872
6694,7254,6559,5986
7303,6050,4616,6553
2443,5924,5770,4238
2483,2254,1773,1641
1825,2352,1263,2708
2582,5916,5303,4220
5306,3701,2978,5024
5380,3771,5075,7946
4264,2917,4218,3542
6775,6448,5156,6576
4994,6749,4140,4187
5841,6439,5293,5983
3900,3908,2881,4303
3534,1766,3016,3182
4098,3739,3201,3163
7886,7379,8097,8557
3793,2178,4021,2791
4819,4593,3937,3616
6632,6674,6627,7888
2823,5059,4372,3966
5783,4855,5554,7499
5536,7355,7501,5779
5722,5593,5637,4894
7082,6868,8112,6257
7169,7360,7219,6353
1615,3757,2282,3463
6133,3597,5581,5547
2477,5823,4025,4980
1860,2306,2179,1975
4581,7451,3435,7173
5363,6513,7057,5112
7243,7169,7748,6507
6962,3824,4477,5207
5997,7279,6208,7547
5398,5576,7505,2393
3924,4467,4352,3384
4691,2802,6373,4215
5637,7086,4722,7373
4398,5807,4744,4846
4757,4289,3913,6260
3544,3496,3921,4177
4792,6668,4071,5763
5548,6112,4404,6012
5980,4523,6527,6077
2704,6129,2113,4094
5824,8504,4946,6563
3847,2918,3646,1841
3191,5266,2938,5307
6503,4536,4165,4388
4688,4748,3332,4556
5301,4921,5364,5040
6042,6517,4491,5730
5241,6447,6739,6176
2387,4090,2930,3493
4595,5060,5003,3860
5880,3616,6021,6046
5613,3456,5796,3110
4772,7698,6361,6301
4121,5180,4463,5351
3564,2649,3577,2996
5437,4313,6582,3763
3177,4329,3317,5887
4624,5212,876,4216
5935,6341,4903,4744
5537,4559,3895,1642
3831,3503,4269,3690
4657,3817,4252,5042
6601,5513,6743,5347
8610,8951,8493,8950
6893,6086,5939,7250
5030,4327,4245,5149
3119,3226,3581,1949
8007,4868,6420,8225
2051,2866,1806,1419
2387,4133,2214,4262
3944,5601,4785,5187
5189,5179,5523,3443
5013,7423,5401,4680
5025,5377,2828,4482
3172,3442,3952,3452
2406,3413,3248,3971
3715,5581,4812,3431
3050,2378,2891,1181
4212,4230,4550,3221
5319,4130,6074,3968
3644,5135,4991,4838
6397,6882,6145,5812
4835,5142,4662,7451
7057,8278,8678,8179
4986,5614,7252,6206
2996,3017,2564,3493
5056,5093,5854,7648
2762,4557,3946,6370
5543,4961,2518,3401
5478,6775,6690,5579
4972,3854,4792,3555
8205,7005,7455,7097
5504,5624,5218,6241
3829,5318,5131,4399
2825,3631,2298,4911
4997,4169,4171,2697
5570,4152,6277,5221
5522,6144,5765,4564
4144,3089,3568,5881
7120,5030,7529,6379
1915,3887,631,3222
1423,4421,1807,3182
3637,1242,2985,946
5521,4619,6257,4169
2362,5023,3918,4209
1221,985,1354,1070
3270,5950,4006,4802
5921,5957,6433,7785
7800,5993,7016,5966
2566,3518,1569,2816
7307,7324,6623,7054
5814,6707,4971,4212
3880,3362,3569,3088
1866,3316,2333,3048
2776,3858,2773,4070
4212,3550,2361,2636
1979,3069,2480,2944
6270,6327,7022,6258
3958,4289,5616,4401
8443,9436,8930,8677
6816,5444,5457,6269
5906,3676,3644,3687
7419,7964,6918,7494
1912,1031,1173,1008
1739,4562,1469,3401
5632,4422,6784,5819
2988,2787,3629,2759
4038,7749,4762,5543
3755,5711,4559,3785
7410,6719,7101,6808
5355,5462,4797,5400
3410,3847,3380,3880
6375,6712,4806,4682
5498,4166,5317,4799
4536,4174,5482,2778
5760,5031,5811,6782
8101,7243,6567,7848
3187,3554,3329,3010
4664,4267,3761,7448
3411,2335,3569,5311
5077,3066,6125,6796
4561,4851,5180,4143
6253,6368,7533,5888
5134,1601,4581,3041
5076,6628,4121,5434
6671,6897,7776,7146
2841,2434,2211,2580
4698,5058,3259,6019
4536,6384,4333,4595
2207,5355,5028,3309
2665,1252,3041,1997
5033,4287,5771,4559
4922,6097,4178,8047
7242,6289,6915,7106
6691,7140,3593,3400
6764,6305,5901,8109
2466,2259,950,2251
6729,5935,8522,6573
4659,4565,3002,5895
5607,3730,2596,5405
3428,7117,6839,5662
5310,5094,5675,7229
6447,3134,6289,4336
5275,5628,5642,5407
4776,6703,5646,6100
1732,2765,1915,2856
2628,3413,1990,5735
6664,3166,5559,2007
5051,3112,5419,3462
6223,7352,6546,7584
4072,6043,7066,3338
5465,7302,7191,8412
8632,8473,8542,7138
2232,7074,1162,5586
7828,4957,5210,3270
4263,3610,5016,5851
6635,5508,5475,7449
4212,4207,4543,6471
6445,5168,5015,5923
3827,3513,5705,3980
5281,3229,3378,6332
8112,7682,6205,5742
8136,7276,7588,8967
6059,6969,7547,7031
6004,5624,7172,2696
7332,4945,3551,5786
6612,8146,8244,7153
2561,3837,3901,2807
4568,4278,3081,3561
3909,4859,3715,3276
5328,4149,6226,5128
5462,5291,5470,6257
4122,1875,4837,3568
4062,2988,2983,2107
6469,6423,7178,5958
5788,5659,3155,3566
6145,7190,7908,6543
5277,6357,5366,7056
5315,1773,7082,5093
3003,6646,5285,5856
4181,3941,4302,7109
7161,5911,6348,7134
2669,6614,7761,6644
3791,4546,5544,4305
2077,1205,1657,2382
2918,1948,3658,2281
2752,5518,3788,5161
5606,2340,5715,2983
2338,3948,6915,5453
1588,2854,3901,3706
5421,6177,6439,6584
5382,6153,5635,4219
3958,3410,3924,3720
3381,3340,5572,4153
2179,3200,2992,2396
6704,8549,5641,7497
5029,7070,5848,6638
1978,2875,4856,4209
6947,3682,5602,5320
6247,4150,6057,3702
2322,1676,2608,3662
3785,4366,3952,3059
5154,3028,4527,2207
2740,2977,2979,2559
4990,6294,6283,6815
4566,3575,3363,5142
7381,4558,7761,5472
2918,4085,3203,2948
6900,8586,7597,8207
4481,7691,2890,5357
6012,3983,4921,3477
5372,6165,5169,5894
4692,3363,3754,2873
4473,4932,4876,4158
4925,7012,5424,5880
3687,4113,4531,3173
6453,3752,3203,3837
4814,2840,3502,4221
3685,2036,4494,3293
5714,3731,3384,4836
6394,7235,5657,7928
5125,3649,4022,4556
5365,6000,7518,7105
2020,4336,4664,3652
4238,2439,4579,2694
3935,6566,4557,5827
4962,5402,3703,2896
5072,6386,4612,3326
5304,3197,4183,2539
3393,3229,3981,6508
8886,7002,7350,6600
4924,6236,4917,5850
4484,7543,5864,7035
6561,4576,7378,4627
2973,6859,4540,6818
4058,5463,6276,5594
2132,2058,1640,1578
4461,1565,4149,4111
5249,7280,6547,5787
7717,7930,6048,6872
3663,5397,4165,5188
5259,5929,4461,5309
7977,9100,8387,8999
4004,5274,3007,6949
4998,3100,6750,6560
5312,4218,4690,5676
6928,6292,4237,7638
7477,8863,6958,7107
8636,7960,8544,8277
7831,8158,7639,7496
5757,4306,4613,4163
2546,1981,3491,2755
3481,4681,4430,3882
6620,2079,3755,3125
4419,5922,5204,2599
4597,4616,6043,6926
6478,5308,6589,7241
6137,6403,5227,5381
4647,4577,4984,2583
2476,5229,2234,2462
6464,5951,7525,6354
4834,6221,6076,7498
7365,5815,6813,5459
2665,2221,2793,2107
4339,5537,5583,7583
8011,5443,7299,5744
7320,4829,6234,6898
1196,1434,1103,1545
4915,5257,5649,5011
3846,3522,3497,3584
4663,5199,4180,6454
4650,5049,4112,1522
5025,3998,2047,4935
3394,2988,3445,1413
5008,5535,6099,5818
4414,5129,5871,2891
3762,3511,3085,3777
7984,6610,7506,6160
5039,5533,6090,4036
5189,6840,6194,4018
5981,6806,5513,5472
3516,4245,6026,5416
3160,2797,4173,2611
2386,5109,5388,5908
3328,4881,1763,3533
6163,6161,6610,6978
3218,3185,2472,3384
6432,5160,4828,5535
4880,4888,4177,2474
6073,5868,3670,5312
5849,5354,6441,5235
3656,3274,3663,3548
3766,2612,3905,2587
6315,5346,7243,5864
4745,5253,5441,4090
6497,5770,5624,5557
1791,3336,3074,4793
1929,1526,1615,1024
4360,4487,3769,4950
6990,4965,5695,6411
5731,4056,5047,3442
6857,7903,5562,7015
2492,1748,1691,1687
5455,5982,3204,4718
7850,7910,7833,8082
2019,4547,4791,4581
3674,4318,3724,5712
4017,3824,3852,4568
4993,6261,6213,4332
5900,3980,7112,6238
7250,6757,6451,8098
2748,2655,3771,3599
4062,2381,3953,4199
4591,3458,3977,2839
4363,3805,3170,2713
5326,4080,5532,4293
6011,4717,6460,4963
6443,3712,4108,5336
5448,3515,4089,3902
3935,3565,3922,3705
1661,3969,3523,3404
2230,2735,2574,1923
6153,5645,5996,4677
3011,3226,3477,2159
6241,4237,6553,5289
6419,4762,5157,4693
4798,4409,805,4569
7875,4631,5132,2911
4162,3853,4875,2599
3659,3311,3179,2753
3538,2154,4111,2739
3748,4254,2246,4658
3613,5713,5425,4417
7438,4843,6564,6276
5232,2241,4229,2912
7685,6039,6969,6991
7570,6705,6062,6453
4309,6357,3269,7221
1517,2214,2065,3068
6472,5489,6867,4521
1930,3894,2059,2401
5790,1933,5836,3502
3094,2359,2155,1989
6363,5564,6692,4838
3886,7127,4395,6252
5725,7528,5184,6019
2667,4471,2783,4513
7920,6427,8440,6768
7122,6460,4859,5229
5936,6582,4879,3854
4694,5141,5638,5545
5202,7447,6606,7649
5650,6341,5312,7261
6589,4491,4150,3425
3589,1435,1973,2977
6771,4751,8014,4913
4709,3805,3043,4238
4408,5512,5706,3736
4263,5063,5301,3851
4392,5663,5153,4350
6781,5246,4880,6544
6164,6294,5549,6308
4551,5167,6173,4770
4181,5707,4403,7860
1672,2276,1465,1221
6314,6608,7092,7052
5471,3048,7033,5460
7473,4843,4964,6253
7737,8343,8164,7416
2497,3653,4005,6100
6787,4605,6089,6224
1747,3252,3698,4349
5522,5025,3649,5771
2497,3529,3303,4533
3330,7568,4892,8233
5607,7297,6680,7770
3214,3474,3113,2650
6389,3275,4963,4940
2610,2977,2057,4426
5444,3492,5528,5882
3646,5107,2468,6551
2639,2999,3418,1927
3885,3027,5578,3831
5716,3673,4015,4218
6847,7014,6957,8078
3253,5761,3981,5366
4973,5382,5468,2216
4419,3284,6384,6083
6694,6913,6330,6279
4644,3717,3892,3642
5820,4840,6901,7862
7389,7517,6423,7389
3743,3194,4637,3888
3456,3924,2429,3119
3132,2609,2440,3329
2126,2593,2773,2398
1990,2551,2432,2264
5514,4719,6254,4747
6379,7242,6401,6513
2297,5115,5168,7773
8819,7280,7839,7033
5258,4503,4743,4785
2864,3507,2512,2940
2547,2720,1441,2440
2526,2806,1585,2811
5571,6883,4131,5041
7850,8427,7128,8049
6356,9175,6051,8212
7245,7958,7602,8481
6766,8306,6872,7315
2317,3291,2609,2749
2195,4484,3675,5055
6477,7176,6890,5400
7092,5290,6115,4240
7328,5960,6922,5978
2610,5956,4924,6138
7824,8941,8064,8121
5806,5473,5617,3390
4709,4498,3826,7269
3083,3560,3704,4013
2830,2501,2988,2074
2203,2723,2940,1697
3704,5128,3953,4353
5841,5844,5455,5850
3709,3869,4780,4009
5937,5664,7277,6397
8054,4031,5186,6203
3647,3894,2967,5033
4582,3503,6066,5642
5464,6720,6213,6672
6573,4508,5956,6064
5314,3032,4697,3231
6614,4347,4264,5298
3831,4969,5900,4441
5701,6927,3898,4739
4829,3888,4548,3820
6013,3488,2036,7150
5344,6883,5004,5537
6643,7880,6055,7942
2474,1606,1952,1995
2928,4496,2675,6685
5521,4700,4291,2796
6072,6003,6080,5517
2483,3457,3071,2988
6310,3328,6534,5204
4660,5699,4916,3782
6825,5176,4635,4791
4770,4642,2822,4046
2625,2868,577,1722
6321,4250,5642,6080
5731,5341,4805,8394
5106,5576,5590,7457
6049,6521,6980,5845
3332,4210,3787,6584
6912,5214,6690,6375
4056,3353,4069,2572
5107,5907,6115,5976
4040,4159,2735,3708
4235,2113,4268,1778
1799,2374,1686,2474
4305,4797,5714,5140
7337,6510,4855,4483
4682,3525,2470,3041
3470,3551,3859,4582
3422,3458,2063,3073
5265,5756,4439,5101
2640,2677,2253,2521
5275,4988,5396,5889
3412,4890,2846,7311
3057,3408,3383,3008
7797,7104,7120,8021
1679,2267,1918,1632
6657,4164,4206,3520
4027,4251,3266,3160
6021,3196,3953,4471
6966,5539,6552,4623
7315,5930,7518,5611
3338,2465,3191,2926
6828,7108,7548,7929
7655,6659,7799,7688
6589,6939,7671,8667
7614,7432,7621,7773
4495,2281,3912,3121
6703,5475,5309,6502
5692,4404,5908,5606
5764,5432,6185,6784
5672,6205,6298,5807
4658,4014,4543,3626
2291,1960,2161,1855
4651,6302,4462,6367
6623,6759,7193,7501
6488,8190,6235,6038
5585,5012,3217,4083
5812,5782,5754,5753
3473,3438,3389,4627
7486,4896,7240,5076
5148,5878,5905,6608
6041,4862,7373,4381
7576,7215,7014,6729
6586,6182,6327,6163
4222,3931,2427,2508
3233,3032,4625,5513
1857,4263,4038,3313
3045,2513,3277,3670
4550,6045,5566,6484
7471,4907,6408,2366
8257,7341,7138,7899
2331,2724,3612,2818
5522,5719,4753,5018
2543,3064,3100,2982
3835,3270,3845,2285
6686,6804,5616,5279
6397,6994,4997,5714
5983,3454,4725,3231
4368,5693,4952,7331
3231,4559,3206,2395
5469,4757,8091,3070
4914,5565,6199,4395
7145,7078,7716,6442
4021,7316,4256,4603
7401,6818,7313,6324
6280,5170,3663,5987
7100,7112,7334,7107
1930,7480,4138,4333
6189,4237,4411,3252
8275,7926,7404,6686
2990,2358,2891,1214
2897,6345,1630,4179
4508,4667,4718,4693
5663,7320,5817,7570
5139,5842,5933,6056
2730,2858,2809,4050
4079,7826,6209,5726
8037,7697,8436,7439
1320,2766,2595,2728
4664,7666,4466,4233
3697,3850,3128,2499
4802,7246,6536,7121
5281,6640,7392,5205
5787,5256,5009,4737
8107,5577,6879,6430
5256,6505,5603,6606
2663,6294,5514,4813
4425,7119,5475,6957
5862,5848,7361,3633
3962,3180,2529,2389
5472,5293,3234,4967
6415,3128,5990,4387
4702,6693,4717,6780
5191,7550,6458,6669
3131,2162,5002,3378
5701,6467,5305,7190
6450,7444,7350,7136
5428,4985,3516,3073
6352,6984,3688,8880
2230,5608,5714,4297
7691,4974,6078,5589
5599,6065,5745,5650
7236,3651,5149,5610
5855,7870,5558,6888
2538,3322,2335,4498
2931,6931,5171,5857
5256,7121,6563,5372
3141,6024,4105,5527
5488,4062,5992,5053
6160,7295,6071,6534
2980,6080,5880,3934
6380,4201,5734,4284
1933,1312,1896,2403
6069,4718,4512,4605
4822,2791,3868,2673
4505,5107,5359,5854
4346,3369,6141,3644
5490,4357,6975,5920
3680,4924,3747,1681
7940,3441,4681,5577
1231,1960,1057,1429
3306,4423,3576,4918
7543,4096,6515,5457
7028,7799,7246,6796
5165,6045,5636,6335
6190,6896,7806,5868
5605,6066,6175,6633
4681,3874,2767,5309
3986,3988,6351,4364
7446,4424,4290,4987
7728,5496,4788,5337
2208,5900,3569,6206
4380,5965,3441,8132
4003,2426,3668,4055
4387,4005,3955,5521
3793,4210,5235,5858
6776,6031,5630,5073
4836,3686,3392,4966
3936,2981,2413,2255
6614,6632,8184,7202
5174,6793,6082,5178
5025,6060,5864,3629
2948,3656,3527,2290
6304,5858,5712,7945
6967,6738,5407,5747
3452,4718,2854,2512
3879,2613,4952,5438
3768,3623,3635,1862
5203,6936,4136,4634
2479,2605,2484,4446
6560,5025,2815,5655
5767,6454,5657,6708
5136,2697,7274,3761
7799,5751,5350,7169
3548,5222,3543,3986
2929,5216,6608,7184
6417,5478,6017,6231
7389,6074,6779,5663
7170,5116,5881,6271
4693,3814,4645,3744
4701,1323,3761,4883
4120,4473,3968,1636
6099,3791,6902,4910
4929,4992,1645,4504
2890,3964,3157,3345
2826,2226,1893,2965
6647,3709,6503,5365
2563,3595,3135,1744
5690,7446,4861,7905
5231,3917,3873,2791
5601,4173,5590,7920
7056,3022,5171,5208
4536,4131,3980,3809
6586,5894,8002,4724
2243,3030,1983,2991
8067,6506,6668,5860
4509,7413,5667,6870
4320,4328,5569,5149
2165,5832,4059,4413
3603,4121,3399,4500
5885,4882,4795,3146
3542,5812,4018,3353
3827,2931,6753,4014
7885,6548,7788,7653
5541,2350,4821,3594
4444,2376,4665,5135
5393,5767,5617,4875
3776,3769,3438,4886
4325,5342,5294,4028
5175,8116,6329,5723
3337,2860,2515,2135
4484,7195,4894,4857
7509,5548,6430,7587
4011,2808,4342,5364
6697,5110,4914,3617
8500,6305,6846,4594
3991,5567,5759,5661
6277,7857,5227,6540
4035,3645,5954,3642
2197,4495,3570,4880
1361,1100,1016,1231
5191,5766,6054,7436
3498,4452,5627,5568
7058,7919,7410,8209
6915,7578,6212,6865
6827,6598,7913,6615
3132,3217,3026,2547
6266,6949,6301,6767
5484,3829,6934,6380
5381,5200,5578,4265
5960,6166,4588,6986
7376,8259,6846,8392
6073,5884,6536,7251
6192,8115,6787,7623
5455,4431,5469,5748
5680,4592,6966,5426
4156,3990,3075,5398
6642,4298,5890,4688
6189,7364,5844,7159
2473,4686,3797,2867
2874,2512,3837,2866
2953,1945,2439,3224
3193,2549,2973,2097
6742,3744,4248,5732
5882,3105,4334,4234
1011,1769,1521,1806
2790,2375,4012,2311
7263,6647,6134,6474
7604,3763,3988,6327
6730,6846,8409,6049
4748,7624,5102,7583
5938,3433,6740,5813
3053,2466,3960,2985
4017,5236,5290,4587
4216,5451,7775,4027
5172,5994,6519,6407
1586,1260,2252,1519
8470,7093,6642,7479
1128,2314,2647,3776
3189,2038,1635,2715
6654,7808,6103,6627
4309,5060,2353,6611
4924,7372,5802,4998
4888,4808,5803,6536
2304,2152,2608,2955
6005,6371,4471,6043
2523,2652,3149,3390
6241,8158,6097,4276
4065,1976,5911,3566
607,1030,1176,1007
6930,6244,6937,7096
2091,3648,2990,3195
7956,7574,7168,7959
7918,7498,7902,7160
5285,3925,4135,4321
5060,4740,4801,4015
5618,4883,6389,4742
7058,7707,5460,6305
6436,6920,4890,3625
3053,3147,3271,3099
4678,5205,7283,3032
6012,6234,3644,5686
4623,6226,4282,3840
7161,8055,6675,8065
4246,4646,6228,4097
3644,5313,4904,6874
6911,6780,5272,5359
4783,4850,3684,3622
6583,5084,3823,3901
3680,4684,5409,3714
3697,5817,6484,4683
4187,2280,3115,4764
5529,6580,7284,7105
4932,6252,3032,6243
4943,7579,5212,5240
3864,3994,3843,4371
3703,4103,5826,5435
5110,4692,4854,3804
2987,2281,2129,3233
4517,5525,3459,4926
5025,4019,4874,3740
4633,6338,5638,5787
5228,4265,4736,2764
5732,4733,6258,5290
5591,6199,4624,5936
2096,4719,2411,4112
5403,6582,6176,4943
5650,4540,3752,4618
6810,6205,5345,4775
2131,5548,5272,5634
5576,4999,6432,6215
3055,5068,4430,5332
5172,3547,4940,6560
4139,3227,4504,2685
4520,4130,5172,1905
7958,7483,7413,7412
2658,2945,2457,3914
6137,5632,6174,6766
4660,5692,4744,3200
1767,3108,2579,3580
4916,3629,4827,4028
7664,7673,7718,6569
7467,8709,7121,7279
4057,5353,3445,5161
3963,5578,5338,3138
8620,8528,8136,7772
5695,5410,5585,6270
2996,3337,3714,4458
5123,4144,5399,4491
2532,3723,2158,4301
8659,9211,8749,8936
5802,1907,5174,2506
1575,4532,4024,6503
7024,8064,6375,6103
8647,4812,5769,2127
5513,5803,7092,5239
3718,4537,3891,3106
1639,4244,3941,5447
6081,4243,3431,4713
2191,3426,3327,3270
7140,6407,7039,6062
1856,7517,5104,4498
7804,7252,8281,7814
4461,2837,4638,1640
5719,3357,5080,3254
6223,3442,6586,2836
5314,5019,4934,4318
5077,4900,5857,3998
6562,6836,6828,6169
6046,4165,3241,6218
4081,4453,5197,5529
7612,7155,6756,7062
3480,3713,3092,2683
5104,4279,5274,6592
3906,4165,3450,4374
3825,3079,4428,3776
3826,2780,4404,2756
7159,8093,7826,8174
4449,6760,5693,5582
5429,7306,5866,4619
4634,2809,3306,4050
3445,5951,3304,4238
4740,2041,1661,2708
4636,3845,6444,3461
4899,4645,6409,2914
8006,7223,6204,6879
4114,3812,3422,5297
3620,5066,2869,3808
5198,6331,5738,5528
5234,4638,5999,4661
5280,5493,4799,3563
5857,3559,4790,3935
5644,6139,8229,5897
5815,5767,6198,6555
5267,5422,6977,4221
7141,8321,6787,6926
4981,5251,4370,6807
2944,2729,3237,3197
8044,7712,8099,8406
1760,2746,3031,5037
3563,3304,4739,6517
6011,5445,5612,7154
3245,7113,3663,7152
5243,6898,4122,4463
7736,8092,7891,8779
6420,7094,8098,6967
6209,6940,6360,6048
6013,6978,5468,4398
1182,3670,3750,2698
7147,3307,6780,5352
3857,5877,3189,5328
6327,2364,4441,3437
3308,4965,3012,5537
5123,2546,4704,6434
6674,4927,5355,5667
4110,5782,3536,5092
3315,2181,3338,2361
4496,4624,5146,4121
3673,4623,3733,4137
2880,3197,3067,2006
8405,8710,8572,8690
7135,6803,7304,5581
6153,6645,7979,7151
3809,4488,7742,5679
2873,4614,3283,2328
8148,5829,7314,7408
3027,2925,3230,2753
8703,7361,7991,7253
5275,4336,2494,5780
1517,2347,2225,2543
2123,3000,2319,3798
5737,6428,4984,4260
3967,2510,3660,1670
7788,5887,4949,6001
4614,4922,4878,4021
4691,5733,3465,3028
4268,6540,4469,3743
5140,5179,3474,5038
2324,4226,4046,2250
4036,3196,6301,4676
3463,3800,3294,5508
4309,3213,5656,3682
7585,6953,6388,7496
5727,4913,4432,6177
1490,3002,3238,3346
4941,6151,4904,7653
4961,4250,5261,5055
6147,4338,4370,4543
2609,3149,3300,3373
3401,4649,5125,5587
3136,2416,3655,3881
3868,2610,2057,2238
6855,6236,6779,5788
5777,5038,6781,6708
8870,7650,7087,7861
2858,6373,3289,3991
7395,6130,8015,6543
3821,4751,4674,5139
4359,3155,3602,2695
3210,6151,6092,6124
4592,4535,2861,3487
3243,2558,4836,2185
6765,5905,5440,6005
5924,3407,2653,4757
6208,6883,6806,7361
7899,5922,6860,6800
2831,3597,1560,3155
3704,1855,4272,2125
6054,4582,6106,4543
2970,2857,2782,3757
4279,5017,4492,2784
6753,6706,6808,6547
4903,4230,5691,4807
4981,4259,2077,3691
4088,3613,4760,5016
6158,3645,6403,3749
4337,3740,4999,3497
5842,7225,5697,7785
3217,3804,2628,4260
7043,6348,7462,7267
4024,5842,5206,2755
4120,4906,4046,5061
8799,6477,7382,7339
5750,7025,3802,8204
5187,6568,6662,7773
6271,3855,5964,3533
3963,4366,3266,5498
4265,4718,6035,6276
4838,5268,4419,2529
3458,3820,2781,2039
4242,5944,3666,5628
4266,2403,2550,1288
8213,7380,7231,7138
6716,7601,7533,6125
4476,5005,2790,5919
2448,1866,2089,1648
3404,3844,3258,2842
1459,6450,3133,5402
4243,5158,3294,3592
2863,4379,2621,3442
7248,5134,6266,3962
2984,5054,3313,4027
4324,2774,3312,3639
4983,4234,3023,3162
2365,1950,1832,2937
4586,3246,3809,5304
3391,3782,2444,3589
5758,4332,5490,3871
3596,3491,3211,1914
5273,3760,4611,3098
3563,5023,6402,4934
6615,7131,4760,5891
2962,4494,2554,2916
3018,3813,1891,3613
7288,5375,5741,7130
5158,3711,5909,4182
5154,2244,6467,3365
2601,4725,1777,3072
3756,2141,4480,3623
8393,7898,6633,7862
3576,3755,2180,2877
2748,2830,1075,2736
7931,6359,6465,7172
3481,5904,5363,5583
4019,2493,2486,2370
5591,6569,7122,6614
5860,6678,5403,6253
5905,6300,8176,7335
1082,1796,2244,2232
3031,4986,2951,4733
3498,5994,3151,5232
6021,6457,6250,6246
5084,5549,6511,7051
5786,6787,5715,5860
5798,3924,6860,4607
5915,5978,6592,5118
5841,7723,5418,6607
7780,7535,6273,6629
2669,3436,3270,4847
4722,4669,1663,5575
6019,5241,6309,7598
5283,4897,8210,5900
6955,5954,8101,5061
3920,3803,4029,2630
2971,3413,3145,3400
4624,3624,2618,4878
7402,6522,5884,8051
4814,1627,5981,3504
4713,4956,5421,4732
6340,3321,6758,4642
4908,7081,7464,3574
3958,2760,5277,4966
5014,4048,3453,4723
3191,4603,5699,3745
6752,7436,6580,7497
6221,6392,6529,7941
7521,4673,7476,4251
7192,2594,4356,4408
5111,4155,5066,3398
1603,1495,1097,2417
5145,4410,6735,4254
3144,5393,2402,2627
7293,8987,7017,8261
5056,3365,4033,5435
597,6943,4432,8042
5870,7004,7675,5856
6295,6672,6793,5646
6098,6507,7599,7178
2306,4591,2475,4515
6397,6264,6762,5383
1419,4306,2072,3207
5671,5557,5453,5680
2799,5957,5332,4273
2003,1884,1630,2866
5947,8328,7072,8402
4218,7380,3845,6733
3327,2380,3269,1813
3556,4781,2981,7021
5137,7324,5826,6911
5345,3554,4457,1899
6658,6816,6945,6470
5822,6189,5033,5256
5430,4615,6387,5816
3627,5423,5553,5652
3681,5167,4653,6836
7509,7574,6359,6515
4659,3792,5026,5299
3238,4466,2903,5075
7800,6793,5886,6378
2167,4369,3155,4290
1801,3440,2557,3357
6573,5648,5995,5323
6677,6003,7111,6136
2964,3914,3181,2713
5368,4501,3499,5181
4006,5084,2529,7040
4302,3089,3786,3101
4154,3588,4341,3468
5525,5078,7200,4761
5657,6982,6355,6018
1552,6793,2816,6755
3887,3094,4796,5048
7101,8019,7215,6252
6907,6654,6716,6246
5162,5826,6822,7062
4037,4546,3173,3779
2794,1719,2851,1574
4642,5329,5736,5308
7374,7330,6940,7209
3074,3749,4303,4060
5310,5138,7047,7568
3682,5116,4898,5520
4963,3455,4926,7286
3020,4434,3472,3416
3076,1574,1703,2889
3874,2369,5497,2489
4749,2178,4651,5488
3544,5307,6501,5398
3434,2860,3731,2227
6864,3370,4486,3317
6823,5084,2769,3655
7606,3805,7945,6816
2632,2529,3659,3104
1482,1899,1600,1191
5463,4377,5789,3228
3700,4326,3219,4635
2977,5125,6473,3562
5864,7559,5328,6246
6341,7810,5233,7142
4709,4555,5302,4203
7699,6651,7081,5949
3287,5865,2250,5184
3765,3920,2526,5028
7011,6712,6834,7515
6447,5353,4903,3318
4808,5881,3153,3463
5272,6436,5135,5774
4307,4276,4152,6670
6956,5480,6920,3459
3496,3919,4701,2491
5303,5595,8527,4732
5876,6790,6368,4292
7648,7743,5829,6718
7847,5892,5238,5412
3667,4924,3231,5269
3796,4523,4317,3636
1440,3921,3347,3737
3134,3848,2139,4327
4174,7689,5352,7267
6197,6627,6337,6181
4412,6922,3624,6733
6009,2716,6044,2991
4767,3885,3925,3624
3883,4209,4327,3871
2771,5042,2236,6059
5736,6298,7207,4676
4389,4583,3608,4503
4345,3280,3539,4451
4036,3672,2686,3769
3665,1082,2873,2264
2256,5439,4614,6424
6418,6232,5700,7024
4845,5012,4716,4297
2448,2513,2420,2663
6168,6095,6362,5952
5488,5666,5452,4255
3676,3624,4717,6275
4871,6432,5773,4297
5069,5976,6514,4013
8020,8434,7506,7340
6029,5149,6846,7306
5005,6954,5965,5187
5038,5446,4263,5601
5058,4365,3924,2419
1787,1785,997,1971
3481,3161,4094,2746
5829,5456,4641,6129
7392,5191,6893,4129
8194,8294,7015,8751
6415,5427,4028,6664
3442,4750,4072,3355
4654,5600,7388,4909
4119,5529,4514,4716
6529,6971,6111,6816
6381,2648,5123,6417
7104,6537,5912,6972
2837,1894,2947,2364
4039,3908,3739,2695
3463,3050,2560,4477
4108,4416,4722,4731
6928,6963,6970,7485
5103,6142,5757,4596
5077,3712,3629,4757
6633,7669,3962,4218
4350,4670,5453,6635
3834,2615,4347,3577
3958,4993,5059,4981
5592,2426,7309,4087
6415,7919,6787,8077
2353,4408,4270,4765
5094,4847,5304,2966
6022,5052,3481,3817
5480,3358,3684,2731
5767,7056,7150,6041
6391,7314,7250,7084
1911,4834,4184,5185
5978,4169,5702,3045
5132,2991,2658,2572
6678,6957,5624,7965
5063,3681,5462,4184
4345,5104,6847,6057
6234,6778,4087,4299
5892,5057,5872,6597
4048,3161,4934,4462
6261,9015,4098,6273
4802,2352,3564,3803
2556,2806,2755,2849
3245,2221,2558,1528
5439,4364,6908,4709
3018,3425,3517,3156
7135,6781,9384,7010
7685,8886,7657,9350
4174,4948,4878,4082
3108,4666,7137,3700
5176,6170,5432,6370
4505,6285,5135,4120
5956,5197,6605,6507
3573,5525,3759,4142
3432,4426,3781,4670
2826,3321,4344,4039
3434,4407,3513,4150
5327,6550,5038,4814
4879,4858,6393,4766
5410,5192,2805,4321
6541,7081,5666,4792
3437,5657,3127,4671
6706,6755,6618,5747
7558,7975,6373,8475
1299,2375,1394,2222
2293,4032,3524,5622
6977,5397,6201,5743
8598,7858,8366,7622
3259,4619,1676,5187
3958,4458,4204,2880
5066,4536,4931,3275
2749,3893,4529,3627
6308,3087,6659,4253
5672,5169,8444,4931
6566,5224,4702,4210
5749,3157,4564,2536
4936,6551,6106,7103
2686,2871,1941,3153
6723,4733,3970,5101
6257,7210,6342,6677
6461,7324,7792,7159
2233,3272,2273,1934
5168,3925,4982,3508
5051,4410,6104,5125
7351,4692,6808,5020
5000,2823,3936,4003
3067,2722,2067,5005
9156,9510,9021,9246
6354,7524,7313,8143
4984,5904,4016,5958
4107,4668,3034,6231
5952,5669,3360,5329
6486,6835,3758,4866
6373,6265,7263,5904
1571,2980,3286,3313
5438,6042,4920,8260
5559,4921,6397,6420
6983,5037,6093,2116
1719,3614,2931,2588
5557,6363,4185,6422
4881,4974,2858,2687
5949,5834,4510,6500
6135,3000,5226,3716
2610,3791,1806,1879
6892,6767,7137,6780
4672,3927,6306,5517
3800,2135,4312,3497
5551,3782,3004,3268
7094,6269,5358,6021
1598,1210,1625,1544
5018,4189,1874,7690
6743,6034,6736,6115
6527,7151,7106,5361
4728,4710,7146,4563
6049,4103,7279,5748
4671,7379,3056,3869
6538,5523,5815,4173
4634,3303,3729,3669
7215,6757,6397,6011
6880,3704,6196,5151
6734,7692,4797,6296
3621,4088,5155,4283
6709,3306,6213,4251
2254,2995,2165,2594
5269,3707,6289,5431
2764,2847,1539,3992
8534,3915,7388,4389
8254,7577,6952,6564
2719,3158,3301,2551
4652,3328,4880,4319
3055,4014,3875,4415
6006,5751,5874,5186
4236,3739,3378,2018
7250,8313,5834,7392
4682,6422,2624,5990
7085,7327,7575,7668
2144,4185,3356,4300
5891,4789,6601,2282
6952,6233,6399,6626
4769,5268,6234,5010
5369,4680,4898,4097
2927,2830,4412,3506
5734,6566,6375,7360
2449,5776,2095,6597
4926,5457,5264,4665
5730,3890,4408,6199
2829,2645,2824,2831
6948,5900,8052,5833
5949,8265,5640,7623
3792,2322,2789,2513
3626,4621,4105,2607
7513,3396,9734,4664
6106,7260,5216,5831
5167,2933,4533,6268
3428,5756,4329,7880
2571,6624,6568,5954
2790,7342,4842,5161
6723,6994,5272,7419
8210,6952,7148,7902
7371,5753,5656,5250
5850,4588,5426,3656
7252,5367,4389,6261
6299,3812,6911,3410
6981,5974,7331,5018
5828,3984,5123,3826
4727,4256,4624,3579
4012,6213,3735,5882
2212,2577,603,3266
6635,6552,6226,6714
5309,4744,5549,4457
2431,3390,3561,1807
3514,2370,2165,4284
2949,3793,1870,6238
5686,4315,3998,3945
1553,1766,1803,2523
8726,7002,8123,6232
7053,7123,7945,7140
5941,7259,3924,5256
3666,1537,4804,2950
3770,3016,2646,3015
3096,4173,6139,4369
5634,6145,5603,5980
2401,4465,3107,4838
4027,2963,4505,4137
5223,5220,3685,4456
6687,6292,6427,5736
7860,7690,7348,6950
8598,8152,8642,8364
5939,3010,5000,4898
5009,5418,4478,5199
4986,2467,5563,4480
7782,8222,8830,8213
7124,8464,6736,8300
2632,5322,5430,5967
2493,4132,3706,5022
3022,3997,4529,4575
4161,8479,2314,4770
6629,6781,5361,4381
3396,3307,3225,3090
4610,3374,5201,5237
3698,6795,4531,4983
6273,5844,6236,5107
4282,4748,5749,5011
5277,2689,5462,3638
6114,6046,4020,4595
4140,2504,2209,2750
2327,1736,1832,1499
7048,6269,5000,4725
7554,7095,7399,8296
8216,7062,8596,7850
5195,5552,4514,5804
6554,5645,6668,4487
4820,2421,3034,2550
4716,6249,4556,5800
3127,3044,3141,4153
1756,3598,3365,2531
6876,6202,6603,6108
4116,3294,4056,3264
3642,3274,3238,5597
5438,5101,6364,6930
5508,3771,6352,4191
7884,6207,6342,4642
2109,3636,3213,3912
3125,2931,3665,2425
4947,3612,6574,2927
6650,6103,5581,6725
3720,7748,4018,7413
7561,6789,7222,7553
4806,4538,3512,4285
6951,6899,7513,6452
7540,3592,6022,5412
2481,4409,3711,3396
6002,6084,5268,7130
3351,4977,4321,5019
5626,2147,4628,3727
4466,3721,4998,3027
6303,7124,6870,7552
6899,5821,4026,5609
3805,3073,3547,4243
3692,6296,3908,5741
7045,3002,6670,4425
3256,4474,5503,4244
3080,6524,4183,5706
3209,3115,4247,2353
3299,5038,4312,8025
6781,3231,4645,3097
6494,4256,5021,5222
6701,7124,6097,7798
6851,5222,6524,2557
4401,4239,5195,4153
4459,4983,2046,3106
6071,7946,6739,7385
7677,2971,4774,4567
5775,4430,6537,6234
6778,4692,8660,4420
6559,3470,5150,4240
6699,6560,6366,7095
3917,4452,3889,3679
4828,3087,4449,6050
4146,3405,3881,2858
5682,6176,4768,3469
2196,1219,3030,1623
5856,4121,5218,2426
5754,7060,6349,8926
7284,3444,5508,6314
5150,3789,5148,4850
5088,6226,5286,5320
3420,3939,5161,5015
7597,7002,5772,5689
5901,6693,6654,6692
5297,6199,4221,5112
2906,4706,4092,5125
4138,3761,3758,4417
7442,7423,6198,7102
4574,4574,4682,3144
4481,7251,5069,5770
3203,4322,4461,5277
3442,3428,4253,2559
1262,4548,3265,3508
3673,5800,6117,4168
6038,7091,6549,5266
7736,8185,8482,8063
6928,5646,7868,4388
1243,5358,2203,4830
2628,4377,4386,4103
6115,8454,6061,6716
7493,6241,5473,7512
4351,3866,4753,4955
4362,3982,3929,3431
4217,4555,2485,4518
2693,5255,4159,4382
5447,6906,6307,4082
5416,5139,5803,4940
3666,2887,5083,4211
2620,3375,2109,3960
3061,2535,3607,2205
7265,4273,5943,3611
6197,6049,4794,4967
6967,7426,4941,8003
4330,2750,4451,6415
4528,3563,4195,5090
7963,4737,7614,6009
5670,5009,7583,3515
3970,4847,7180,5175
2633,1736,1907,2615
4137,5753,6025,5946
5267,3570,7529,4488
5359,5290,5237,7053
3912,3740,4432,4869
6842,4472,5646,4460
2906,4328,4196,5162
4548,3116,2917,4191
7972,5569,5651,5730
5811,6422,5525,5507
1783,5097,2838,4785
5005,5742,7884,4764
4782,3097,4048,3877
6221,6588,7305,8087
8315,3527,5755,3263
2527,3751,3266,5168
5709,5224,7877,3791
6514,7553,6983,7559
4277,4366,4996,5482
4925,3154,5480,2043
6230,7075,5411,6760
5066,4529,6505,6266
1945,4886,5332,3758
6033,4644,7287,6106
7438,7909,7515,7301
6445,4916,5528,4905
3971,5099,3762,4285
7203,6863,4076,6986
7560,6863,7060,7480
1880,2222,1467,2539
4921,5098,5611,4025
6862,5068,4396,6027
5104,2964,4708,5009
4810,4116,5634,5028
7805,7487,5675,7175
3698,4118,5570,2510
6804,7971,5829,6607
2737,5180,5874,6180
5616,5124,3153,2837
3296,2497,2864,3200
4746,3779,4985,7190
3961,5722,2329,4536
5835,5637,6393,4354
3295,5256,5408,5174
3284,3387,3505,3076
5591,4798,4204,5150
6745,6129,7980,7295
6370,4861,4763,5452
4048,6014,4254,5635
5053,3327,4922,4366
3805,5667,4290,3727
6959,5685,7431,5831
5285,5606,5684,5330
4195,4229,4352,2207
5079,4982,3490,3948
4303,4334,3009,4183
4130,4471,2878,4900
3432,6457,1591,5529
6783,6639,5614,7634
5525,4351,3106,4869
4595,5171,4102,6499
876,1172,1132,1027
3997,3286,4252,5013
2119,2791,2371,2963
5684,4675,4651,3015
3611,3247,4250,4726
2495,1574,1716,2820
