10 7
0.293104 0.256248 0.851692 0.240938 0.904844 0.088538 0.209955 
0.522463 0.109234 0.425932 0.728161 0.269631 0.939045 0.289447 
0.562328 0.029609 0.203717 0.903584 0.813761 0.464878 0.329974 
0.586727 0.817132 0.698165 0.447625 0.344950 0.003996 0.537714 
0.091271 0.760313 0.674832 0.384376 0.016561 0.526524 0.625314 
0.921405 0.615062 0.835268 0.443867 0.724296 0.261200 0.172029 
0.993927 0.200246 0.461476 0.556255 0.229855 0.665193 0.459839 
0.043615 0.130072 0.789813 0.630343 0.947204 0.487978 0.077968 
0.292154 0.491974 0.615682 0.383425 0.252287 0.290513 0.767801 
0.268848 0.817037 0.393114 0.190252 0.432099 0.228383 0.634120 
