100 4
0.314531 0.968513 0.363903 0.717597 
0.492074 0.165798 0.486140 0.801709 
0.112518 0.929034 0.337610 0.930528 
0.530474 0.395636 0.561766 0.341133 
0.922589 0.820287 0.067227 0.292698 
0.779711 0.111549 0.761425 0.362029 
0.399253 0.276220 0.815636 0.496754 
0.405536 0.318967 0.963593 0.673188 
0.443717 0.678092 0.304599 0.348745 
0.224362 0.187055 0.630671 0.912914 
0.305682 0.889415 0.206857 0.596602 
0.774443 0.199388 0.700837 0.421122 
0.341615 0.951558 0.237531 0.469372 
0.260203 0.911670 0.353059 0.388313 
0.927305 0.328370 0.203951 0.189997 
0.256353 0.652255 0.802025 0.201062 
0.710233 0.677485 0.162681 0.462163 
0.696690 0.313318 0.657203 0.496386 
0.481000 0.759880 0.173909 0.480708 
0.900757 0.701661 0.018114 0.629132 
0.760957 0.772763 0.258331 0.060993 
0.824715 0.771107 0.046449 0.319274 
0.526949 0.774261 0.923383 0.035060 
0.701478 0.089151 0.630038 0.783946 
0.677458 0.339773 0.461498 0.412987 
0.597606 0.139640 0.266978 0.770299 
0.634992 0.207138 0.047867 0.882253 
0.760972 0.756337 0.376115 0.165782 
0.810288 0.639459 0.247094 0.285998 
0.264328 0.134148 0.662668 0.823485 
0.787495 0.188298 0.124064 0.953622 
0.121105 0.599296 0.592615 0.902263 
0.216506 0.352221 0.650229 0.664915 
0.268964 0.286176 0.363968 0.891898 
0.450182 0.505413 0.362985 0.883727 
0.709939 0.270010 0.645204 0.433848 
0.615373 0.498531 0.478136 0.444253 
0.527942 0.272806 0.703020 0.320233 
0.040760 0.627936 0.817008 0.257217 
0.317837 0.954755 0.575118 0.088129 
0.906597 0.079362 0.338997 0.280587 
0.267947 0.958549 0.385738 0.279427 
0.277793 0.912426 0.887160 0.036721 
0.987049 0.460319 0.243909 0.339496 
0.689872 0.527410 0.065380 0.821355 
0.253931 0.494838 0.672844 0.518306 
0.215647 0.602476 0.285146 0.657968 
0.205061 0.371024 0.755522 0.741735 
0.565486 0.760815 0.658336 0.128475 
0.066758 0.310186 0.470068 0.993078 
0.995532 0.088739 0.253689 0.742129 
0.609991 0.013141 0.893895 0.402947 
0.550463 0.346216 0.676923 0.521787 
0.218731 0.934987 0.573643 0.236752 
0.173995 0.538747 0.516938 0.441766 
0.179828 0.733703 0.373294 0.584208 
0.864504 0.424255 0.536877 0.061954 
0.524878 0.593247 0.982906 0.044041 
0.771048 0.552698 0.120077 0.258443 
0.761054 0.075670 0.236405 0.560742 
0.246915 0.249917 0.733790 0.886232 
0.329926 0.762485 0.534756 0.373882 
0.322570 0.976614 0.052359 0.756460 
0.933521 0.043556 0.613332 0.549557 
0.345089 0.005719 0.915990 0.693892 
0.466379 0.356116 0.458550 0.648383 
0.249019 0.902389 0.273572 0.725560 
0.348937 0.374361 0.913625 0.319596 
0.141426 0.639789 0.153671 0.905690 
0.469170 0.155134 0.678911 0.646489 
0.259454 0.575289 0.376187 0.649315 
0.992448 0.484909 0.024651 0.580174 
0.513419 0.460000 0.065246 0.771476 
0.644097 0.821170 0.134942 0.345191 
0.696425 0.289526 0.801378 0.148472 
0.786996 0.340215 0.198541 0.777170 
0.186784 0.405488 0.781707 0.858343 
0.916066 0.303820 0.290766 0.385538 
0.076149 0.442225 0.618150 0.707031 
0.305838 0.600621 0.704842 0.548713 
0.354360 0.345120 0.862500 0.568282 
0.478713 0.017420 0.803932 0.659745 
0.221675 0.180070 0.905620 0.658749 
0.655886 0.279030 0.446025 0.523730 
0.530717 0.576558 0.091299 0.779730 
0.643940 0.046764 0.602639 0.900874 
0.716251 0.889972 0.728363 0.143676 
0.573641 0.188134 0.946442 0.343799 
0.588493 0.641318 0.784661 0.119337 
0.925030 0.110247 0.447609 0.452073 
0.045402 0.712023 0.925057 0.391486 
0.851101 0.374031 0.748435 0.210107 
0.368914 0.858057 0.286806 0.455422 
0.520952 0.537155 0.933156 0.277816 
0.384938 0.301512 0.170508 0.869476 
0.650156 0.233258 0.591347 0.241059 
0.262123 0.561828 0.946946 0.100375 
0.057599 0.622711 0.594172 0.981393 
0.767562 0.033628 0.548414 0.945014 
0.560291 0.705994 0.273246 0.539378 
