100 4
0.682597 0.765870 0.299598 0.186670 
0.926706 0.219470 0.832893 0.402638 
0.181085 0.652049 0.041818 0.357158 
0.034013 0.472894 0.222608 0.357940 
0.035649 0.528667 0.138567 0.769068 
0.595642 0.413954 0.174298 0.743961 
0.274607 0.956250 0.077612 0.387031 
0.673145 0.882260 0.104360 0.355742 
0.648130 0.403958 0.542412 0.574836 
0.623429 0.375305 0.977474 0.804514 
0.027353 0.019292 0.161672 0.061367 
0.492186 0.384280 0.419307 0.527835 
0.912947 0.557874 0.296903 0.508589 
0.971828 0.471201 0.252550 0.246435 
0.427451 0.330162 0.633466 0.100596 
0.212422 0.737826 0.456338 0.860553 
0.141785 0.998749 0.435389 0.765213 
0.374054 0.412863 0.569727 0.401407 
0.432155 0.731399 0.462774 0.924342 
0.115679 0.882081 0.452177 0.028627 
0.439955 0.749080 0.537216 0.411782 
0.220281 0.789766 0.658217 0.647732 
0.119928 0.291683 0.748328 0.332351 
0.029510 0.204665 0.192903 0.171294 
0.203415 0.628292 0.936508 0.577468 
0.041155 0.506235 0.978876 0.473311 
0.237634 0.441650 0.397653 0.353313 
0.323731 0.849830 0.381940 0.763686 
0.598910 0.919155 0.175468 0.819191 
0.708921 0.833685 0.466922 0.828849 
0.125369 0.215250 0.161200 0.154878 
0.419916 0.354103 0.326173 0.623330 
0.982395 0.262680 0.200799 0.023551 
0.768915 0.179674 0.496862 0.006549 
0.621324 0.894514 0.359862 0.945055 
0.744344 0.741801 0.708740 0.343254 
0.660956 0.884208 0.162444 0.369877 
0.717894 0.629366 0.198726 0.843263 
0.844617 0.359926 0.998141 0.264532 
0.714029 0.324314 0.887862 0.696425 
0.586994 0.088661 0.719976 0.355909 
0.268335 0.216837 0.362457 0.889659 
0.111352 0.722319 0.834714 0.855696 
0.464120 0.543454 0.198949 0.125076 
0.427663 0.361393 0.494953 0.145556 
0.990760 0.693680 0.988819 0.835376 
0.053606 0.986960 0.099909 0.767635 
0.311274 0.987771 0.464060 0.898268 
0.076432 0.184036 0.254176 0.344767 
0.400873 0.616634 0.234426 0.512225 
0.338953 0.069140 0.367920 0.803073 
0.612594 0.566870 0.928149 0.040257 
0.928263 0.423102 0.185814 0.919023 
0.116781 0.174633 0.754399 0.170387 
0.161593 0.854308 0.938022 0.472867 
0.842079 0.402083 0.371135 0.918511 
0.586118 0.625311 0.263278 0.986991 
0.241945 0.497705 0.499216 0.580897 
0.566845 0.867137 0.383970 0.179439 
0.434006 0.312119 0.219697 0.362269 
0.735221 0.405510 0.281292 0.852002 
0.580143 0.035691 0.022389 0.741736 
0.889999 0.960412 0.214603 0.732078 
0.362494 0.585737 0.650589 0.948613 
0.211048 0.913867 0.935604 0.452993 
0.411572 0.434820 0.033890 0.978417 
0.301957 0.417860 0.157856 0.735963 
0.729979 0.377553 0.098232 0.465200 
0.783063 0.379524 0.317202 0.363206 
0.415215 0.339591 0.104941 0.305214 
0.300003 0.319544 0.037292 0.662498 
0.905281 0.687880 0.611111 0.116329 
0.601747 0.546715 0.569322 0.013319 
0.981535 0.603212 0.991736 0.283492 
0.021072 0.149592 0.019455 0.751051 
0.527144 0.117688 0.216251 0.310207 
0.497212 0.533453 0.673412 0.912427 
0.873044 0.778354 0.217640 0.173047 
0.097898 0.254932 0.835545 0.003179 
0.942812 0.446656 0.119508 0.544560 
0.993370 0.688830 0.557879 0.974905 
0.292042 0.549614 0.258398 0.313114 
0.699206 0.277853 0.064165 0.226350 
0.395540 0.280416 0.536557 0.892752 
0.813868 0.209969 0.805179 0.686912 
0.988323 0.022819 0.859959 0.086221 
0.277751 0.695504 0.089399 0.220563 
0.142160 0.208907 0.765123 0.135530 
0.897737 0.323001 0.110436 0.189778 
0.872616 0.368833 0.502892 0.571822 
0.646686 0.567057 0.798172 0.042227 
0.847473 0.334729 0.934979 0.661341 
0.544698 0.740157 0.348253 0.533021 
0.762976 0.208213 0.619242 0.040727 
0.903717 0.708641 0.261290 0.045877 
0.917548 0.026413 0.181408 0.815285 
0.349414 0.291843 0.005063 0.222030 
0.660677 0.507956 0.793852 0.307363 
0.075013 0.592024 0.349590 0.922485 
0.926753 0.284568 0.583826 0.471451 
