10 7
0.463286 0.267080 0.610870 0.499219 0.376236 0.515263 0.407183 
0.195444 0.522087 0.297792 0.780910 0.081493 0.611484 0.854118 
0.721769 0.111877 0.720304 0.870640 0.672260 0.261959 0.120782 
0.266506 0.197403 0.842436 0.791553 0.308141 0.362486 0.591667 
0.309547 0.953157 0.622059 0.429734 0.463522 0.510025 0.612688 
0.715728 0.284828 0.351452 0.679882 0.584673 0.765215 0.438152 
0.645743 0.975318 0.220603 0.554890 0.741167 0.773326 0.057729 
0.709447 0.883292 0.425970 0.477634 0.830636 0.730572 0.124830 
0.968340 0.113461 0.224102 0.570366 0.257094 0.708117 0.359179 
0.120307 0.459952 0.300938 0.877985 0.260149 0.705875 0.457800 
