10 7
0.783630 0.608447 0.654784 0.880790 0.578649 0.658392 0.670853 
0.287573 0.418511 0.323627 0.358209 0.225554 0.553776 0.485435 
0.577537 0.595274 0.482033 0.462641 0.546004 0.283726 0.473773 
0.443048 0.378979 0.526485 0.386857 0.459784 0.480386 0.483247 
0.771150 0.529300 0.579676 0.716123 0.542143 0.653464 0.518868 
0.753090 0.446791 0.751899 0.696684 0.627062 0.713143 0.601725 
0.354335 0.516935 0.663343 0.521784 0.510511 0.481321 0.554316 
0.468381 0.546492 0.324522 0.537486 0.416728 0.558989 0.490225 
0.608916 0.477637 0.508552 0.591474 0.532599 0.650069 0.527439 
0.572002 0.398513 0.525300 0.460792 0.667977 0.370385 0.583524 
