500 4
0.514674 0.725725 0.398329 0.527749 
0.887060 0.362629 0.034286 0.903553 
0.612393 0.762128 0.248185 0.718136 
0.991498 0.161061 0.840250 0.497106 
0.877931 0.634391 0.238760 0.506612 
0.571627 0.767297 0.364810 0.356369 
0.118066 0.522287 0.607392 0.887419 
0.217049 0.699266 0.550864 0.486511 
0.728780 0.315115 0.239801 0.268151 
0.759001 0.389640 0.061354 0.489787 
0.426855 0.532180 0.009568 0.960712 
0.912179 0.284455 0.539322 0.553604 
0.663520 0.282991 0.588417 0.362996 
0.381742 0.823184 0.505641 0.362149 
0.050982 0.712017 0.078865 0.885386 
0.265404 0.569534 0.652495 0.474907 
0.687609 0.690175 0.601322 0.091229 
0.579687 0.430638 0.192953 0.821959 
0.950664 0.845275 0.120041 0.062783 
0.410047 0.501506 0.243070 0.830959 
0.945789 0.041206 0.383989 0.726975 
0.868071 0.208741 0.667960 0.357560 
0.215276 0.611101 0.816262 0.331616 
0.384470 0.471192 0.561764 0.497623 
0.159863 0.738612 0.819271 0.219601 
0.163110 0.671165 0.329205 0.752530 
0.173142 0.444211 0.324892 0.959019 
0.272618 0.527037 0.963553 0.194117 
0.579241 0.298313 0.487860 0.525334 
0.466927 0.775461 0.005823 0.870148 
0.172451 0.348422 0.870474 0.387429 
0.533887 0.256340 0.687616 0.299389 
0.606990 0.450636 0.766558 0.030773 
0.602800 0.782134 0.585357 0.136868 
0.959997 0.455596 0.010652 0.202766 
0.432704 0.448497 0.551172 0.818493 
0.800152 0.769145 0.118476 0.293755 
0.117071 0.685400 0.608061 0.373307 
0.918416 0.838816 0.128051 0.145389 
0.327541 0.476771 0.854813 0.261436 
0.731435 0.892307 0.182827 0.157992 
0.297116 0.759807 0.687839 0.131916 
0.403513 0.708699 0.550799 0.587355 
0.159770 0.765572 0.436435 0.602783 
0.893673 0.293367 0.623848 0.482243 
0.293995 0.205302 0.753514 0.848718 
0.017072 0.584990 0.696344 0.415231 
0.554193 0.548171 0.373955 0.860828 
0.182523 0.813383 0.438904 0.490516 
0.237369 0.765052 0.493287 0.500747 
0.907334 0.265794 0.228004 0.362692 
0.025402 0.360016 0.803910 0.658043 
0.184318 0.576007 0.940693 0.291938 
0.739766 0.683172 0.258212 0.082494 
0.785629 0.389346 0.198514 0.619632 
0.523490 0.654709 0.719864 0.207464 
0.775976 0.884103 0.460944 0.108958 
0.386680 0.236561 0.801820 0.654807 
0.749482 0.831596 0.250806 0.051203 
0.391589 0.769038 0.455955 0.387595 
0.786862 0.009724 0.456006 0.548458 
0.316880 0.524798 0.232510 0.988595 
0.026215 0.821262 0.939945 0.286146 
0.265135 0.345001 0.207475 0.923250 
0.421834 0.497300 0.444565 0.616651 
0.111096 0.215942 0.859010 0.925560 
0.269081 0.433224 0.842092 0.650710 
0.052869 0.546473 0.779384 0.738798 
0.798370 0.345496 0.571173 0.424766 
0.890374 0.232729 0.576310 0.382695 
0.738185 0.340730 0.759653 0.626371 
0.127844 0.959503 0.282947 0.689779 
0.646762 0.195514 0.771009 0.410799 
0.249880 0.863628 0.725491 0.499057 
0.102394 0.334939 0.997385 0.492854 
0.405572 0.677928 0.488357 0.590339 
0.239739 0.660389 0.003810 0.990314 
0.680194 0.164715 0.483335 0.979753 
0.471730 0.458612 0.372665 0.970796 
0.854476 0.417142 0.424257 0.109148 
0.399713 0.298332 0.270864 0.775465 
0.508899 0.061721 0.950618 0.695547 
0.847700 0.760769 0.191543 0.057118 
0.600784 0.729496 0.589877 0.086217 
0.478063 0.770967 0.301080 0.963410 
0.578040 0.039885 0.543138 0.903281 
0.761322 0.317122 0.757277 0.193590 
0.422321 0.564438 0.326201 0.728377 
0.732567 0.559651 0.783787 0.432403 
0.291378 0.399284 0.509958 0.795820 
0.276810 0.527557 0.813461 0.381661 
0.403414 0.166978 0.861065 0.747453 
0.096889 0.710639 0.545713 0.991834 
0.576403 0.927293 0.084002 0.337347 
0.145978 0.685780 0.489999 0.704062 
0.960789 0.028402 0.953698 0.198190 
0.954938 0.111254 0.412984 0.600128 
0.317050 0.425885 0.534137 0.714987 
0.667013 0.556945 0.177299 0.503337 
0.639375 0.928086 0.431857 0.269242 
0.935607 0.281540 0.047131 0.531256 
0.523157 0.908568 0.271420 0.300200 
0.213726 0.805515 0.696471 0.445888 
0.821505 0.353156 0.606014 0.567618 
0.590320 0.352673 0.581687 0.608549 
0.630674 0.236111 0.617843 0.416098 
0.504385 0.779086 0.484774 0.121941 
0.121643 0.980783 0.079985 0.915506 
0.901057 0.652348 0.098161 0.418690 
0.170331 0.935664 0.269626 0.850740 
0.546087 0.041909 0.459031 0.856287 
0.203400 0.406094 0.515612 0.777796 
0.773093 0.478079 0.301346 0.463381 
0.930013 0.196708 0.529166 0.633215 
0.500118 0.205593 0.424664 0.820124 
0.554055 0.131301 0.959082 0.587650 
0.222181 0.608812 0.818527 0.435415 
0.307872 0.499983 0.773611 0.239164 
0.849923 0.053320 0.507958 0.333862 
0.746566 0.434651 0.325588 0.241178 
0.414905 0.365765 0.150805 0.752935 
0.728265 0.614332 0.520100 0.264654 
0.267501 0.891266 0.270066 0.809436 
0.130624 0.499493 0.548449 0.893499 
0.064691 0.963429 0.465217 0.481806 
0.397577 0.574089 0.295365 0.988031 
0.661400 0.055161 0.981263 0.306484 
0.208983 0.139792 0.516495 0.796739 
0.025265 0.705703 0.542107 0.950834 
0.867374 0.342928 0.859389 0.068740 
0.473028 0.487684 0.596588 0.397323 
0.698802 0.716171 0.583823 0.029332 
0.939221 0.144685 0.366774 0.382489 
0.018567 0.896856 0.299165 0.623446 
0.800826 0.636288 0.209719 0.412870 
0.439181 0.750628 0.263049 0.745050 
0.010675 0.738872 0.526785 0.522488 
0.916853 0.341581 0.667728 0.199012 
0.144863 0.587957 0.766917 0.562017 
0.926679 0.294689 0.430986 0.348435 
0.385765 0.655650 0.372114 0.674423 
0.941177 0.699988 0.325620 0.048590 
0.387235 0.542625 0.502751 0.165113 
0.545928 0.302875 0.807734 0.645447 
0.445744 0.959668 0.307158 0.080327 
0.790782 0.618358 0.023097 0.712050 
0.480338 0.421830 0.886697 0.323808 
0.287835 0.423588 0.478728 0.698445 
0.507572 0.601122 0.777693 0.093045 
0.244332 0.957339 0.213216 0.752628 
0.206848 0.718799 0.787407 0.272422 
0.258540 0.379445 0.499548 0.765734 
0.905591 0.432719 0.546476 0.190870 
0.622715 0.543902 0.369504 0.401397 
0.409499 0.859222 0.792264 0.213563 
0.978521 0.060648 0.694205 0.039400 
0.263275 0.869978 0.170858 0.937201 
0.969727 0.449323 0.457162 0.205257 
0.995742 0.556564 0.149036 0.116232 
0.199504 0.057568 0.986831 0.816761 
0.774672 0.802614 0.502118 0.060464 
0.235283 0.679983 0.797446 0.342302 
0.730203 0.116577 0.937173 0.522427 
0.066942 0.889426 0.298211 0.730568 
0.504063 0.288581 0.846358 0.498035 
0.239172 0.972546 0.605864 0.314122 
0.089591 0.344495 0.683739 0.703341 
0.831199 0.320370 0.310053 0.424710 
0.401631 0.770173 0.401737 0.800829 
0.728680 0.236422 0.185981 0.839440 
0.173056 0.991868 0.403369 0.442201 
0.737566 0.405798 0.876633 0.094237 
0.040569 0.245031 0.990903 0.689346 
0.576835 0.218793 0.655211 0.683119 
0.344286 0.939552 0.484117 0.572404 
0.632215 0.583852 0.755017 0.221414 
0.879300 0.112489 0.185715 0.936064 
0.510277 0.550516 0.286913 0.810284 
0.354961 0.102738 0.928038 0.754779 
0.991216 0.109683 0.893863 0.246795 
0.744651 0.148161 0.168100 0.817889 
0.664365 0.133824 0.106981 0.955333 
0.422281 0.127546 0.746240 0.554231 
0.916203 0.457668 0.849256 0.081074 
0.798012 0.148136 0.369983 0.699972 
0.166802 0.849013 0.491466 0.573048 
0.661627 0.503026 0.640084 0.196957 
0.565075 0.562075 0.490372 0.359862 
0.354760 0.526878 0.289889 0.835818 
0.970181 0.378287 0.314732 0.163308 
0.321461 0.368836 0.499090 0.413858 
0.630048 0.536580 0.655314 0.469171 
0.171917 0.844844 0.436212 0.314040 
0.302672 0.790741 0.422878 0.624712 
0.803073 0.378910 0.383648 0.563678 
0.232398 0.606477 0.814244 0.446240 
0.377652 0.564266 0.488018 0.724944 
0.507100 0.232278 0.719364 0.499274 
0.471325 0.977147 0.224056 0.454380 
0.999598 0.254216 0.419815 0.560054 
0.094117 0.700330 0.633204 0.684231 
0.587371 0.361541 0.177030 0.617685 
0.658421 0.276266 0.902117 0.029287 
0.442083 0.746191 0.624185 0.275481 
0.167783 0.199141 0.505440 0.997821 
0.345455 0.361804 0.134017 0.848763 
0.495922 0.446302 0.611129 0.477881 
0.957994 0.234332 0.385090 0.434277 
0.590081 0.296903 0.521458 0.126925 
0.011606 0.345743 0.998985 0.516820 
0.477091 0.390180 0.738198 0.309073 
0.326997 0.496922 0.135329 0.882086 
0.896440 0.446994 0.356397 0.138630 
0.228208 0.020144 0.606107 0.858790 
0.778133 0.184798 0.867393 0.059751 
0.829189 0.933377 0.094727 0.181791 
0.510644 0.523807 0.596335 0.539852 
0.522970 0.267835 0.479389 0.511720 
0.315492 0.964545 0.499193 0.237003 
0.531208 0.401340 0.475134 0.759803 
0.566908 0.711736 0.512851 0.242836 
0.429442 0.700534 0.118644 0.771759 
0.065605 0.824936 0.623744 0.599871 
0.803171 0.387586 0.200154 0.595731 
0.962666 0.286088 0.797406 0.177224 
0.400134 0.084028 0.973151 0.568608 
0.295451 0.736393 0.433978 0.433714 
0.325661 0.978660 0.418385 0.374452 
0.659171 0.309882 0.275723 0.638404 
0.478386 0.171809 0.460254 0.826203 
0.774818 0.419103 0.272962 0.409326 
0.331217 0.193696 0.967789 0.358180 
0.525906 0.421980 0.464951 0.604644 
0.755520 0.638939 0.636009 0.111662 
0.041512 0.819026 0.512029 0.716345 
0.316194 0.285488 0.542284 0.868798 
0.197265 0.479298 0.752375 0.604789 
0.217164 0.872764 0.971034 0.052163 
0.462890 0.394834 0.337299 0.956722 
0.417759 0.236639 0.623877 0.903473 
0.924663 0.040720 0.497708 0.514725 
0.494901 0.508669 0.532454 0.689536 
0.844989 0.511341 0.146808 0.771217 
0.732665 0.453989 0.253687 0.408477 
0.251644 0.742580 0.884082 0.126677 
0.255318 0.686312 0.556387 0.364117 
0.472270 0.853032 0.354606 0.265884 
0.506337 0.834242 0.148084 0.815739 
0.715106 0.540514 0.259800 0.396449 
0.420435 0.352255 0.626326 0.244428 
0.419947 0.750888 0.537935 0.386232 
0.945462 0.740274 0.016648 0.404455 
0.642981 0.129878 0.183759 0.870552 
0.257675 0.215870 0.934763 0.444222 
0.586240 0.261201 0.667310 0.114522 
0.287477 0.543205 0.837629 0.422980 
0.576652 0.669268 0.639774 0.101622 
0.185287 0.668668 0.265027 0.750278 
0.171862 0.344093 0.760452 0.642992 
0.483975 0.641553 0.777585 0.375694 
0.207519 0.584068 0.938651 0.210499 
0.288481 0.675005 0.290282 0.593996 
0.500957 0.157090 0.496383 0.886071 
0.739883 0.401571 0.080858 0.716776 
0.324589 0.833160 0.655255 0.417863 
0.599730 0.232206 0.439880 0.809165 
0.279925 0.658479 0.789882 0.358979 
0.717814 0.628821 0.362852 0.578312 
0.045432 0.514290 0.675952 0.706119 
0.330447 0.823450 0.247477 0.738766 
0.681114 0.760714 0.175737 0.168643 
0.387608 0.655642 0.357758 0.636580 
0.500736 0.225169 0.607374 0.436738 
0.234314 0.824760 0.065763 0.781320 
0.488576 0.967040 0.366302 0.361469 
0.652033 0.148441 0.871422 0.491192 
0.992651 0.474472 0.400639 0.161057 
0.400904 0.290403 0.761488 0.611129 
0.707777 0.937617 0.297645 0.148805 
0.103563 0.718992 0.423621 0.524519 
0.918902 0.685844 0.167536 0.108597 
0.264713 0.953288 0.498016 0.354629 
0.237298 0.571385 0.371137 0.940416 
0.452590 0.277483 0.755531 0.388966 
0.658377 0.598870 0.371519 0.424115 
0.241804 0.257341 0.939671 0.364681 
0.357228 0.882243 0.208304 0.673063 
0.418383 0.447302 0.432567 0.591428 
0.031506 0.900429 0.333746 0.864331 
0.602259 0.312303 0.379067 0.436696 
0.689582 0.773026 0.140750 0.440187 
0.529895 0.541669 0.349924 0.550888 
0.616593 0.628587 0.101964 0.519027 
0.772814 0.737582 0.271674 0.292686 
0.881381 0.648213 0.567964 0.130764 
0.741384 0.168322 0.500151 0.367393 
0.837540 0.286814 0.007239 0.828541 
0.340528 0.811178 0.468254 0.467819 
0.976842 0.478404 0.521045 0.071707 
0.743026 0.543115 0.697625 0.212546 
0.012101 0.187836 0.997463 0.630455 
0.576165 0.414466 0.968315 0.097033 
0.843641 0.407909 0.156664 0.694398 
0.293644 0.712477 0.303142 0.337604 
0.486474 0.757162 0.052405 0.626704 
0.584683 0.039613 0.562280 0.804508 
0.635260 0.517538 0.148446 0.726377 
0.095021 0.557626 0.708830 0.583422 
0.291733 0.209383 0.913859 0.262258 
0.191375 0.935142 0.093405 0.940138 
0.294628 0.663785 0.875010 0.204305 
0.376460 0.676434 0.300366 0.520404 
0.550919 0.332085 0.817028 0.281258 
0.364845 0.394797 0.902096 0.496631 
0.116129 0.876995 0.684690 0.109668 
0.691696 0.295362 0.418990 0.431138 
0.149341 0.532382 0.121204 0.888185 
0.444987 0.130560 0.837742 0.392418 
0.120048 0.819231 0.584078 0.333567 
0.629934 0.800763 0.009273 0.607403 
0.235322 0.749266 0.453037 0.697755 
0.336771 0.169849 0.706791 0.483038 
0.165054 0.833302 0.698052 0.197570 
0.694799 0.495504 0.619114 0.103396 
0.670253 0.558970 0.227778 0.487347 
0.810042 0.206821 0.587708 0.296562 
0.490256 0.834827 0.082006 0.635120 
0.440845 0.021059 0.355365 0.963293 
0.404778 0.750885 0.417228 0.194226 
0.585083 0.955399 0.112162 0.225889 
0.190993 0.887455 0.462734 0.214015 
0.215266 0.645360 0.866345 0.230566 
0.314603 0.838240 0.366326 0.589678 
0.504745 0.998638 0.111851 0.103719 
0.151016 0.530974 0.507360 0.765190 
0.627920 0.223622 0.648205 0.578956 
0.934274 0.647402 0.417906 0.023370 
0.563706 0.120258 0.681719 0.375985 
0.424191 0.590138 0.598715 0.551278 
0.688711 0.543552 0.660306 0.045032 
0.546507 0.219176 0.529500 0.701995 
0.333975 0.369283 0.597926 0.586580 
0.670891 0.454823 0.333631 0.594090 
0.299588 0.578354 0.897135 0.207777 
0.551963 0.531978 0.653892 0.537808 
0.446296 0.984962 0.265907 0.102824 
0.732818 0.176542 0.563962 0.816263 
0.553225 0.400284 0.292235 0.699678 
0.789415 0.303683 0.818477 0.228602 
0.335546 0.976647 0.252404 0.410122 
0.941997 0.493427 0.247133 0.079792 
0.938590 0.258268 0.182015 0.753135 
0.299290 0.565032 0.984191 0.136945 
0.736293 0.102530 0.406026 0.412330 
0.899300 0.472892 0.064518 0.361431 
0.241269 0.521652 0.780958 0.379775 
0.514676 0.757458 0.009778 0.803289 
0.890469 0.078248 0.726143 0.113655 
0.651971 0.448297 0.584326 0.396531 
0.518396 0.363866 0.678029 0.575571 
0.663419 0.308522 0.083964 0.881762 
0.829090 0.515045 0.098300 0.531514 
0.418006 0.587532 0.789853 0.244961 
0.572684 0.441878 0.484377 0.753868 
0.915138 0.154218 0.580387 0.278197 
0.518191 0.620329 0.201735 0.470810 
0.323797 0.484244 0.788724 0.542174 
0.325901 0.644783 0.532059 0.055214 
0.630179 0.383051 0.948678 0.420149 
0.300186 0.838956 0.302401 0.526948 
0.724490 0.189543 0.282187 0.929852 
0.480701 0.303945 0.367112 0.581239 
0.698766 0.168433 0.516420 0.606099 
0.208936 0.963036 0.066278 0.819635 
0.829614 0.111632 0.592350 0.209576 
0.801025 0.240178 0.842894 0.097236 
0.239661 0.289728 0.522207 0.569576 
0.297997 0.966934 0.741923 0.365069 
0.894444 0.532180 0.624070 0.002098 
0.446296 0.700862 0.709466 0.381188 
0.941087 0.606095 0.199838 0.326705 
0.953945 0.461778 0.517506 0.054612 
0.593016 0.951834 0.201827 0.002181 
0.036091 0.666321 0.732861 0.646132 
0.313422 0.585796 0.445659 0.623237 
0.542024 0.438071 0.549672 0.470217 
0.587935 0.138279 0.803132 0.653574 
0.065035 0.875195 0.511600 0.618561 
0.550567 0.872168 0.451092 0.384059 
0.862940 0.543833 0.134266 0.614684 
0.309963 0.635250 0.892184 0.371317 
0.605904 0.556862 0.221582 0.420110 
0.218368 0.500417 0.851929 0.411488 
0.537070 0.813268 0.061669 0.447145 
0.002442 0.677935 0.703840 0.810257 
0.122704 0.942796 0.030888 0.813627 
0.510690 0.173516 0.867272 0.892939 
0.541272 0.952500 0.436169 0.064263 
0.231325 0.732920 0.644715 0.430068 
0.592068 0.917078 0.227207 0.206945 
0.500690 0.152251 0.601602 0.706674 
0.230566 0.711908 0.241883 0.943672 
0.612191 0.408637 0.006669 0.733173 
0.416420 0.507031 0.126330 0.854004 
0.644293 0.664505 0.212011 0.284759 
0.812707 0.160211 0.270870 0.909275 
0.812656 0.189469 0.629076 0.432653 
0.909830 0.563183 0.018452 0.438560 
0.448554 0.751799 0.483427 0.119215 
0.474733 0.100407 0.559011 0.924010 
0.338145 0.644280 0.568010 0.547016 
0.263126 0.676277 0.213217 0.929938 
0.442687 0.267531 0.852269 0.389814 
0.322267 0.728388 0.427755 0.148161 
0.581363 0.170864 0.870637 0.478706 
0.043848 0.958204 0.211932 0.763410 
0.302662 0.896825 0.127377 0.843179 
0.443530 0.687225 0.198852 0.450074 
0.484841 0.414847 0.819463 0.328387 
0.586515 0.367624 0.189648 0.721862 
0.053817 0.568311 0.680980 0.876516 
0.533471 0.209848 0.538894 0.961308 
0.375441 0.448915 0.936590 0.633925 
0.363555 0.648555 0.324737 0.547168 
0.886778 0.159226 0.119578 0.466437 
0.374142 0.955828 0.099166 0.572488 
0.381447 0.596833 0.062661 0.742271 
0.338977 0.856008 0.275187 0.550147 
0.567831 0.720429 0.249229 0.726997 
0.812415 0.257445 0.227999 0.595210 
0.415450 0.592537 0.134035 0.927452 
0.897278 0.419398 0.531865 0.326439 
0.501693 0.813121 0.169685 0.347465 
0.376475 0.546460 0.350987 0.554686 
0.196996 0.092596 0.994943 0.643228 
0.745611 0.452619 0.651144 0.305530 
0.473859 0.851492 0.322300 0.480266 
0.108886 0.449923 0.382998 0.998132 
0.384685 0.403379 0.837748 0.324023 
0.578815 0.186779 0.985940 0.193148 
0.878859 0.357544 0.361269 0.448850 
0.736161 0.377299 0.039565 0.582344 
0.499161 0.576179 0.062937 0.901531 
0.602405 0.223331 0.781598 0.318855 
0.639173 0.515288 0.436487 0.451176 
0.490381 0.451288 0.752505 0.302100 
0.812657 0.130505 0.900549 0.232069 
0.981007 0.136575 0.871909 0.145834 
0.984790 0.010033 0.776058 0.083430 
0.806680 0.117862 0.510847 0.310873 
0.737920 0.115140 0.589006 0.562832 
0.761284 0.484124 0.664441 0.127859 
0.334422 0.622963 0.534138 0.322607 
0.538199 0.923075 0.057318 0.258986 
0.727155 0.291097 0.939606 0.368202 
0.000952 0.921133 0.227583 0.951677 
0.357603 0.493153 0.914686 0.010031 
0.890206 0.561474 0.263970 0.586904 
0.264832 0.769665 0.528587 0.410925 
0.943136 0.767760 0.240265 0.034262 
0.211373 0.823644 0.872620 0.174505 
0.884696 0.179279 0.635009 0.348216 
0.787124 0.527330 0.753867 0.141178 
0.717513 0.331708 0.486033 0.503112 
0.436476 0.130901 0.766373 0.550406 
0.437971 0.258191 0.526471 0.562714 
0.867754 0.366060 0.599567 0.124693 
0.508633 0.605754 0.562658 0.578960 
0.041018 0.823430 0.459286 0.335087 
0.360038 0.486244 0.389808 0.677608 
0.979921 0.190929 0.152806 0.563889 
0.120206 0.901449 0.564717 0.403966 
0.100841 0.418753 0.482912 0.975386 
0.421916 0.712466 0.200631 0.575483 
0.784550 0.215704 0.206104 0.838908 
0.151840 0.194890 0.444731 0.994598 
0.478648 0.491494 0.156492 0.891469 
0.322032 0.907778 0.245064 0.279319 
0.284358 0.207342 0.845213 0.518170 
0.006174 0.850171 0.574282 0.198062 
0.443486 0.990381 0.629816 0.183563 
0.603966 0.724308 0.112703 0.559143 
0.096249 0.512785 0.437798 0.948477 
0.963149 0.436676 0.506958 0.214595 
0.962317 0.336413 0.040588 0.704513 
0.197664 0.832282 0.405360 0.409885 
0.460083 0.490418 0.620326 0.167594 
0.444610 0.040127 0.658550 0.920866 
0.049021 0.395980 0.703825 0.599479 
0.371859 0.905418 0.170076 0.235693 
0.646161 0.537365 0.356742 0.654918 
0.845396 0.551646 0.305328 0.610050 
0.934051 0.449484 0.193543 0.162603 
0.804370 0.319699 0.475384 0.299289 
0.589606 0.565633 0.195084 0.561653 
0.500129 0.778032 0.581668 0.619900 
0.633580 0.846996 0.194719 0.261534 
0.495092 0.012455 0.603623 0.957069 
0.242185 0.547717 0.726956 0.198911 
0.143162 0.752002 0.090077 0.966355 
