1000 4
0.880495 0.584191 0.675245 0.739795 
0.709681 0.856633 0.750733 0.755601 
0.535780 0.677795 0.457503 0.755801 
0.828783 0.740503 0.788469 0.784949 
0.379195 0.393268 0.512587 0.591207 
0.333469 0.397070 0.411750 0.327456 
0.459527 0.324372 0.707713 0.604266 
0.487892 0.467849 0.382756 0.766824 
0.248963 0.305252 0.298931 0.373684 
0.561460 0.353639 0.401647 0.462984 
0.310280 0.291806 0.210376 0.402228 
0.395729 0.388252 0.267967 0.304511 
0.395417 0.293915 0.373974 0.352711 
0.181364 0.288602 0.208622 0.287261 
0.528527 0.516266 0.305919 0.465118 
0.286748 0.535147 0.374654 0.749775 
0.284593 0.638529 0.627700 0.638160 
0.411096 0.534253 0.487795 0.765027 
0.282703 0.526038 0.579747 0.429830 
0.802680 0.633977 0.599202 0.631977 
0.909861 0.804764 0.893969 0.827296 
0.294268 0.333715 0.384820 0.332638 
0.234598 0.191027 0.157805 0.117119 
0.544357 0.326067 0.574245 0.263187 
0.642969 0.383768 0.727621 0.591253 
0.497316 0.173885 0.559559 0.215761 
0.800890 0.421279 0.685942 0.681664 
0.564133 0.337204 0.458905 0.506121 
0.389681 0.736237 0.580593 0.568200 
0.453164 0.307025 0.275601 0.578551 
0.556889 0.605597 0.480895 0.513395 
0.379978 0.520508 0.434336 0.455645 
0.581349 0.346172 0.602007 0.291948 
0.362687 0.756818 0.530092 0.865214 
0.428148 0.286135 0.498533 0.422384 
0.679060 0.715398 0.883684 0.599971 
0.191585 0.452863 0.441508 0.373308 
0.594266 0.266089 0.503770 0.483193 
0.369035 0.451638 0.525093 0.521909 
0.529256 0.504680 0.583214 0.423290 
0.776356 0.855332 0.747980 0.759972 
0.595240 0.723037 0.649285 0.705293 
0.736139 0.724015 0.658752 0.688581 
0.711079 0.545375 0.701808 0.775353 
0.318415 0.527821 0.289348 0.728143 
0.483325 0.307299 0.410674 0.706248 
0.408008 0.627533 0.563117 0.488975 
0.321514 0.391490 0.306663 0.246552 
0.517454 0.612115 0.531156 0.642222 
0.781953 0.456619 0.688647 0.599816 
0.570411 0.565653 0.547399 0.434530 
0.552026 0.392741 0.329672 0.291722 
0.625296 0.502393 0.677791 0.577961 
0.786926 0.877624 0.803509 0.845346 
0.305276 0.424663 0.509173 0.481550 
0.228685 0.479489 0.614661 0.524015 
0.489700 0.664526 0.630613 0.605614 
0.404701 0.314381 0.600755 0.445317 
0.435234 0.471006 0.461473 0.550750 
0.111733 0.093721 0.122792 0.080125 
0.641357 0.519049 0.480408 0.448720 
0.720422 0.691180 0.789295 0.705731 
0.719375 0.826397 0.632555 0.798044 
0.743630 0.379201 0.664937 0.406520 
0.183447 0.556201 0.356801 0.429230 
0.648695 0.509032 0.502177 0.624196 
0.753588 0.825327 0.767089 0.800179 
0.383266 0.483504 0.557604 0.377585 
0.486295 0.419889 0.431694 0.286354 
0.667883 0.611747 0.582517 0.765917 
0.498632 0.878403 0.159023 0.662850 
0.716494 0.761124 0.738919 0.812978 
0.520151 0.705783 0.235651 0.661215 
0.759453 0.818824 0.696379 0.864091 
0.498648 0.434922 0.728429 0.509388 
0.468459 0.340874 0.741753 0.340657 
0.557978 0.596518 0.698211 0.592808 
0.342263 0.480584 0.272426 0.621423 
0.375347 0.415097 0.668091 0.415932 
0.604836 0.803391 0.283773 0.728843 
0.829765 0.864748 0.818977 0.850630 
0.682748 0.641619 0.654950 0.748195 
0.606082 0.668847 0.455477 0.498933 
0.390833 0.380217 0.451631 0.410397 
0.533592 0.531260 0.611149 0.542857 
0.267025 0.164238 0.207316 0.260124 
0.367454 0.564179 0.626409 0.454263 
0.254006 0.253668 0.434257 0.230393 
0.689136 0.763065 0.497704 0.517903 
0.445988 0.498972 0.322730 0.540283 
0.231268 0.268832 0.426765 0.307162 
0.437201 0.649609 0.442407 0.790072 
0.520635 0.403072 0.668018 0.622435 
0.549014 0.340417 0.348879 0.415578 
0.234903 0.414109 0.464268 0.453748 
0.383698 0.647724 0.374807 0.533625 
0.459547 0.440911 0.470062 0.476940 
0.239638 0.185905 0.252613 0.214228 
0.835309 0.495662 0.729692 0.582717 
0.700810 0.811442 0.714943 0.767001 
0.770103 0.378387 0.623093 0.332101 
0.511409 0.657308 0.776455 0.460142 
0.324154 0.422139 0.277398 0.555155 
0.279212 0.360535 0.302726 0.396412 
0.437333 0.353158 0.348724 0.503563 
0.207124 0.436773 0.275520 0.303951 
0.608664 0.487449 0.484255 0.481015 
0.329888 0.265290 0.310710 0.406629 
0.390327 0.611054 0.305205 0.753842 
0.238383 0.531624 0.617175 0.405233 
0.348167 0.470521 0.600566 0.599304 
0.632969 0.556222 0.698283 0.658222 
0.610788 0.502439 0.483852 0.482662 
0.442138 0.486537 0.274676 0.559049 
0.570480 0.647415 0.796496 0.652709 
0.617529 0.651848 0.756968 0.663696 
0.501609 0.501625 0.520187 0.406318 
0.835035 0.771731 0.747451 0.661845 
0.485232 0.572173 0.597897 0.721732 
0.266394 0.587414 0.511184 0.618648 
0.762570 0.411725 0.762930 0.509011 
0.652399 0.546723 0.560987 0.583269 
0.275313 0.236161 0.331816 0.365905 
0.706232 0.656756 0.674481 0.437266 
0.358669 0.347379 0.174360 0.344880 
0.432204 0.397881 0.174129 0.374775 
0.279613 0.415377 0.419347 0.470286 
0.415896 0.388318 0.215674 0.435719 
0.822701 0.764977 0.768944 0.714369 
0.642961 0.631215 0.458177 0.722217 
0.385666 0.383688 0.603033 0.468513 
0.524646 0.754725 0.461241 0.802979 
0.580496 0.538784 0.620108 0.462544 
0.208101 0.536067 0.300081 0.556917 
0.356145 0.368186 0.377639 0.315252 
0.729642 0.738396 0.572263 0.720178 
0.655112 0.338590 0.479249 0.207145 
0.265148 0.385033 0.422388 0.404955 
0.375270 0.511265 0.373318 0.460985 
0.778693 0.800172 0.824042 0.645907 
0.396160 0.552434 0.405479 0.404090 
0.740360 0.649382 0.758085 0.708137 
0.536944 0.470711 0.571329 0.631942 
0.484102 0.668804 0.405460 0.748204 
0.271565 0.349807 0.276666 0.357051 
0.736727 0.481456 0.642998 0.515066 
0.560282 0.458555 0.558568 0.465566 
0.713224 0.652940 0.683688 0.684807 
0.746871 0.632434 0.666825 0.761121 
0.597208 0.335142 0.435335 0.410431 
0.249460 0.388959 0.493310 0.356540 
0.404653 0.257388 0.486299 0.498876 
0.339966 0.524202 0.401543 0.649059 
0.534065 0.507435 0.608694 0.732305 
0.679645 0.589454 0.704422 0.694036 
0.506862 0.451546 0.735467 0.452578 
0.620938 0.801408 0.622572 0.558238 
0.750847 0.697444 0.692862 0.763226 
0.244703 0.466830 0.413801 0.374577 
0.250518 0.611649 0.407001 0.521593 
0.515262 0.497253 0.400563 0.409179 
0.592730 0.363934 0.425770 0.353258 
0.409043 0.563358 0.151729 0.514618 
0.477636 0.686729 0.245601 0.519927 
0.548172 0.569844 0.712793 0.610911 
0.344912 0.197812 0.366371 0.456925 
0.655790 0.587826 0.389876 0.471948 
0.463460 0.619089 0.487425 0.604840 
0.419839 0.550908 0.410029 0.435432 
0.479354 0.255400 0.439812 0.278012 
0.732038 0.532974 0.583969 0.677447 
0.571117 0.558036 0.528144 0.592902 
0.148402 0.147119 0.153230 0.113300 
0.446635 0.567521 0.414477 0.408321 
0.589790 0.489819 0.684569 0.375337 
0.466859 0.612290 0.641370 0.486349 
0.581140 0.592092 0.566364 0.555168 
0.187053 0.442161 0.448899 0.605688 
0.205914 0.643843 0.254435 0.672574 
0.634515 0.284138 0.823936 0.350912 
0.715555 0.721277 0.731846 0.782464 
0.317714 0.361360 0.455344 0.247508 
0.356990 0.426689 0.365543 0.631209 
0.365340 0.591605 0.293899 0.584069 
0.732387 0.677916 0.812004 0.588865 
0.310861 0.468844 0.597831 0.667170 
0.518233 0.666753 0.753157 0.596658 
0.446871 0.541602 0.250084 0.541316 
0.391714 0.335618 0.366125 0.369604 
0.330268 0.368182 0.192910 0.257318 
0.443371 0.592729 0.621703 0.471390 
0.514372 0.611420 0.581566 0.646613 
0.440386 0.614449 0.345118 0.350939 
0.680150 0.519099 0.603603 0.367437 
0.190209 0.144678 0.157143 0.293707 
0.397449 0.474625 0.336810 0.408483 
0.346996 0.563285 0.714320 0.600175 
0.380501 0.571717 0.385676 0.319413 
0.242388 0.112170 0.266415 0.277816 
0.881742 0.820008 0.859834 0.842297 
0.498740 0.440688 0.578583 0.623341 
0.622191 0.686223 0.651013 0.647959 
0.579101 0.515345 0.749083 0.677894 
0.677408 0.499733 0.733649 0.717703 
0.805291 0.736865 0.716360 0.708553 
0.541550 0.739246 0.191284 0.447685 
0.584992 0.553877 0.687732 0.301232 
0.431289 0.514740 0.482160 0.263736 
0.318199 0.562954 0.342729 0.550392 
0.385886 0.772107 0.330795 0.770292 
0.388777 0.314617 0.437355 0.229194 
0.232511 0.340220 0.288864 0.339027 
0.878702 0.857150 0.836308 0.841030 
0.251675 0.463573 0.462953 0.710734 
0.646694 0.524416 0.151705 0.546544 
0.141738 0.308455 0.205398 0.215237 
0.401517 0.696573 0.295077 0.501309 
0.586433 0.721348 0.573292 0.627487 
0.703870 0.675712 0.728978 0.564990 
0.448889 0.443533 0.524326 0.478773 
0.596932 0.324098 0.573741 0.377736 
0.439093 0.420356 0.549888 0.457066 
0.542117 0.333772 0.595950 0.637518 
0.603284 0.508685 0.610036 0.816421 
0.235229 0.113166 0.170170 0.160595 
0.405313 0.383064 0.334430 0.335458 
0.542022 0.561018 0.449090 0.453170 
0.385158 0.717275 0.602980 0.549273 
0.577232 0.537868 0.670964 0.486021 
0.776779 0.837136 0.733938 0.786425 
0.367809 0.459478 0.379870 0.484118 
0.477863 0.532506 0.615363 0.720321 
0.372376 0.631493 0.348143 0.523034 
0.070849 0.037791 0.107890 0.046479 
0.126435 0.455760 0.399500 0.286155 
0.616040 0.275286 0.538485 0.589687 
0.226695 0.307670 0.280464 0.246173 
0.847705 0.908057 0.832849 0.831389 
0.300085 0.503803 0.185372 0.422546 
0.157436 0.394436 0.190900 0.414856 
0.197617 0.423744 0.376723 0.374332 
0.565151 0.635396 0.634354 0.742195 
0.720313 0.756044 0.713487 0.578614 
0.732233 0.654518 0.586014 0.640422 
0.244511 0.230919 0.286063 0.244524 
0.327603 0.363956 0.498676 0.344506 
0.334324 0.558203 0.305256 0.472793 
0.604616 0.353432 0.424049 0.509561 
0.706334 0.284447 0.547221 0.631230 
0.386202 0.408075 0.532481 0.467486 
0.299121 0.606081 0.363447 0.382881 
0.313107 0.215254 0.282431 0.340979 
0.406053 0.573365 0.358317 0.523860 
0.644322 0.696813 0.608595 0.474915 
0.266858 0.179337 0.359913 0.152113 
0.552476 0.615359 0.643136 0.447739 
0.654344 0.724180 0.856247 0.657198 
0.350738 0.550732 0.290102 0.656931 
0.622791 0.425352 0.719108 0.476417 
0.501044 0.371142 0.616544 0.399924 
0.499278 0.398344 0.553255 0.358966 
0.308960 0.239793 0.349297 0.326630 
0.409442 0.573087 0.441304 0.438642 
0.406942 0.581312 0.358852 0.426015 
0.726984 0.819272 0.735860 0.725431 
0.216732 0.388456 0.530306 0.544901 
0.505827 0.200946 0.587355 0.460735 
0.492792 0.376101 0.479941 0.832128 
0.341086 0.464973 0.448510 0.410672 
0.691969 0.504605 0.811845 0.714614 
0.431077 0.485171 0.418809 0.363622 
0.629498 0.474178 0.472085 0.466316 
0.483022 0.615753 0.367918 0.570525 
0.311322 0.324469 0.449289 0.293401 
0.564174 0.470077 0.748665 0.760554 
0.602932 0.646465 0.609195 0.729774 
0.630752 0.687606 0.467705 0.436870 
0.358549 0.577125 0.607612 0.301561 
0.682550 0.600781 0.777470 0.636258 
0.470655 0.389753 0.410868 0.408826 
0.457038 0.478999 0.444570 0.609822 
0.331322 0.197666 0.187885 0.237679 
0.283718 0.389078 0.296423 0.650624 
0.562769 0.423845 0.413547 0.543113 
0.450834 0.411303 0.283061 0.481285 
0.591521 0.640641 0.478572 0.607427 
0.654516 0.507615 0.644348 0.594101 
0.442272 0.473588 0.530550 0.321311 
0.318539 0.364113 0.528815 0.444626 
0.717595 0.413477 0.652966 0.552547 
0.642283 0.718675 0.572636 0.749097 
0.484074 0.222241 0.333845 0.549373 
0.323316 0.381946 0.597720 0.386534 
0.781985 0.781467 0.746048 0.711621 
0.566393 0.388346 0.275547 0.604561 
0.769356 0.775574 0.771742 0.810111 
0.427552 0.585891 0.591138 0.578410 
0.640913 0.696328 0.729073 0.694085 
0.753819 0.686056 0.693385 0.725897 
0.410933 0.259328 0.319555 0.604916 
0.382535 0.422015 0.405931 0.296881 
0.571714 0.486398 0.536965 0.510889 
0.353157 0.320082 0.439483 0.397816 
0.347181 0.462952 0.416449 0.348159 
0.536225 0.696895 0.436248 0.674997 
0.553733 0.218304 0.515878 0.275155 
0.641816 0.643761 0.690816 0.663300 
0.481371 0.387687 0.301657 0.428606 
0.402979 0.555683 0.446020 0.224529 
0.784602 0.591134 0.428603 0.705175 
0.721642 0.544326 0.611570 0.451775 
0.402838 0.192318 0.532665 0.193152 
0.232985 0.177339 0.238005 0.126748 
0.528852 0.630629 0.553625 0.733944 
0.386777 0.508104 0.520122 0.414043 
0.233459 0.385062 0.270350 0.392523 
0.341897 0.332476 0.335342 0.417378 
0.655851 0.722995 0.797452 0.712272 
0.587949 0.839445 0.728658 0.577127 
0.152140 0.635120 0.600834 0.703444 
0.680841 0.598748 0.502197 0.431989 
0.551599 0.622678 0.364195 0.470451 
0.285084 0.438105 0.370249 0.415063 
0.683099 0.614109 0.658519 0.793474 
0.198224 0.440307 0.292462 0.449373 
0.497579 0.584634 0.780867 0.597958 
0.834719 0.870842 0.910184 0.841225 
0.394625 0.548790 0.465380 0.577314 
0.370939 0.765811 0.717772 0.354246 
0.566967 0.516321 0.483181 0.444803 
0.815417 0.576063 0.537539 0.507041 
0.528980 0.313446 0.449521 0.391380 
0.263785 0.204097 0.362915 0.216495 
0.557210 0.753910 0.683623 0.569683 
0.520206 0.391164 0.408656 0.338608 
0.601605 0.557634 0.646786 0.774772 
0.577119 0.359351 0.479836 0.501595 
0.324777 0.528521 0.395438 0.367160 
0.749608 0.715100 0.756742 0.586464 
0.442108 0.322730 0.498988 0.595992 
0.602477 0.461637 0.585682 0.316236 
0.597126 0.732027 0.615715 0.371956 
0.518196 0.579688 0.731491 0.629307 
0.483605 0.682054 0.588761 0.795208 
0.385755 0.410397 0.395828 0.252626 
0.579881 0.369243 0.549066 0.406179 
0.437480 0.446885 0.676168 0.471761 
0.690621 0.498784 0.380106 0.548281 
0.518045 0.552588 0.496738 0.433743 
0.685520 0.661926 0.481746 0.621714 
0.493520 0.620915 0.472754 0.708292 
0.430804 0.463250 0.501884 0.566589 
0.484754 0.586229 0.609814 0.567849 
0.505343 0.516988 0.443186 0.543037 
0.440156 0.584801 0.452890 0.705019 
0.572536 0.275611 0.544688 0.159873 
0.807488 0.658996 0.629861 0.627210 
0.481773 0.536535 0.439201 0.713642 
0.468783 0.454204 0.458820 0.477338 
0.308946 0.232301 0.264650 0.237686 
0.216246 0.175426 0.172353 0.112732 
0.421450 0.270476 0.511952 0.383260 
0.508056 0.865779 0.504040 0.780437 
0.184995 0.314093 0.238097 0.248731 
0.454947 0.267508 0.418715 0.356500 
0.877835 0.453639 0.468520 0.375457 
0.243858 0.266993 0.320766 0.454764 
0.306384 0.394559 0.196843 0.496976 
0.339096 0.196132 0.364933 0.189074 
0.497308 0.394400 0.532601 0.225057 
0.681447 0.584245 0.522790 0.276853 
0.265753 0.283193 0.286646 0.281844 
0.555663 0.669116 0.597883 0.613925 
0.580944 0.733588 0.705844 0.612363 
0.637870 0.490201 0.446507 0.394397 
0.565745 0.778195 0.555552 0.575499 
0.586577 0.660448 0.567641 0.579219 
0.340101 0.256002 0.395967 0.276645 
0.588795 0.631923 0.757295 0.456357 
0.684703 0.781774 0.670763 0.804546 
0.523283 0.544343 0.492009 0.613082 
0.413709 0.230465 0.369823 0.288325 
0.329680 0.376510 0.459139 0.552223 
0.291404 0.161430 0.411089 0.350174 
0.432022 0.565017 0.328250 0.525575 
0.725607 0.789061 0.545978 0.731562 
0.169083 0.223282 0.144213 0.264520 
0.704960 0.714869 0.643929 0.675925 
0.539153 0.302675 0.433366 0.572788 
0.551059 0.511957 0.326708 0.376683 
0.651171 0.750977 0.665635 0.722180 
0.481945 0.327526 0.691106 0.458733 
0.534245 0.264770 0.335380 0.269326 
0.632692 0.655021 0.727290 0.583863 
0.476490 0.420263 0.311587 0.232089 
0.683998 0.581357 0.608274 0.608135 
0.610663 0.445535 0.647862 0.645030 
0.807723 0.764353 0.776105 0.855204 
0.537535 0.703009 0.577788 0.513576 
0.399671 0.364468 0.414673 0.438774 
0.423624 0.198913 0.460110 0.337045 
0.729691 0.434491 0.372533 0.376572 
0.524503 0.472855 0.538532 0.408894 
0.462115 0.600835 0.640703 0.532427 
0.728477 0.639549 0.631572 0.731886 
0.606532 0.540208 0.630850 0.683912 
0.791888 0.780629 0.784215 0.710637 
0.634890 0.451114 0.571743 0.655945 
0.443434 0.454497 0.549802 0.672099 
0.785200 0.856333 0.752053 0.901384 
0.784962 0.783568 0.700193 0.630018 
0.642976 0.394773 0.597619 0.398160 
0.183703 0.329381 0.253268 0.216982 
0.507488 0.360036 0.424163 0.481122 
0.550375 0.487624 0.480299 0.267199 
0.639472 0.699208 0.672204 0.653761 
0.739716 0.853657 0.742265 0.795756 
0.325869 0.310316 0.372730 0.494206 
0.470282 0.627983 0.475439 0.621525 
0.432009 0.644602 0.541386 0.575964 
0.404485 0.715381 0.633548 0.652344 
0.393102 0.405450 0.392029 0.387804 
0.465476 0.408881 0.402684 0.388437 
0.166428 0.248870 0.229118 0.321310 
0.299808 0.196677 0.418768 0.288596 
0.848093 0.728669 0.809105 0.682628 
0.374035 0.520910 0.481170 0.491721 
0.319105 0.475896 0.287524 0.589836 
0.596221 0.571465 0.423569 0.438219 
0.168231 0.303978 0.278408 0.328199 
0.283251 0.527761 0.522161 0.377365 
0.724297 0.572760 0.575973 0.327918 
0.617577 0.560532 0.576275 0.543457 
0.474019 0.538624 0.752553 0.639626 
0.639899 0.468022 0.417961 0.466909 
0.570880 0.591839 0.627903 0.520748 
0.523080 0.598253 0.425744 0.364515 
0.767164 0.622033 0.532217 0.694126 
0.433903 0.457632 0.444783 0.333361 
0.293741 0.449323 0.610309 0.687442 
0.591844 0.566493 0.650610 0.688558 
0.360695 0.346554 0.300311 0.348881 
0.408690 0.345815 0.368133 0.275362 
0.874346 0.913998 0.811823 0.883285 
0.191635 0.587026 0.274375 0.564064 
0.253837 0.474696 0.319731 0.428508 
0.638575 0.497055 0.821129 0.336270 
0.546366 0.437265 0.267912 0.509422 
0.609873 0.355888 0.441869 0.261425 
0.555578 0.417316 0.440536 0.363111 
0.550558 0.530487 0.530692 0.347188 
0.800256 0.875828 0.798286 0.736122 
0.632894 0.776917 0.586149 0.614475 
0.544341 0.529405 0.681100 0.541378 
0.433481 0.653622 0.634437 0.616174 
0.217683 0.289423 0.181751 0.242176 
0.780390 0.554869 0.594773 0.523804 
0.217679 0.288365 0.401729 0.308996 
0.706321 0.642742 0.749947 0.728200 
0.212924 0.292830 0.436474 0.368045 
0.516050 0.449596 0.315229 0.407272 
0.503407 0.375345 0.468570 0.323846 
0.611017 0.408535 0.473609 0.606268 
0.687904 0.536759 0.704352 0.817889 
0.781970 0.863055 0.861825 0.761080 
0.554176 0.541014 0.450961 0.529233 
0.607319 0.551937 0.623441 0.457380 
0.686494 0.626776 0.776149 0.673921 
0.532167 0.190283 0.549999 0.296776 
0.605630 0.521293 0.664408 0.557206 
0.770429 0.770922 0.722755 0.666021 
0.422963 0.260653 0.449585 0.514371 
0.706144 0.524175 0.356301 0.625316 
0.715352 0.668557 0.638516 0.438288 
0.609688 0.554300 0.731458 0.648753 
0.563734 0.657183 0.271801 0.713089 
0.393167 0.668096 0.360008 0.630395 
0.613407 0.635160 0.603308 0.742986 
0.634607 0.829564 0.508589 0.720021 
0.691112 0.804213 0.773180 0.834433 
0.524928 0.404240 0.442923 0.502561 
0.429589 0.421495 0.326625 0.519332 
0.284418 0.401874 0.285002 0.428444 
0.644271 0.755851 0.661909 0.636540 
0.510368 0.430104 0.484912 0.315218 
0.289852 0.205940 0.271766 0.239194 
0.156446 0.200755 0.127529 0.172609 
0.526474 0.624809 0.572485 0.330105 
0.399222 0.266361 0.378485 0.200474 
0.812560 0.732018 0.694544 0.750690 
0.176903 0.199571 0.156874 0.141489 
0.545939 0.680805 0.683691 0.508923 
0.555276 0.602079 0.458219 0.457247 
0.219391 0.328234 0.314149 0.250763 
0.683952 0.661617 0.681156 0.806473 
0.622494 0.241445 0.424970 0.641240 
0.500775 0.651959 0.573684 0.564529 
0.141264 0.216918 0.219001 0.081861 
0.482454 0.416516 0.532809 0.414847 
0.445993 0.318424 0.556765 0.284526 
0.408871 0.529533 0.599195 0.463036 
0.327048 0.243398 0.382071 0.307696 
0.515737 0.687933 0.533350 0.600650 
0.281433 0.449669 0.330576 0.398362 
0.407887 0.556693 0.414272 0.468850 
0.472456 0.490995 0.715111 0.502083 
0.668335 0.797382 0.694708 0.752298 
0.712004 0.663858 0.543322 0.573680 
0.780833 0.821387 0.726617 0.737174 
0.569321 0.643109 0.420539 0.701184 
0.652601 0.436330 0.469971 0.434126 
0.421138 0.440448 0.441150 0.435574 
0.690802 0.837825 0.520637 0.689506 
0.583519 0.772623 0.565408 0.603697 
0.222601 0.159786 0.206721 0.181675 
0.411050 0.569005 0.369432 0.542960 
0.521487 0.512237 0.269899 0.407231 
0.516069 0.465385 0.549662 0.319144 
0.308175 0.404646 0.319487 0.374659 
0.350445 0.275491 0.348311 0.300571 
0.652205 0.671708 0.707007 0.687479 
0.569647 0.919454 0.468228 0.861484 
0.422818 0.398608 0.432925 0.405896 
0.386177 0.285735 0.512152 0.520169 
0.530295 0.672338 0.597577 0.592917 
0.168996 0.175562 0.169542 0.164484 
0.438473 0.466702 0.543595 0.708358 
0.565585 0.503338 0.535322 0.600699 
0.455949 0.593389 0.320740 0.440392 
0.547421 0.649154 0.242835 0.391036 
0.375404 0.153495 0.313568 0.086593 
0.409944 0.540657 0.570576 0.356828 
0.447490 0.684151 0.583490 0.609540 
0.673363 0.624709 0.710744 0.553396 
0.523724 0.479014 0.637404 0.488014 
0.239781 0.362388 0.205288 0.296645 
0.711350 0.552371 0.526408 0.369936 
0.549849 0.352840 0.680341 0.337164 
0.354439 0.338904 0.454104 0.308025 
0.560914 0.531893 0.672002 0.385206 
0.329018 0.431170 0.352771 0.415147 
0.633745 0.614787 0.461543 0.594894 
0.613103 0.608981 0.469576 0.571452 
0.150446 0.397172 0.111180 0.405388 
0.336620 0.711640 0.496223 0.625251 
0.793361 0.591421 0.807661 0.850123 
0.680436 0.543043 0.592129 0.737210 
0.419743 0.327528 0.422996 0.265616 
0.416791 0.334289 0.277150 0.340612 
0.701089 0.748451 0.755114 0.706409 
0.251920 0.340374 0.480447 0.438753 
0.451908 0.320106 0.604644 0.355134 
0.445672 0.523794 0.506220 0.362607 
0.435744 0.563988 0.403925 0.386200 
0.217064 0.618641 0.506094 0.510314 
0.563135 0.530228 0.147320 0.518197 
0.851300 0.781864 0.759945 0.658540 
0.294077 0.250124 0.160277 0.220575 
0.701159 0.299379 0.670120 0.406355 
0.368694 0.349160 0.177925 0.363713 
0.549436 0.665984 0.518371 0.370248 
0.595471 0.581989 0.496059 0.411070 
0.365459 0.787257 0.487610 0.614216 
0.425715 0.474457 0.460537 0.451913 
0.232826 0.329310 0.257296 0.397364 
0.765256 0.337717 0.573039 0.389624 
0.735238 0.567419 0.561553 0.504312 
0.580442 0.435351 0.584717 0.432701 
0.214457 0.597304 0.502283 0.581179 
0.790373 0.787830 0.738798 0.755727 
0.371785 0.432423 0.355783 0.548901 
0.617207 0.619743 0.654432 0.695661 
0.292285 0.173137 0.248930 0.224361 
0.409658 0.323902 0.562313 0.479546 
0.662908 0.617957 0.512610 0.618762 
0.537969 0.653867 0.677208 0.688311 
0.579178 0.414656 0.565668 0.340231 
0.755223 0.675739 0.763582 0.824701 
0.353702 0.414994 0.366058 0.425478 
0.662985 0.654185 0.587796 0.739022 
0.447028 0.399490 0.345861 0.359043 
0.661310 0.622791 0.685663 0.661980 
0.864122 0.684298 0.770604 0.794743 
0.563889 0.341090 0.743283 0.618432 
0.414913 0.194126 0.309797 0.394003 
0.580977 0.772051 0.604870 0.681764 
0.360805 0.373968 0.394908 0.210136 
0.381287 0.556661 0.644519 0.553181 
0.332490 0.315341 0.254649 0.416974 
0.294138 0.703372 0.494688 0.317142 
0.213627 0.430708 0.379533 0.429051 
0.430276 0.632013 0.394866 0.463968 
0.482709 0.255870 0.784814 0.368316 
0.465979 0.529364 0.308044 0.597743 
0.506046 0.545830 0.414233 0.373945 
0.475969 0.398767 0.241825 0.546951 
0.258283 0.514955 0.340180 0.570842 
0.393382 0.395578 0.234917 0.413524 
0.724714 0.832373 0.800683 0.673553 
0.190054 0.176589 0.243839 0.285194 
0.288504 0.528264 0.459272 0.295872 
0.678446 0.492215 0.530113 0.651448 
0.470169 0.562081 0.463275 0.540579 
0.807136 0.634975 0.770024 0.537682 
0.678915 0.650498 0.535832 0.546508 
0.433868 0.326452 0.295947 0.275262 
0.615145 0.641728 0.626610 0.452530 
0.514256 0.414602 0.597083 0.633574 
0.607336 0.538036 0.493989 0.766094 
0.552705 0.527610 0.439849 0.561698 
0.441774 0.425096 0.353592 0.405092 
0.234175 0.277192 0.355573 0.343490 
0.434741 0.306312 0.412510 0.381626 
0.704456 0.623241 0.616540 0.534516 
0.521761 0.335359 0.519691 0.446162 
0.440031 0.445978 0.383543 0.372812 
0.417156 0.360617 0.478808 0.603869 
0.538303 0.595015 0.538059 0.480313 
0.609743 0.476108 0.524257 0.626237 
0.332728 0.620327 0.345182 0.504047 
0.540221 0.544453 0.465012 0.509243 
0.292958 0.359296 0.391780 0.318223 
0.484380 0.355132 0.484361 0.476326 
0.494353 0.516344 0.370122 0.525092 
0.330292 0.339945 0.374632 0.332083 
0.578427 0.531423 0.385239 0.330321 
0.216858 0.445864 0.271406 0.389341 
0.543051 0.511764 0.606161 0.548416 
0.650959 0.670406 0.548772 0.600600 
0.363942 0.691285 0.420131 0.762820 
0.609593 0.465406 0.641420 0.649642 
0.317873 0.489884 0.383289 0.291292 
0.865714 0.917665 0.915317 0.876983 
0.371273 0.321660 0.294773 0.350410 
0.371563 0.370192 0.359143 0.344686 
0.468826 0.515643 0.469519 0.396218 
0.650654 0.785218 0.462172 0.632991 
0.666542 0.656529 0.648287 0.714750 
0.390465 0.399407 0.681624 0.284007 
0.416345 0.542341 0.483682 0.470354 
0.335118 0.657864 0.573038 0.399037 
0.278726 0.775150 0.495244 0.426927 
0.838327 0.795088 0.817584 0.850449 
0.389455 0.386309 0.313577 0.414577 
0.685429 0.164740 0.611981 0.281685 
0.380681 0.535831 0.620201 0.307803 
0.742163 0.849237 0.600826 0.676896 
0.731424 0.727181 0.709559 0.664430 
0.741934 0.553727 0.788569 0.810017 
0.415882 0.448471 0.403739 0.548526 
0.611760 0.755039 0.754226 0.712100 
0.479199 0.387211 0.599675 0.381040 
0.232916 0.469446 0.183544 0.515332 
0.573400 0.640898 0.472094 0.691555 
0.587853 0.441980 0.605631 0.392084 
0.445568 0.334286 0.570681 0.503526 
0.508128 0.487982 0.501196 0.218986 
0.447042 0.622350 0.543538 0.560279 
0.308530 0.693553 0.684140 0.637150 
0.638029 0.650047 0.582413 0.370808 
0.265395 0.307886 0.243286 0.270529 
0.516955 0.357464 0.410386 0.579069 
0.310689 0.270258 0.368562 0.446853 
0.513142 0.422102 0.596592 0.699367 
0.362263 0.321787 0.342205 0.244727 
0.352252 0.745734 0.666487 0.447991 
0.566703 0.352948 0.575664 0.330513 
0.453491 0.847236 0.526890 0.755810 
0.460058 0.616088 0.450922 0.529473 
0.613771 0.883185 0.491074 0.755087 
0.515732 0.468811 0.563648 0.606187 
0.325227 0.478671 0.389269 0.539637 
0.598082 0.663453 0.435205 0.448543 
0.903381 0.683618 0.682857 0.663580 
0.303110 0.755160 0.428778 0.820696 
0.352548 0.329934 0.300346 0.279030 
0.638491 0.546649 0.588962 0.691022 
0.487606 0.340484 0.742555 0.282252 
0.530785 0.577150 0.427394 0.610468 
0.730763 0.645715 0.656186 0.632258 
0.485914 0.577079 0.532101 0.569405 
0.553012 0.653794 0.585813 0.478302 
0.590082 0.645265 0.767276 0.671922 
0.296060 0.621050 0.359793 0.600074 
0.329348 0.588070 0.467309 0.665911 
0.396970 0.281037 0.404269 0.212454 
0.613099 0.484338 0.438179 0.684507 
0.687421 0.475879 0.718305 0.528902 
0.330004 0.258702 0.211911 0.244288 
0.616851 0.508627 0.295877 0.678550 
0.408081 0.332454 0.393520 0.372323 
0.717364 0.804503 0.799866 0.760715 
0.630630 0.694257 0.612723 0.631305 
0.143394 0.266432 0.115054 0.212216 
0.656294 0.588266 0.617997 0.545123 
0.439643 0.534688 0.594462 0.286017 
0.771415 0.716344 0.604998 0.542017 
0.666079 0.703658 0.597107 0.553763 
0.550103 0.430099 0.163201 0.562919 
0.253007 0.280295 0.326711 0.322331 
0.401277 0.431706 0.384852 0.548172 
0.814660 0.685265 0.739890 0.717802 
0.245323 0.255240 0.281125 0.253164 
0.654250 0.308711 0.486979 0.662936 
0.477298 0.486838 0.561549 0.540593 
0.529223 0.318492 0.485947 0.649497 
0.585183 0.752463 0.586006 0.294622 
0.221569 0.574475 0.376086 0.572887 
0.440322 0.466530 0.574554 0.589896 
0.162047 0.291853 0.373071 0.238780 
0.213829 0.303229 0.290093 0.496176 
0.570696 0.560372 0.418230 0.592577 
0.485683 0.310425 0.300262 0.249389 
0.573972 0.409028 0.561557 0.412394 
0.750841 0.589325 0.889406 0.554930 
0.750820 0.310870 0.636764 0.379017 
0.641501 0.748361 0.593255 0.668480 
0.677339 0.276041 0.509533 0.438713 
0.204367 0.608502 0.411618 0.567547 
0.305688 0.483058 0.266861 0.434255 
0.656616 0.464521 0.676454 0.716560 
0.517762 0.388503 0.304121 0.749301 
0.429058 0.452271 0.619428 0.554574 
0.510305 0.462256 0.705220 0.336228 
0.326847 0.454118 0.436129 0.392697 
0.478058 0.231094 0.382307 0.333256 
0.788715 0.806451 0.827669 0.861981 
0.501030 0.587593 0.492139 0.389927 
0.554835 0.450883 0.573915 0.335830 
0.433458 0.312020 0.277104 0.270963 
0.539334 0.451755 0.651015 0.524574 
0.786415 0.543161 0.567842 0.311993 
0.327241 0.349228 0.406085 0.507016 
0.400027 0.289346 0.497908 0.433465 
0.608191 0.507355 0.541115 0.269473 
0.476545 0.288411 0.385036 0.483614 
0.630842 0.619837 0.772326 0.640204 
0.853784 0.652330 0.599339 0.645012 
0.838093 0.804305 0.900634 0.873263 
0.339077 0.343018 0.300602 0.389099 
0.648604 0.596095 0.505263 0.498252 
0.374528 0.439196 0.366827 0.338351 
0.314807 0.256497 0.337902 0.352758 
0.400841 0.383407 0.376349 0.447925 
0.357269 0.286745 0.420284 0.209090 
0.276801 0.688151 0.542587 0.681008 
0.737875 0.610985 0.624447 0.614492 
0.343567 0.253401 0.248204 0.306819 
0.518275 0.384289 0.605766 0.558412 
0.418978 0.680544 0.523680 0.680246 
0.359648 0.504855 0.451400 0.432187 
0.326630 0.501667 0.589576 0.306291 
0.216692 0.272263 0.273790 0.237438 
0.576594 0.591273 0.336912 0.503969 
0.517507 0.511735 0.447542 0.371757 
0.277633 0.409085 0.390909 0.517687 
0.684539 0.700327 0.744546 0.695071 
0.320326 0.382422 0.323427 0.537882 
0.648063 0.669107 0.771414 0.726338 
0.542831 0.789086 0.576234 0.571089 
0.777268 0.294564 0.689705 0.435824 
0.723149 0.361147 0.277771 0.411296 
0.704510 0.676387 0.775661 0.536122 
0.571012 0.442985 0.452457 0.448874 
0.565291 0.664258 0.619603 0.616467 
0.478943 0.685762 0.632304 0.538115 
0.587409 0.654280 0.727531 0.739844 
0.517428 0.326093 0.426383 0.532108 
0.503310 0.574630 0.373591 0.413659 
0.839916 0.876921 0.811795 0.839342 
0.337330 0.374623 0.410074 0.309644 
0.271799 0.417476 0.272244 0.232696 
0.193902 0.334202 0.068283 0.287388 
0.630450 0.625295 0.602622 0.695594 
0.540677 0.729256 0.770436 0.408769 
0.556321 0.543155 0.423205 0.685045 
0.654585 0.664315 0.594874 0.444512 
0.602369 0.546644 0.711236 0.428684 
0.749566 0.383527 0.693719 0.640582 
0.400043 0.437741 0.288936 0.318404 
0.399707 0.512944 0.587176 0.482688 
0.487623 0.396344 0.435424 0.515124 
0.691276 0.791253 0.731644 0.707264 
0.296249 0.418084 0.515092 0.300827 
0.474962 0.668733 0.499508 0.610436 
0.311364 0.370914 0.369119 0.445505 
0.689939 0.530490 0.679364 0.448297 
0.363889 0.734402 0.404985 0.502306 
0.496636 0.562168 0.490957 0.608357 
0.601548 0.489626 0.639523 0.592949 
0.657724 0.527993 0.659703 0.423168 
0.411541 0.579274 0.607231 0.561621 
0.290173 0.362488 0.517767 0.443213 
0.623361 0.727037 0.748078 0.582201 
0.472773 0.667311 0.396986 0.675675 
0.398091 0.189385 0.476960 0.169290 
0.314430 0.376196 0.305227 0.342933 
0.337382 0.386942 0.182212 0.391548 
0.505646 0.627733 0.634638 0.445435 
0.449325 0.753259 0.506416 0.672512 
0.275058 0.247057 0.299888 0.355857 
0.319830 0.171965 0.210773 0.302603 
0.639681 0.386697 0.673999 0.317058 
0.584811 0.550911 0.519032 0.567504 
0.431038 0.377353 0.539143 0.283841 
0.596138 0.764218 0.734417 0.496674 
0.354949 0.449939 0.467840 0.407794 
0.371365 0.459394 0.322381 0.327142 
0.568145 0.802376 0.529592 0.733852 
0.270730 0.363576 0.340625 0.354680 
0.275114 0.221083 0.336616 0.308444 
0.446403 0.680599 0.540621 0.446878 
0.262445 0.203131 0.130195 0.222146 
0.457207 0.470215 0.320291 0.363708 
0.092047 0.080958 0.072352 0.059604 
0.659147 0.636226 0.515608 0.558289 
0.635237 0.767251 0.335945 0.651408 
0.356430 0.292961 0.399802 0.335327 
0.445515 0.448522 0.372500 0.364973 
0.727818 0.575370 0.793797 0.632583 
0.045282 0.134300 0.093090 0.149741 
0.246475 0.219758 0.141938 0.344040 
0.268677 0.366801 0.222130 0.226735 
0.478725 0.701020 0.541024 0.575784 
0.668467 0.601490 0.785585 0.634916 
0.397448 0.374899 0.519413 0.332892 
0.402400 0.543695 0.639381 0.511235 
0.308523 0.324797 0.416304 0.273214 
0.426250 0.471511 0.423504 0.578863 
0.315467 0.560042 0.614565 0.422223 
0.672659 0.588857 0.711427 0.551696 
0.317187 0.236420 0.399259 0.363180 
0.240553 0.550306 0.359331 0.523258 
0.273287 0.167583 0.274093 0.210724 
0.775021 0.705244 0.726532 0.717239 
0.398784 0.459088 0.285342 0.322000 
0.502478 0.446432 0.442437 0.349304 
0.406757 0.617488 0.229886 0.350320 
0.356640 0.361060 0.572742 0.414744 
0.073013 0.073269 0.060109 0.059472 
0.485807 0.477219 0.512815 0.444922 
0.464900 0.395650 0.576529 0.401468 
0.713615 0.499326 0.614309 0.463452 
0.653502 0.773239 0.836474 0.621595 
0.347305 0.544764 0.563813 0.488420 
0.429124 0.292663 0.300704 0.598468 
0.545143 0.342178 0.561282 0.385522 
0.320488 0.366951 0.301732 0.350300 
0.297008 0.541554 0.254544 0.502942 
0.653339 0.269155 0.619246 0.440495 
0.624357 0.393460 0.826726 0.426746 
0.619541 0.544750 0.534742 0.686798 
0.608244 0.697849 0.675422 0.703911 
0.661723 0.724916 0.477292 0.627504 
0.411950 0.410506 0.354068 0.226791 
0.699132 0.619357 0.680801 0.472705 
0.591437 0.558780 0.704075 0.648901 
0.698095 0.776309 0.689556 0.754424 
0.490013 0.395529 0.355577 0.500114 
0.652164 0.702646 0.640180 0.541091 
0.361507 0.658771 0.472415 0.436746 
0.472542 0.380763 0.417798 0.648983 
0.618353 0.474962 0.641789 0.496529 
0.322472 0.520940 0.355206 0.396048 
0.305864 0.171544 0.202664 0.231823 
0.510711 0.558923 0.571238 0.606094 
0.795392 0.820634 0.817353 0.812953 
0.782323 0.883730 0.783307 0.760891 
0.166420 0.191369 0.217071 0.218278 
0.665344 0.448704 0.618411 0.223188 
0.678301 0.260870 0.468492 0.379152 
0.296297 0.371219 0.508488 0.363653 
0.491070 0.381837 0.539379 0.603917 
0.468300 0.433942 0.450441 0.285825 
0.277984 0.257626 0.371184 0.207174 
0.366948 0.453136 0.533884 0.473204 
0.357208 0.345478 0.312678 0.282543 
0.355356 0.427705 0.306056 0.286185 
0.418129 0.221655 0.383627 0.285149 
0.592956 0.460844 0.685306 0.402395 
0.670154 0.489762 0.382082 0.390524 
0.386860 0.583022 0.217603 0.363899 
0.312449 0.588991 0.515481 0.563650 
0.322160 0.611537 0.519203 0.636736 
0.538065 0.625291 0.681100 0.497345 
0.452971 0.362788 0.347952 0.416161 
0.520976 0.417294 0.383544 0.416802 
0.492316 0.504843 0.450218 0.514776 
0.651990 0.484220 0.544722 0.508137 
0.288888 0.256769 0.369048 0.295509 
0.402020 0.541947 0.330707 0.420620 
0.368569 0.433278 0.430296 0.282573 
0.524476 0.695719 0.682615 0.593047 
0.671084 0.573360 0.700248 0.383248 
0.626734 0.478222 0.441394 0.607901 
0.773444 0.601608 0.651542 0.727990 
0.550814 0.529301 0.527176 0.710430 
0.491047 0.591972 0.320511 0.545326 
0.161846 0.563442 0.603692 0.530539 
0.647149 0.774030 0.633403 0.695096 
0.506518 0.702459 0.596434 0.703784 
0.660355 0.340216 0.534878 0.701577 
0.735224 0.781545 0.747146 0.677885 
0.710830 0.810173 0.733859 0.696942 
0.220472 0.222384 0.197667 0.207456 
0.458214 0.587450 0.511245 0.344968 
0.395076 0.674284 0.541896 0.310454 
0.287189 0.207379 0.245078 0.223550 
0.508854 0.503905 0.582640 0.605705 
0.657605 0.766037 0.603376 0.718135 
0.580094 0.512958 0.511448 0.287484 
0.536656 0.469172 0.633844 0.564532 
0.689589 0.657179 0.624961 0.671057 
0.323149 0.419053 0.243861 0.602886 
0.458688 0.359876 0.536867 0.335753 
0.286572 0.483318 0.334897 0.487999 
0.656981 0.616418 0.518019 0.792444 
0.235663 0.375724 0.202153 0.235140 
0.324234 0.529716 0.246762 0.354988 
0.464909 0.542468 0.565034 0.489255 
0.559388 0.420116 0.701276 0.441356 
0.379226 0.545876 0.493474 0.456491 
0.675021 0.706224 0.628872 0.430350 
0.585386 0.238673 0.469974 0.355561 
0.483121 0.311157 0.359912 0.461266 
0.401996 0.518654 0.511471 0.506246 
0.391632 0.797573 0.279745 0.417608 
0.712567 0.798145 0.591691 0.560522 
0.306354 0.455751 0.240602 0.583594 
0.264073 0.576320 0.354969 0.769435 
0.460278 0.414811 0.323189 0.064636 
0.799585 0.643607 0.781803 0.563538 
0.442449 0.489951 0.564502 0.587969 
0.733821 0.692324 0.758615 0.717442 
0.720975 0.497676 0.716218 0.428039 
0.423304 0.314746 0.494652 0.370472 
0.700514 0.694576 0.613139 0.537489 
0.229484 0.147368 0.251686 0.314273 
0.689968 0.570334 0.582835 0.564771 
0.490962 0.660845 0.666608 0.539084 
0.577247 0.691516 0.549909 0.744091 
0.717027 0.809489 0.801911 0.836855 
0.177653 0.226201 0.211098 0.345056 
0.439944 0.549575 0.400220 0.407439 
0.582974 0.511650 0.607126 0.478879 
0.560628 0.492160 0.654234 0.534200 
0.599197 0.414652 0.431219 0.468770 
0.489861 0.429119 0.177575 0.233717 
0.346884 0.269794 0.371030 0.221551 
0.677434 0.487420 0.393659 0.396481 
0.321346 0.434258 0.366843 0.479114 
0.587138 0.441888 0.540153 0.415368 
0.570625 0.335723 0.461853 0.360454 
0.489401 0.464645 0.623220 0.764815 
0.664944 0.650227 0.620277 0.739302 
0.197338 0.300395 0.252530 0.446264 
0.347548 0.793337 0.717480 0.700944 
0.509429 0.366246 0.566922 0.455950 
0.607915 0.572688 0.321895 0.533015 
0.559843 0.479773 0.411624 0.547186 
0.309654 0.470347 0.168857 0.467291 
0.155562 0.153652 0.222571 0.172182 
0.786801 0.535477 0.696134 0.586947 
0.102171 0.285717 0.269240 0.198268 
0.471580 0.608161 0.582812 0.547214 
0.462992 0.711729 0.491817 0.580284 
0.381462 0.211599 0.427669 0.348108 
0.206546 0.266975 0.165133 0.308302 
0.617589 0.614049 0.622212 0.601000 
0.364677 0.738452 0.430940 0.674887 
0.585480 0.726098 0.697363 0.532979 
0.353574 0.329182 0.263096 0.132559 
0.530075 0.247741 0.590360 0.232570 
0.538225 0.750223 0.660781 0.770587 
0.435905 0.747146 0.433294 0.717004 
0.503180 0.456439 0.387417 0.495055 
0.580984 0.533700 0.324833 0.457110 
0.491215 0.619951 0.484277 0.335454 
0.261201 0.495794 0.513284 0.633374 
0.704502 0.768911 0.704016 0.736257 
0.648548 0.485467 0.521081 0.670533 
0.588755 0.298912 0.594023 0.113527 
0.737519 0.493931 0.673724 0.377544 
0.505434 0.401873 0.439047 0.416196 
0.479812 0.432753 0.499973 0.406289 
0.467553 0.478328 0.556923 0.502768 
0.239988 0.188508 0.293926 0.280030 
0.512384 0.716967 0.436462 0.537115 
0.554354 0.706247 0.630952 0.591072 
0.291545 0.388083 0.365640 0.373844 
0.349541 0.436919 0.312600 0.332655 
0.772473 0.816077 0.780564 0.811160 
0.487405 0.732116 0.483277 0.479168 
0.500492 0.745124 0.808096 0.546579 
0.803034 0.837105 0.648599 0.800341 
0.265509 0.364126 0.337663 0.368529 
0.293174 0.677902 0.396346 0.598676 
0.222361 0.184254 0.234854 0.152308 
0.792329 0.641960 0.784040 0.608824 
0.385642 0.710162 0.432055 0.511193 
