1000 7
0.589298 0.155249 0.210076 0.037658 0.880994 0.377514 0.898420 
0.713199 0.250767 0.361947 0.785726 0.418989 0.644423 0.628061 
0.446397 0.459262 0.676568 0.433889 0.079513 0.267801 0.480950 
0.961820 0.857805 0.573790 0.614472 0.746278 0.471425 0.327918 
0.934221 0.832065 0.514566 0.523519 0.987314 0.724642 0.561177 
0.868309 0.102155 0.459597 0.581508 0.352922 0.821544 0.367234 
0.771912 0.465968 0.995295 0.218309 0.925229 0.671863 0.652198 
0.004742 0.939664 0.133148 0.966562 0.797468 0.706939 0.581034 
0.543746 0.178363 0.908952 0.477967 0.010428 0.423517 0.001486 
0.997743 0.148159 0.562663 0.866052 0.250314 0.022261 0.447560 
0.603237 0.843805 0.814793 0.375148 0.309772 0.810088 0.593457 
0.235001 0.481951 0.245654 0.239744 0.421615 0.378802 0.206305 
0.219083 0.085741 0.787340 0.762829 0.264104 0.696291 0.240797 
0.274533 0.119809 0.242283 0.272276 0.267968 0.804946 0.138327 
0.518282 0.827207 0.585887 0.121518 0.671012 0.400680 0.496667 
0.980784 0.210768 0.090123 0.215785 0.692719 0.335778 0.455529 
0.114334 0.714580 0.661834 0.333417 0.800321 0.449174 0.096247 
0.064426 0.145465 0.337044 0.338959 0.265274 0.579327 0.611234 
0.533241 0.384273 0.749562 0.051523 0.211480 0.335448 0.173042 
0.882492 0.736128 0.669709 0.863275 0.946896 0.759832 0.079060 
0.639616 0.095610 0.534589 0.753950 0.810190 0.196423 0.087367 
0.610511 0.645597 0.183614 0.674937 0.791062 0.520658 0.013895 
0.056336 0.099984 0.625130 0.589577 0.484258 0.374691 0.641101 
0.695738 0.710140 0.814143 0.578229 0.446268 0.483851 0.441504 
0.393164 0.243683 0.520565 0.032780 0.339293 0.055154 0.786730 
0.149483 0.251577 0.874097 0.759994 0.897174 0.057711 0.434931 
0.688237 0.578369 0.448826 0.744573 0.678353 0.073956 0.334150 
0.162611 0.448647 0.975251 0.858348 0.158786 0.789393 0.436578 
0.605054 0.273245 0.878082 0.998219 0.516928 0.398647 0.030999 
0.856221 0.453801 0.817728 0.005703 0.705378 0.691825 0.765697 
0.602553 0.749536 0.200628 0.290789 0.327905 0.649455 0.035362 
0.006258 0.723410 0.369512 0.168869 0.172057 0.344763 0.027218 
0.330844 0.134156 0.463795 0.935898 0.407401 0.341878 0.934117 
0.924329 0.740524 0.965116 0.780550 0.194325 0.782844 0.786253 
0.899703 0.474670 0.551951 0.502256 0.224206 0.752579 0.793045 
0.552111 0.402033 0.828407 0.558370 0.125444 0.197919 0.727239 
0.297501 0.542682 0.754457 0.628345 0.676839 0.218252 0.564243 
0.084240 0.560130 0.498360 0.008568 0.300654 0.463476 0.789118 
0.494979 0.246320 0.575371 0.394683 0.720990 0.127322 0.896939 
0.945196 0.879900 0.689984 0.497307 0.281934 0.518392 0.055677 
0.407378 0.716311 0.782916 0.704879 0.258993 0.537372 0.333224 
0.935832 0.755624 0.897467 0.020071 0.315754 0.395828 0.028640 
0.616408 0.859303 0.817758 0.111387 0.105624 0.393129 0.506070 
0.826613 0.520451 0.403009 0.771809 0.400351 0.092993 0.269116 
0.682285 0.611385 0.324793 0.089663 0.327696 0.107708 0.794542 
0.586689 0.645081 0.127766 0.522521 0.400705 0.025233 0.542593 
0.716459 0.421061 0.571233 0.332866 0.280364 0.388991 0.444253 
0.385988 0.782120 0.950323 0.212601 0.302571 0.353332 0.984410 
0.702922 0.446325 0.253526 0.385207 0.057709 0.578319 0.474870 
0.385405 0.686028 0.269412 0.972095 0.331108 0.397178 0.494616 
0.731813 0.422411 0.037209 0.448272 0.843472 0.608442 0.781138 
0.123836 0.997432 0.225391 0.509824 0.779552 0.175714 0.722425 
0.082123 0.529046 0.706835 0.785045 0.975371 0.960362 0.170252 
0.033080 0.538681 0.645122 0.418486 0.224709 0.914534 0.390580 
0.555817 0.311712 0.885196 0.287630 0.734123 0.922405 0.735902 
0.577595 0.530847 0.517040 0.701431 0.528279 0.742431 0.211254 
0.307831 0.918145 0.933679 0.389954 0.447191 0.640515 0.174999 
0.422562 0.600876 0.345251 0.455642 0.139557 0.990373 0.874127 
0.364266 0.904907 0.264708 0.920083 0.216619 0.149904 0.207713 
0.950742 0.072310 0.943614 0.528337 0.603156 0.460654 0.229768 
0.131436 0.203085 0.441022 0.439267 0.121230 0.374701 0.829221 
0.568421 0.015216 0.004220 0.990982 0.616092 0.349471 0.446624 
0.755650 0.339844 0.320751 0.119915 0.244751 0.585459 0.039998 
0.461370 0.735363 0.247711 0.412112 0.807673 0.191325 0.940449 
0.410829 0.651979 0.170217 0.542265 0.855064 0.611239 0.981532 
0.976293 0.985940 0.810753 0.544714 0.001156 0.814973 0.535696 
0.617248 0.164443 0.982320 0.372898 0.504287 0.303071 0.492813 
0.749038 0.888530 0.532811 0.210409 0.623894 0.780522 0.622521 
0.431566 0.971847 0.562970 0.842396 0.623826 0.733187 0.384660 
0.478890 0.344425 0.366192 0.455184 0.330365 0.176944 0.999898 
0.331521 0.991917 0.535594 0.948769 0.156360 0.517914 0.321667 
0.660648 0.820985 0.814480 0.409686 0.709516 0.347291 0.620095 
0.333410 0.127813 0.242616 0.764976 0.099660 0.805586 0.607372 
0.723487 0.538772 0.992032 0.202377 0.883197 0.358224 0.657560 
0.213563 0.535168 0.657458 0.545084 0.527085 0.193052 0.493853 
0.683446 0.710966 0.815520 0.344093 0.531951 0.630000 0.753779 
0.241467 0.977291 0.373874 0.574877 0.105105 0.616489 0.339853 
0.204765 0.422075 0.947224 0.928252 0.960847 0.939256 0.130628 
0.844045 0.297480 0.788188 0.057607 0.832648 0.445646 0.602691 
0.359734 0.638698 0.096544 0.043179 0.349664 0.912064 0.387272 
0.881615 0.542064 0.141052 0.123082 0.519356 0.514926 0.697959 
0.624460 0.131415 0.037812 0.829225 0.553490 0.985036 0.757477 
0.514337 0.924292 0.888105 0.358382 0.221772 0.676293 0.415989 
0.054421 0.121940 0.018680 0.414154 0.760638 0.115224 0.457334 
0.110302 0.027288 0.844606 0.991917 0.569352 0.985658 0.115000 
0.088708 0.500583 0.812959 0.713168 0.631999 0.850771 0.542393 
0.185489 0.835807 0.299870 0.699826 0.760099 0.187974 0.058208 
0.981872 0.864268 0.474196 0.036292 0.986207 0.492876 0.450447 
0.746845 0.608100 0.907780 0.857147 0.635388 0.752386 0.849065 
0.204740 0.738044 0.964064 0.293448 0.238627 0.777023 0.006615 
0.870626 0.627794 0.549008 0.056115 0.463601 0.848878 0.755940 
0.223700 0.036852 0.814148 0.205571 0.901120 0.288344 0.241864 
0.887328 0.781221 0.692311 0.634173 0.389321 0.600091 0.491320 
0.024708 0.352477 0.340385 0.229448 0.090521 0.304449 0.522896 
0.329149 0.081472 0.529511 0.199775 0.709266 0.078519 0.255889 
0.172867 0.927397 0.011829 0.396567 0.964250 0.825977 0.602138 
0.865370 0.114322 0.844002 0.752698 0.895542 0.536312 0.386871 
0.284863 0.136403 0.878191 0.309571 0.488880 0.218576 0.539019 
0.579402 0.523025 0.061915 0.908550 0.604498 0.591426 0.108325 
0.313764 0.669945 0.364214 0.486631 0.597342 0.376043 0.883197 
0.561592 0.202021 0.485335 0.426962 0.316342 0.329337 0.179660 
0.211885 0.865650 0.566530 0.496747 0.002053 0.444721 0.806318 
0.490933 0.663297 0.345337 0.070335 0.186323 0.407252 0.978885 
0.790821 0.998678 0.087210 0.104585 0.668623 0.451424 0.591215 
0.265965 0.827468 0.474413 0.827558 0.029489 0.959748 0.254520 
0.345831 0.289085 0.434180 0.557715 0.154735 0.000710 0.054463 
0.156788 0.445431 0.860781 0.647721 0.108729 0.206118 0.718056 
0.295052 0.613370 0.696941 0.085872 0.612048 0.784152 0.190457 
0.280670 0.235576 0.781672 0.546636 0.063044 0.256085 0.374193 
0.092532 0.215833 0.628713 0.438363 0.504919 0.062892 0.996079 
0.659654 0.063602 0.050541 0.816441 0.509034 0.911322 0.464162 
0.617762 0.117440 0.182218 0.912814 0.730810 0.879160 0.998686 
0.342858 0.663311 0.189143 0.623528 0.898887 0.970815 0.170164 
0.961931 0.226900 0.544357 0.054463 0.442733 0.173070 0.492826 
0.947652 0.235962 0.488905 0.607306 0.299565 0.539446 0.423747 
0.808598 0.450768 0.887909 0.426361 0.568208 0.070128 0.339175 
0.299018 0.949287 0.337861 0.641875 0.612598 0.527004 0.265403 
0.511486 0.497819 0.435567 0.473416 0.724719 0.979924 0.527879 
0.167452 0.152993 0.020705 0.115105 0.388956 0.509610 0.722410 
0.688520 0.049056 0.146157 0.497119 0.499824 0.034067 0.923479 
0.068031 0.104194 0.262654 0.367049 0.053482 0.600515 0.008924 
0.666080 0.127519 0.274327 0.177566 0.625338 0.709894 0.650982 
0.350057 0.689818 0.178861 0.517509 0.842811 0.199567 0.632614 
0.231767 0.709177 0.355024 0.920287 0.758233 0.501181 0.417405 
0.258056 0.535248 0.340885 0.326088 0.639442 0.603539 0.693137 
0.692924 0.204054 0.702061 0.359004 0.331574 0.976388 0.536569 
0.956911 0.686282 0.187551 0.306968 0.376100 0.366413 0.824478 
0.218911 0.565979 0.457092 0.450678 0.275156 0.812116 0.370965 
0.033389 0.313297 0.788370 0.291445 0.848545 0.129255 0.617533 
0.487987 0.732794 0.310670 0.180911 0.936849 0.012731 0.539915 
0.268422 0.989119 0.076484 0.225334 0.675402 0.264035 0.532302 
0.051502 0.630448 0.356780 0.270413 0.196427 0.813871 0.721091 
0.471583 0.625987 0.092055 0.504972 0.939284 0.880425 0.796418 
0.787829 0.009680 0.413951 0.275817 0.742475 0.724621 0.456728 
0.679323 0.737352 0.996643 0.947745 0.726472 0.073127 0.173079 
0.401873 0.337162 0.705381 0.453375 0.967610 0.062161 0.723788 
0.164037 0.876032 0.444879 0.635621 0.502019 0.536934 0.140593 
0.441304 0.417360 0.937011 0.229133 0.427040 0.350962 0.504950 
0.169515 0.075584 0.961678 0.848838 0.812936 0.958320 0.796583 
0.539408 0.031447 0.969662 0.941281 0.368609 0.675044 0.394656 
0.336219 0.737205 0.118445 0.500256 0.613237 0.563323 0.135877 
0.115256 0.100258 0.276470 0.556560 0.517617 0.213482 0.785693 
0.944657 0.564444 0.290643 0.114172 0.640028 0.252320 0.963010 
0.452964 0.210641 0.759593 0.992372 0.242088 0.729255 0.933653 
0.610697 0.404299 0.328309 0.946916 0.141504 0.446754 0.447172 
0.754740 0.010077 0.583049 0.869997 0.110335 0.859519 0.426557 
0.627952 0.073001 0.212250 0.572609 0.637445 0.502893 0.686781 
0.277473 0.755214 0.649790 0.730437 0.965854 0.409383 0.722808 
0.207942 0.138639 0.656461 0.818638 0.542937 0.984770 0.765554 
0.684441 0.431523 0.212726 0.439181 0.441600 0.795775 0.309178 
0.551935 0.655295 0.735735 0.179887 0.728296 0.947986 0.752496 
0.365741 0.450879 0.439277 0.643214 0.206093 0.089068 0.373650 
0.171947 0.498451 0.096458 0.379889 0.637090 0.752919 0.198527 
0.180027 0.737689 0.964081 0.864468 0.169212 0.176808 0.303649 
0.610813 0.972583 0.612828 0.162748 0.627877 0.348563 0.342635 
0.356173 0.296549 0.095131 0.721914 0.747428 0.534409 0.365127 
0.953521 0.623477 0.738778 0.125468 0.121928 0.835236 0.505356 
0.759017 0.588155 0.703884 0.939044 0.325844 0.667965 0.803512 
0.495057 0.844773 0.107162 0.105869 0.817355 0.719989 0.268617 
0.445233 0.068552 0.611252 0.801406 0.365101 0.706384 0.523320 
0.112529 0.240793 0.888447 0.066050 0.864269 0.627225 0.191517 
0.986197 0.462461 0.696874 0.745214 0.050616 0.400757 0.684259 
0.376460 0.068722 0.487771 0.871517 0.913495 0.594933 0.977386 
0.730850 0.314922 0.246004 0.176083 0.383474 0.857256 0.977489 
0.748576 0.563640 0.500809 0.861105 0.804433 0.389256 0.927154 
0.668702 0.016481 0.118671 0.654899 0.478942 0.815545 0.400114 
0.529558 0.216302 0.084372 0.906019 0.285025 0.572143 0.777536 
0.198520 0.167076 0.754923 0.929370 0.481998 0.000926 0.105453 
0.865473 0.858183 0.082942 0.614048 0.421823 0.583751 0.475153 
0.226255 0.973007 0.402307 0.894957 0.989488 0.520978 0.549857 
0.468430 0.336523 0.949970 0.997989 0.552826 0.034343 0.904008 
0.837850 0.606486 0.681544 0.036370 0.773562 0.436466 0.965740 
0.255561 0.437393 0.071192 0.121033 0.295575 0.154134 0.735081 
0.717398 0.737885 0.210234 0.943653 0.710892 0.612541 0.838611 
0.700381 0.133520 0.388467 0.168811 0.470043 0.338438 0.166800 
0.022869 0.372780 0.070808 0.860719 0.979266 0.752352 0.897088 
0.752829 0.188818 0.862828 0.008389 0.626211 0.934020 0.129423 
0.921786 0.088155 0.864504 0.639184 0.826040 0.074738 0.582837 
0.536933 0.687279 0.421448 0.237313 0.820799 0.809915 0.406124 
0.290842 0.148352 0.572924 0.313710 0.521133 0.643732 0.174429 
0.500399 0.396084 0.071518 0.253228 0.584902 0.934346 0.261617 
0.211113 0.868366 0.391040 0.132899 0.956521 0.255544 0.772083 
0.782561 0.330282 0.354920 0.319494 0.017561 0.776367 0.556807 
0.838359 0.586282 0.962932 0.129201 0.734635 0.535856 0.442912 
0.255767 0.179588 0.617341 0.756166 0.575672 0.688858 0.009394 
0.160574 0.623204 0.271012 0.371687 0.491570 0.662052 0.504585 
0.448091 0.917596 0.276668 0.230652 0.247877 0.631588 0.550146 
0.265438 0.407955 0.106954 0.103797 0.994237 0.069886 0.232998 
0.728872 0.605742 0.675910 0.984639 0.785330 0.293251 0.740805 
0.361002 0.982109 0.750200 0.521576 0.605313 0.021212 0.893262 
0.096883 0.683264 0.397848 0.544975 0.600859 0.674516 0.775627 
0.848736 0.306103 0.325774 0.114174 0.714058 0.432727 0.217972 
0.708295 0.502613 0.450970 0.437167 0.108354 0.126880 0.421806 
0.893684 0.420131 0.162611 0.254686 0.402240 0.912810 0.776262 
0.007553 0.934022 0.669525 0.104437 0.617286 0.067372 0.649411 
0.218145 0.741888 0.425038 0.066881 0.047992 0.750812 0.181055 
0.762050 0.183539 0.399027 0.470345 0.686152 0.849997 0.907512 
0.794506 0.976877 0.329317 0.688191 0.397007 0.491928 0.942877 
0.799247 0.404738 0.719139 0.806801 0.338761 0.388663 0.911237 
0.956046 0.456036 0.560648 0.174191 0.197924 0.985687 0.241072 
0.245916 0.736498 0.422127 0.007965 0.920037 0.821154 0.478310 
0.606189 0.671151 0.385822 0.400696 0.648028 0.715139 0.088886 
0.045036 0.207067 0.031763 0.844283 0.611806 0.750902 0.651083 
0.950566 0.139566 0.562321 0.906612 0.595601 0.122969 0.080803 
0.793525 0.108655 0.321875 0.039441 0.845154 0.744003 0.047406 
0.765191 0.565157 0.525716 0.371381 0.236308 0.911538 0.772076 
0.884337 0.626678 0.860963 0.929372 0.833745 0.892726 0.773655 
0.445550 0.643628 0.424739 0.396116 0.783194 0.987059 0.302729 
0.378795 0.110028 0.383532 0.172321 0.218684 0.705407 0.211762 
0.063838 0.449410 0.259168 0.829029 0.014567 0.784884 0.200410 
0.250875 0.696423 0.972486 0.135212 0.323100 0.833449 0.064584 
0.156845 0.726175 0.838239 0.602395 0.369803 0.262978 0.998512 
0.152997 0.250037 0.301240 0.531792 0.360065 0.684772 0.704113 
0.578749 0.390179 0.915875 0.642587 0.839589 0.175043 0.471616 
0.854156 0.959927 0.672025 0.105031 0.656350 0.644511 0.240243 
0.979451 0.477960 0.304827 0.136296 0.204135 0.143066 0.738691 
0.573938 0.406044 0.737203 0.726936 0.656081 0.038444 0.258728 
0.016147 0.723216 0.962841 0.594896 0.113395 0.878716 0.237483 
0.952984 0.053759 0.709098 0.807140 0.013687 0.381123 0.912171 
0.670037 0.025634 0.152414 0.649488 0.503595 0.457241 0.785783 
0.707730 0.600307 0.524475 0.281668 0.006351 0.261678 0.008604 
0.662433 0.300121 0.267332 0.678580 0.023337 0.230173 0.273476 
0.136732 0.108889 0.510958 0.089716 0.162648 0.220056 0.896856 
0.176335 0.601179 0.809027 0.846372 0.626814 0.961441 0.495859 
0.130408 0.418682 0.281643 0.838138 0.018989 0.806118 0.119806 
0.025340 0.067795 0.128410 0.687773 0.367917 0.395742 0.366353 
0.391254 0.625915 0.639829 0.527986 0.734804 0.150787 0.617702 
0.897453 0.370843 0.514558 0.073788 0.972023 0.323585 0.920159 
0.598836 0.285026 0.416019 0.729245 0.703708 0.697661 0.567383 
0.722697 0.503779 0.687189 0.748038 0.571574 0.815600 0.435811 
0.939491 0.211341 0.802164 0.330745 0.837257 0.441993 0.858731 
0.572061 0.592780 0.476433 0.469513 0.963624 0.990992 0.543301 
0.935646 0.314577 0.463460 0.534483 0.599603 0.879479 0.263728 
0.303312 0.577140 0.831111 0.026009 0.080919 0.518300 0.774047 
0.652494 0.333899 0.209858 0.591985 0.545241 0.012022 0.922729 
0.382497 0.454015 0.781460 0.954558 0.046796 0.257893 0.424072 
0.010419 0.248885 0.967372 0.946066 0.563462 0.430833 0.480549 
0.163065 0.310312 0.744276 0.466377 0.887452 0.575387 0.492386 
0.968371 0.093687 0.266432 0.620865 0.427586 0.476290 0.212850 
0.972827 0.488312 0.135579 0.355325 0.942328 0.917039 0.309883 
0.989123 0.174932 0.733955 0.999543 0.423817 0.701327 0.945609 
0.987279 0.132160 0.426157 0.150344 0.442471 0.170434 0.616721 
0.329923 0.745820 0.109107 0.298295 0.839507 0.375539 0.919160 
0.267094 0.851829 0.132009 0.239921 0.340141 0.267588 0.595246 
0.282469 0.184627 0.905129 0.271592 0.359560 0.639083 0.271135 
0.783377 0.340410 0.216744 0.770655 0.472570 0.642901 0.920999 
0.915042 0.813335 0.537720 0.244965 0.559155 0.646827 0.543260 
0.398662 0.022366 0.462420 0.665756 0.874195 0.594429 0.905677 
0.214336 0.862017 0.500923 0.496806 0.046645 0.406052 0.768398 
0.406204 0.045135 0.039533 0.189581 0.385545 0.256277 0.960236 
0.858116 0.899178 0.881236 0.773157 0.712513 0.418956 0.018122 
0.271668 0.065783 0.561382 0.670331 0.088149 0.023802 0.336087 
0.962344 0.618231 0.241764 0.176681 0.480248 0.742687 0.673486 
0.526893 0.148739 0.441884 0.933097 0.193874 0.481417 0.122678 
0.579419 0.737694 0.082914 0.437535 0.636873 0.964150 0.210692 
0.349386 0.383106 0.228815 0.621054 0.448889 0.790197 0.291384 
0.537038 0.813999 0.627471 0.499383 0.432230 0.869235 0.676063 
0.912478 0.611922 0.349549 0.439370 0.760660 0.791433 0.372467 
0.954534 0.272851 0.495145 0.533953 0.010545 0.578060 0.971488 
0.647418 0.542210 0.182180 0.996804 0.925316 0.410995 0.617858 
0.374205 0.201192 0.909242 0.911244 0.015190 0.536713 0.410626 
0.447420 0.405948 0.086690 0.359898 0.017870 0.436239 0.799268 
0.778530 0.227672 0.171735 0.733064 0.500523 0.666881 0.267017 
0.511069 0.244940 0.238505 0.158487 0.787150 0.420685 0.155291 
0.712466 0.831679 0.773148 0.086671 0.032871 0.682390 0.997915 
0.048061 0.219103 0.408541 0.495481 0.625051 0.495231 0.855379 
0.642921 0.931470 0.654647 0.421450 0.159142 0.826382 0.154514 
0.659665 0.493263 0.421531 0.170734 0.738203 0.660036 0.329221 
0.525354 0.080720 0.484511 0.237820 0.912400 0.257659 0.324491 
0.945271 0.940049 0.322406 0.993332 0.159152 0.730947 0.488813 
0.784203 0.226178 0.344192 0.427124 0.157648 0.998838 0.848574 
0.316790 0.825220 0.003089 0.976455 0.318483 0.424620 0.147189 
0.056687 0.084655 0.476409 0.582040 0.165376 0.960920 0.819860 
0.077776 0.218580 0.144351 0.023046 0.158629 0.466757 0.016378 
0.317781 0.197704 0.505191 0.101985 0.423882 0.849383 0.529109 
0.581529 0.848221 0.377683 0.898319 0.673441 0.380772 0.874774 
0.991924 0.805392 0.021962 0.048611 0.890047 0.498371 0.630651 
0.055423 0.459292 0.450511 0.133199 0.677871 0.594862 0.156245 
0.836500 0.061619 0.172623 0.154281 0.259322 0.677815 0.256266 
0.683204 0.527197 0.785375 0.264733 0.375418 0.163058 0.163052 
0.048859 0.543830 0.037826 0.040784 0.349222 0.059788 0.089395 
0.239269 0.558159 0.720046 0.294692 0.017451 0.170557 0.427890 
0.695322 0.765419 0.584135 0.531822 0.827038 0.756759 0.686104 
0.086360 0.434573 0.942370 0.769564 0.961771 0.727745 0.034297 
0.337189 0.890803 0.197349 0.386048 0.434633 0.235175 0.426832 
0.783854 0.294963 0.516227 0.023123 0.853122 0.236273 0.317814 
0.870573 0.406830 0.745705 0.565895 0.172248 0.329840 0.097718 
0.999286 0.086599 0.783822 0.085646 0.521172 0.726192 0.855210 
0.482943 0.453936 0.889507 0.820132 0.344739 0.086857 0.206180 
0.779372 0.322032 0.633012 0.563226 0.616994 0.149239 0.586349 
0.470116 0.385511 0.904163 0.340690 0.792341 0.649868 0.906585 
0.964589 0.979708 0.004303 0.963875 0.066307 0.788124 0.049521 
0.587479 0.514316 0.904731 0.070422 0.968253 0.794239 0.890554 
0.312992 0.881096 0.096734 0.092364 0.203127 0.729746 0.655590 
0.820122 0.878985 0.241939 0.290238 0.264496 0.146102 0.630928 
0.056837 0.795970 0.537513 0.021427 0.775678 0.541815 0.985302 
0.841985 0.329940 0.034824 0.429465 0.844256 0.939555 0.499887 
0.812509 0.733794 0.390440 0.125501 0.614889 0.487174 0.217864 
0.818017 0.216920 0.873454 0.638138 0.095905 0.115393 0.928377 
0.360402 0.261495 0.559304 0.417239 0.057465 0.096817 0.438666 
0.833143 0.638632 0.423969 0.675129 0.968572 0.458792 0.104593 
0.812828 0.398348 0.604480 0.625337 0.132141 0.994920 0.750838 
0.747031 0.482094 0.968702 0.565048 0.699015 0.842157 0.203186 
0.794920 0.957550 0.131563 0.155322 0.219045 0.690867 0.572561 
0.276510 0.787684 0.011227 0.109653 0.426316 0.435196 0.784782 
0.394889 0.893988 0.889375 0.207717 0.292335 0.493855 0.833054 
0.424477 0.488775 0.583892 0.171508 0.970869 0.552595 0.736556 
0.669884 0.394752 0.939742 0.464804 0.352301 0.071304 0.620126 
0.571346 0.762171 0.192687 0.847856 0.549855 0.203914 0.957509 
0.976171 0.639109 0.742291 0.371060 0.533097 0.631665 0.578777 
0.825433 0.125520 0.411831 0.249910 0.614295 0.995724 0.421418 
0.585164 0.548319 0.157973 0.255047 0.943070 0.097715 0.719851 
0.295372 0.169019 0.339977 0.866718 0.931190 0.532664 0.714574 
0.481045 0.736577 0.672083 0.457216 0.375687 0.414373 0.828276 
0.908784 0.046039 0.407052 0.734217 0.171559 0.818884 0.984127 
0.785853 0.814607 0.405545 0.371017 0.362926 0.563518 0.626064 
0.305996 0.661233 0.345915 0.601368 0.830252 0.685892 0.468086 
0.761442 0.218555 0.182660 0.242487 0.955133 0.854743 0.699703 
0.330820 0.269116 0.527978 0.239604 0.315155 0.935031 0.973821 
0.486714 0.753914 0.957948 0.272567 0.568522 0.363493 0.643583 
0.931448 0.927011 0.269647 0.237444 0.588245 0.615563 0.838812 
0.418497 0.301455 0.306898 0.179939 0.520010 0.489558 0.422425 
0.475143 0.344301 0.122128 0.805963 0.613417 0.650106 0.045566 
0.928572 0.585137 0.019387 0.415285 0.339051 0.977336 0.687852 
0.907573 0.340829 0.331435 0.839021 0.267840 0.601083 0.076465 
0.856085 0.216646 0.915277 0.274581 0.518100 0.222176 0.454520 
0.038110 0.711734 0.876945 0.513253 0.056034 0.999073 0.319216 
0.669451 0.649180 0.364782 0.598023 0.234317 0.384169 0.013308 
0.573368 0.361505 0.701160 0.480942 0.702334 0.032596 0.319963 
0.970174 0.633679 0.396428 0.826258 0.850324 0.311705 0.100839 
0.368425 0.533881 0.555359 0.406535 0.245614 0.432305 0.919788 
0.301649 0.431378 0.239004 0.971100 0.080558 0.603786 0.569123 
0.314875 0.987956 0.582432 0.888243 0.349461 0.283592 0.369185 
0.051794 0.316188 0.689148 0.021968 0.949867 0.085576 0.848226 
0.800191 0.397281 0.949065 0.168616 0.931161 0.504425 0.575151 
0.176776 0.936729 0.494939 0.478424 0.368107 0.733943 0.449525 
0.448665 0.337729 0.018648 0.763540 0.325685 0.601079 0.651783 
0.675145 0.884671 0.020968 0.726939 0.200859 0.710116 0.748907 
0.150726 0.795692 0.597133 0.950917 0.192973 0.546198 0.119533 
0.124134 0.050623 0.694684 0.300910 0.987352 0.189623 0.779334 
0.355459 0.923566 0.228859 0.804124 0.261295 0.247506 0.567664 
0.586980 0.848586 0.219447 0.262125 0.733257 0.240416 0.989064 
0.934117 0.950532 0.737971 0.084843 0.746224 0.335104 0.035760 
0.939196 0.881302 0.155293 0.063331 0.931925 0.849977 0.364240 
0.919277 0.039601 0.143574 0.274736 0.963167 0.372433 0.078860 
0.224462 0.619940 0.646524 0.811442 0.468526 0.865971 0.073566 
0.201783 0.106387 0.062631 0.135900 0.056919 0.800602 0.220742 
0.803142 0.135706 0.256503 0.742339 0.017008 0.411796 0.805669 
0.948933 0.261774 0.169910 0.868210 0.301374 0.313484 0.142946 
0.264541 0.685917 0.221806 0.489003 0.305857 0.868330 0.300444 
0.774383 0.734302 0.374011 0.976165 0.840688 0.436641 0.112065 
0.897607 0.237243 0.332807 0.700750 0.372949 0.589310 0.443089 
0.389957 0.001106 0.248758 0.338890 0.262880 0.418668 0.207101 
0.564254 0.732152 0.350047 0.828795 0.418069 0.571853 0.317798 
0.723926 0.440184 0.618242 0.498309 0.174485 0.992252 0.474474 
0.015174 0.428893 0.586539 0.912781 0.666136 0.919346 0.613530 
0.039085 0.508657 0.056619 0.429042 0.509763 0.305377 0.767932 
0.772643 0.724045 0.975033 0.336897 0.456197 0.325080 0.165692 
0.874266 0.896934 0.483490 0.598192 0.337117 0.101731 0.096501 
0.511603 0.093984 0.570975 0.526776 0.522877 0.157514 0.439557 
0.189013 0.076861 0.053088 0.228098 0.585517 0.109707 0.657140 
0.095280 0.415084 0.425073 0.867923 0.139128 0.400106 0.204820 
0.595325 0.725186 0.370512 0.469591 0.622120 0.854002 0.067783 
0.959237 0.955733 0.164284 0.470840 0.049717 0.735259 0.997616 
0.572594 0.892773 0.437174 0.761607 0.969634 0.490261 0.989705 
0.555151 0.599968 0.646846 0.650431 0.015052 0.071918 0.518355 
0.154180 0.472024 0.723175 0.749505 0.197210 0.093687 0.219095 
0.819329 0.947689 0.286878 0.778566 0.903422 0.451162 0.249406 
0.953138 0.186421 0.247022 0.525732 0.079195 0.684196 0.287339 
0.048828 0.174457 0.277044 0.603980 0.774425 0.923890 0.254411 
0.789477 0.995808 0.772766 0.943657 0.467832 0.495940 0.693161 
0.665042 0.589627 0.912257 0.484371 0.537316 0.199135 0.262937 
0.440738 0.650297 0.512343 0.393876 0.836718 0.759365 0.919608 
0.915913 0.443561 0.206947 0.964742 0.618018 0.483991 0.568721 
0.392444 0.407880 0.823132 0.181920 0.403688 0.595898 0.125577 
0.871520 0.091838 0.818738 0.536561 0.681465 0.730995 0.020932 
0.218781 0.930130 0.283869 0.659519 0.580427 0.796212 0.053395 
0.417145 0.555578 0.973003 0.333058 0.999139 0.179949 0.297800 
0.617157 0.663940 0.866521 0.009601 0.071820 0.689653 0.191521 
0.475508 0.285551 0.317098 0.347028 0.377389 0.135836 0.883589 
0.058855 0.866831 0.904521 0.277636 0.796961 0.188390 0.937155 
0.377388 0.984602 0.990550 0.794533 0.540180 0.963553 0.127591 
0.539319 0.143502 0.425391 0.156476 0.807441 0.291912 0.166077 
0.879261 0.981565 0.357599 0.354769 0.267117 0.674697 0.701797 
0.644506 0.810533 0.585386 0.703361 0.677364 0.489907 0.980997 
0.474325 0.678297 0.918153 0.851713 0.662900 0.908703 0.646246 
0.203080 0.872255 0.773837 0.742399 0.015757 0.199228 0.898875 
0.823198 0.491140 0.064952 0.702459 0.472705 0.422551 0.057229 
0.739822 0.097248 0.759025 0.384328 0.907781 0.344411 0.087689 
0.585145 0.834318 0.068686 0.059471 0.512615 0.986839 0.911183 
0.175515 0.895541 0.557429 0.378595 0.767796 0.331266 0.120993 
0.783553 0.530494 0.019868 0.606751 0.021634 0.084820 0.309211 
0.494339 0.507371 0.366439 0.234161 0.604618 0.125464 0.618489 
0.512399 0.469876 0.706177 0.097544 0.304194 0.774864 0.157015 
0.816809 0.761702 0.068198 0.992324 0.657243 0.625628 0.370919 
0.425039 0.956894 0.491912 0.208593 0.487388 0.511780 0.815344 
0.509022 0.596600 0.124554 0.003362 0.103971 0.490994 0.237523 
0.708589 0.616458 0.856011 0.220988 0.086334 0.562189 0.318532 
0.390528 0.337052 0.475547 0.207337 0.098754 0.543746 0.199661 
0.755998 0.169373 0.570581 0.181037 0.126267 0.062493 0.389630 
0.613655 0.574273 0.204973 0.122677 0.170874 0.329528 0.126039 
0.274845 0.820521 0.363561 0.983434 0.436979 0.219573 0.204422 
0.523313 0.781762 0.522954 0.913841 0.118814 0.998502 0.121178 
0.217569 0.542247 0.320839 0.973566 0.711620 0.891419 0.154603 
0.837888 0.953912 0.544233 0.451543 0.528186 0.749206 0.574220 
0.699060 0.078734 0.700259 0.973905 0.899256 0.063820 0.957339 
0.336235 0.283393 0.161761 0.859548 0.065155 0.684716 0.773389 
0.183969 0.683217 0.894566 0.401538 0.225465 0.215405 0.375104 
0.937085 0.106825 0.529707 0.774973 0.060737 0.073940 0.226515 
0.588923 0.823147 0.800735 0.287983 0.901881 0.500994 0.261888 
0.801137 0.564815 0.219227 0.137372 0.848208 0.380988 0.996920 
0.913363 0.065703 0.770309 0.097332 0.748921 0.664875 0.498870 
0.974385 0.880281 0.873974 0.911470 0.987105 0.403681 0.686443 
0.047843 0.477621 0.912958 0.636766 0.300768 0.713693 0.924749 
0.202649 0.214688 0.186637 0.003786 0.779503 0.405864 0.141157 
0.627711 0.786852 0.138077 0.541074 0.852555 0.908386 0.638406 
0.601476 0.573261 0.137276 0.575861 0.453542 0.011250 0.487331 
0.440648 0.414931 0.173774 0.488490 0.892552 0.086732 0.125256 
0.193320 0.800426 0.050006 0.395968 0.015113 0.236643 0.399754 
0.794616 0.642506 0.540911 0.422326 0.429358 0.678989 0.963400 
0.281913 0.587375 0.601806 0.883389 0.160636 0.739082 0.459250 
0.614178 0.750332 0.946582 0.054826 0.165262 0.120356 0.543316 
0.057814 0.207088 0.668573 0.251134 0.007514 0.718578 0.647102 
0.022627 0.955221 0.046856 0.817243 0.597727 0.587767 0.239569 
0.027085 0.266756 0.202970 0.308998 0.854131 0.804776 0.192387 
0.014767 0.543858 0.651638 0.628946 0.294190 0.598219 0.683772 
0.459452 0.718575 0.227088 0.517266 0.925664 0.895661 0.768399 
0.933177 0.614239 0.415501 0.955804 0.569460 0.462357 0.773047 
0.167187 0.050124 0.012617 0.194272 0.316880 0.215586 0.503270 
0.171011 0.020362 0.695658 0.185778 0.564220 0.347295 0.814724 
0.858409 0.945515 0.498496 0.317861 0.664090 0.725583 0.835127 
0.589754 0.621244 0.603526 0.522931 0.235483 0.019028 0.478735 
0.804942 0.481385 0.251783 0.972129 0.531509 0.264399 0.166401 
0.848389 0.479985 0.669671 0.019400 0.500347 0.365328 0.205178 
0.064567 0.712624 0.019902 0.922977 0.658138 0.518398 0.240838 
0.322228 0.243981 0.075965 0.911982 0.865225 0.679491 0.434913 
0.100708 0.698519 0.913648 0.905650 0.179904 0.165431 0.877779 
0.711413 0.429830 0.044180 0.559802 0.909816 0.713851 0.579202 
0.410163 0.079179 0.784380 0.474730 0.791803 0.804282 0.397707 
0.449941 0.322680 0.638545 0.772170 0.566661 0.714510 0.684152 
0.431886 0.394001 0.119065 0.532594 0.092520 0.032713 0.438244 
0.272424 0.198144 0.316023 0.983837 0.627974 0.360204 0.543639 
0.537789 0.074054 0.122840 0.947952 0.153234 0.907220 0.422682 
0.945036 0.711502 0.820389 0.394978 0.034182 0.458934 0.167147 
0.600843 0.173443 0.851299 0.032728 0.567444 0.970363 0.565322 
0.659965 0.003076 0.003566 0.932389 0.201219 0.319590 0.916226 
0.829193 0.679793 0.459864 0.366982 0.753848 0.582705 0.314934 
0.907081 0.489925 0.737617 0.852118 0.201428 0.558006 0.247095 
0.235610 0.016939 0.414242 0.836452 0.190383 0.265541 0.869181 
0.757827 0.235904 0.434503 0.417792 0.238980 0.438070 0.350181 
0.440199 0.757659 0.266406 0.269392 0.437453 0.726271 0.636374 
0.191300 0.308976 0.951309 0.098382 0.798901 0.688925 0.950499 
0.000329 0.246931 0.197595 0.235938 0.263870 0.611837 0.072391 
0.454252 0.877378 0.941572 0.212080 0.113282 0.376075 0.629871 
0.352261 0.814145 0.980052 0.792460 0.571804 0.246458 0.061853 
0.009256 0.972729 0.698227 0.200557 0.281705 0.649536 0.298938 
0.080606 0.338461 0.249438 0.080935 0.585392 0.447032 0.316873 
0.849261 0.058869 0.389264 0.303514 0.936247 0.330836 0.515593 
0.049529 0.706911 0.145465 0.401790 0.521056 0.125517 0.194250 
0.092860 0.371975 0.256103 0.102116 0.344704 0.954330 0.302673 
0.626409 0.603866 0.601611 0.707015 0.942327 0.851049 0.787949 
0.527718 0.298081 0.104822 0.376980 0.356951 0.494086 0.680493 
0.293198 0.824922 0.196087 0.342726 0.531833 0.341552 0.744516 
0.052889 0.467068 0.938766 0.145749 0.839043 0.194870 0.247865 
0.183747 0.149200 0.550537 0.810157 0.753065 0.152149 0.517171 
0.695392 0.003198 0.305121 0.223110 0.301279 0.409943 0.600090 
0.658230 0.904030 0.280583 0.951427 0.728952 0.476670 0.294153 
0.260786 0.818222 0.038669 0.313675 0.285290 0.977436 0.459423 
0.124333 0.172305 0.707288 0.308081 0.321505 0.257825 0.118237 
0.074571 0.409974 0.635409 0.769963 0.413171 0.940530 0.993073 
0.714450 0.350473 0.593163 0.372680 0.254503 0.873746 0.324107 
0.983455 0.350416 0.618260 0.244241 0.168638 0.656930 0.557915 
0.453928 0.634366 0.017339 0.578261 0.806671 0.724626 0.886342 
0.128176 0.982451 0.004580 0.202747 0.392425 0.639988 0.972710 
0.805596 0.580518 0.965782 0.520047 0.930991 0.558945 0.892727 
0.185494 0.432691 0.216834 0.168949 0.783107 0.835094 0.413190 
0.951744 0.492024 0.971105 0.405672 0.126389 0.988444 0.983933 
0.933061 0.713070 0.870276 0.061237 0.695521 0.874855 0.263984 
0.087947 0.514843 0.236693 0.893543 0.095362 0.202476 0.413590 
0.026353 0.761421 0.306316 0.211847 0.194112 0.523150 0.380796 
0.977218 0.358244 0.793986 0.928963 0.850268 0.765091 0.334635 
0.976657 0.753535 0.318568 0.909718 0.466605 0.188844 0.970954 
0.162126 0.063699 0.234938 0.250073 0.578542 0.471632 0.143616 
0.673904 0.674107 0.557206 0.700257 0.435528 0.863522 0.912104 
0.629640 0.386672 0.292900 0.606858 0.744915 0.086885 0.535821 
0.595183 0.851977 0.870456 0.571840 0.605512 0.189025 0.481557 
0.072116 0.377869 0.452512 0.234243 0.441568 0.687450 0.484316 
0.020110 0.159082 0.627932 0.694014 0.833189 0.185137 0.394271 
0.268717 0.048659 0.306374 0.898357 0.435331 0.599274 0.505215 
0.180246 0.686159 0.041036 0.775429 0.538136 0.911492 0.347269 
0.143647 0.100517 0.828826 0.215764 0.478385 0.281338 0.450007 
0.919953 0.968788 0.934322 0.940063 0.127870 0.562254 0.634077 
0.961058 0.747391 0.028347 0.229775 0.796050 0.334721 0.128132 
0.231380 0.933995 0.633347 0.411626 0.620154 0.674383 0.187055 
0.158290 0.585875 0.534324 0.301938 0.686392 0.363150 0.517702 
0.164777 0.644488 0.967708 0.084729 0.613277 0.902031 0.024792 
0.741146 0.464285 0.658868 0.702205 0.211676 0.687216 0.931980 
0.007726 0.021937 0.060112 0.239106 0.955932 0.693459 0.650733 
0.576087 0.367843 0.837788 0.734377 0.953718 0.372112 0.036315 
0.640109 0.735262 0.554017 0.804886 0.379751 0.521725 0.889615 
0.993027 0.423756 0.914407 0.734174 0.888041 0.573275 0.436378 
0.099716 0.260491 0.368358 0.107442 0.282428 0.428470 0.346548 
0.238361 0.121930 0.997281 0.814447 0.489772 0.835069 0.548825 
0.443490 0.207181 0.585140 0.083599 0.942443 0.139156 0.888485 
0.322194 0.660882 0.778101 0.315222 0.084638 0.692508 0.049395 
0.972679 0.265783 0.485773 0.072395 0.526274 0.854131 0.179837 
0.808702 0.282602 0.526385 0.047063 0.404532 0.523666 0.861510 
0.894304 0.358735 0.410335 0.337794 0.565916 0.995475 0.421394 
0.508359 0.134631 0.309879 0.830554 0.795513 0.087979 0.145775 
0.880151 0.780487 0.195171 0.852829 0.046270 0.680944 0.925224 
0.572544 0.535076 0.105061 0.381246 0.817677 0.631447 0.428309 
0.222209 0.155113 0.289820 0.116513 0.513848 0.700154 0.454307 
0.079764 0.695629 0.875701 0.588123 0.830260 0.185580 0.418677 
0.625773 0.273559 0.564452 0.505924 0.054046 0.759623 0.358753 
0.100316 0.440567 0.283977 0.672860 0.975643 0.389038 0.054106 
0.793320 0.020484 0.482415 0.015529 0.175597 0.772235 0.132042 
0.689446 0.472389 0.586350 0.769210 0.168018 0.462051 0.357333 
0.998279 0.647630 0.776010 0.624052 0.921189 0.340462 0.129975 
0.975235 0.100085 0.488728 0.075551 0.540652 0.772704 0.748411 
0.516295 0.161742 0.802517 0.309615 0.182227 0.284932 0.325144 
0.357824 0.057167 0.457186 0.047270 0.529556 0.043536 0.816479 
0.697574 0.505587 0.173812 0.695853 0.153217 0.949822 0.319905 
0.074406 0.290284 0.449880 0.049641 0.390369 0.938607 0.125192 
0.931022 0.711312 0.873603 0.447317 0.873054 0.676120 0.756931 
0.055281 0.961052 0.082076 0.413105 0.018218 0.539262 0.460374 
0.547774 0.582798 0.276853 0.245349 0.088385 0.450666 0.941202 
0.241602 0.400487 0.261106 0.316008 0.690772 0.710986 0.365649 
0.081141 0.649593 0.490841 0.012163 0.360905 0.364444 0.459479 
0.233959 0.040564 0.216411 0.289240 0.001615 0.298486 0.702344 
0.019834 0.837748 0.162719 0.567608 0.420546 0.439572 0.812957 
0.508931 0.890238 0.754158 0.750533 0.290725 0.015264 0.066541 
0.981497 0.726250 0.432190 0.062638 0.375843 0.923031 0.074800 
0.736748 0.287475 0.534280 0.970708 0.328039 0.750690 0.259947 
0.329655 0.049176 0.962292 0.349489 0.886925 0.125011 0.917097 
0.307471 0.564583 0.730053 0.816402 0.454821 0.484211 0.566935 
0.745546 0.499475 0.633476 0.727043 0.225725 0.065665 0.789681 
0.601569 0.988697 0.864481 0.338317 0.276172 0.398761 0.309025 
0.604211 0.149451 0.568972 0.933866 0.198627 0.531264 0.283355 
0.085552 0.656275 0.200451 0.393023 0.220858 0.930504 0.209425 
0.675678 0.414716 0.776360 0.421224 0.914191 0.409836 0.148267 
0.139916 0.475501 0.937948 0.741485 0.464198 0.802429 0.079802 
0.740370 0.201189 0.388827 0.344581 0.350640 0.957799 0.278447 
0.549267 0.489063 0.561802 0.634819 0.145338 0.762254 0.027842 
0.366195 0.692758 0.237268 0.041874 0.107474 0.013628 0.463098 
0.021665 0.423464 0.611365 0.161581 0.898965 0.549312 0.903066 
0.363163 0.351741 0.982869 0.103533 0.552930 0.371696 0.448114 
0.903570 0.329495 0.726562 0.452838 0.818558 0.288364 0.087657 
0.963896 0.050618 0.115499 0.330092 0.743376 0.352767 0.371965 
0.850850 0.366395 0.835063 0.872515 0.789859 0.446428 0.034096 
0.688824 0.995740 0.937162 0.051987 0.347482 0.920031 0.155520 
0.900412 0.291727 0.603634 0.803982 0.621222 0.330196 0.256820 
0.439780 0.618560 0.344477 0.403676 0.669178 0.459977 0.733768 
0.412554 0.812744 0.105733 0.263403 0.179138 0.940796 0.135918 
0.968997 0.387224 0.170014 0.657821 0.382965 0.107176 0.709808 
0.730446 0.027207 0.865328 0.630858 0.318934 0.468962 0.434841 
0.940156 0.799158 0.691661 0.379936 0.417718 0.036138 0.783613 
0.086896 0.496115 0.517381 0.499449 0.308859 0.623114 0.762852 
0.487997 0.563911 0.898770 0.456994 0.951135 0.068784 0.114815 
0.334100 0.175960 0.824623 0.064546 0.203167 0.689951 0.695405 
0.522101 0.158913 0.130245 0.462257 0.958071 0.821907 0.842193 
0.375789 0.858045 0.625805 0.462685 0.354160 0.143186 0.962134 
0.663019 0.766300 0.724987 0.151016 0.330211 0.623757 0.608011 
0.281346 0.692541 0.722826 0.615445 0.868501 0.547450 0.679992 
0.071668 0.237401 0.375396 0.593769 0.396314 0.505642 0.056026 
0.354385 0.327548 0.898219 0.730175 0.185593 0.524025 0.192860 
0.539753 0.667211 0.154994 0.202772 0.433511 0.879981 0.353789 
0.763721 0.503738 0.961799 0.045067 0.196279 0.684626 0.660512 
0.064780 0.232075 0.340504 0.136448 0.469476 0.715900 0.730218 
0.865790 0.221542 0.786244 0.220175 0.549090 0.684463 0.950350 
0.734684 0.208488 0.143209 0.274437 0.875698 0.298203 0.477209 
0.309209 0.178184 0.830998 0.072930 0.681922 0.792797 0.117997 
0.878201 0.477423 0.778510 0.942981 0.709498 0.119014 0.079429 
0.178974 0.834914 0.809647 0.044763 0.056456 0.595891 0.264938 
0.605546 0.280354 0.215288 0.340230 0.488841 0.358498 0.614667 
0.364539 0.656701 0.091876 0.673748 0.834885 0.922874 0.746678 
0.516807 0.715671 0.864676 0.395007 0.193093 0.643185 0.337988 
0.902591 0.762199 0.417417 0.081565 0.597113 0.227063 0.126328 
0.653569 0.822954 0.391266 0.259115 0.103308 0.606554 0.599345 
0.592149 0.965052 0.214012 0.956688 0.621753 0.305888 0.630436 
0.456638 0.228761 0.377115 0.973445 0.944432 0.241790 0.368452 
0.137525 0.884975 0.706440 0.040116 0.647174 0.123857 0.121681 
0.244287 0.350920 0.248009 0.897856 0.173874 0.639275 0.156971 
0.277182 0.245829 0.756316 0.869331 0.210881 0.970328 0.826019 
0.832634 0.276216 0.456455 0.289272 0.504977 0.833569 0.262717 
0.449409 0.075359 0.631170 0.586934 0.960335 0.337610 0.627050 
0.607509 0.461467 0.748731 0.851796 0.812387 0.996739 0.749652 
0.986261 0.636014 0.906623 0.263443 0.881843 0.662939 0.132774 
0.092725 0.633267 0.958793 0.925359 0.909483 0.415247 0.214631 
0.414460 0.248817 0.477349 0.863869 0.324176 0.108518 0.450803 
0.284511 0.446128 0.077853 0.892020 0.907595 0.826584 0.743816 
0.719982 0.823323 0.493468 0.706243 0.459337 0.400091 0.969687 
0.341181 0.063030 0.102461 0.433905 0.696298 0.061253 0.359264 
0.605781 0.476501 0.573895 0.020241 0.725318 0.051244 0.884110 
0.049494 0.159762 0.334913 0.334005 0.605890 0.412766 0.226025 
0.513485 0.239349 0.969841 0.233466 0.062673 0.463309 0.939710 
0.522010 0.863400 0.909396 0.863191 0.926430 0.011857 0.297096 
0.622728 0.073111 0.656360 0.228509 0.549611 0.230255 0.248750 
0.274929 0.281499 0.132860 0.324423 0.441261 0.467772 0.658428 
0.047151 0.880538 0.884453 0.560635 0.119888 0.854294 0.794102 
0.182560 0.317603 0.733811 0.704570 0.181003 0.643208 0.567761 
0.107433 0.655065 0.864857 0.730161 0.728176 0.521217 0.958670 
0.277787 0.751472 0.207420 0.552716 0.032970 0.340280 0.877139 
0.474231 0.808052 0.535566 0.521382 0.688590 0.420019 0.082017 
0.808478 0.274313 0.876119 0.991038 0.591915 0.609930 0.695608 
0.772918 0.253138 0.263369 0.880351 0.908203 0.128225 0.610512 
0.636378 0.649442 0.569182 0.914165 0.400913 0.776601 0.466881 
0.433884 0.116881 0.344020 0.908115 0.924933 0.879587 0.429497 
0.613523 0.299606 0.511514 0.422001 0.573918 0.387632 0.413039 
0.165833 0.997562 0.108647 0.938751 0.250700 0.372015 0.819102 
0.158903 0.500241 0.429613 0.795281 0.149683 0.998795 0.709446 
0.550596 0.775396 0.176328 0.984480 0.892277 0.520348 0.892595 
0.817210 0.399934 0.322092 0.430734 0.699540 0.833606 0.852735 
0.273458 0.221238 0.265773 0.439291 0.218800 0.374420 0.378042 
0.469501 0.746436 0.197144 0.628403 0.246676 0.626757 0.423685 
0.396359 0.625552 0.133131 0.946955 0.400948 0.309459 0.931435 
0.293225 0.829807 0.824030 0.110435 0.229741 0.146122 0.541169 
0.929281 0.979728 0.393903 0.202739 0.200966 0.659677 0.642030 
0.419766 0.034097 0.020073 0.889267 0.780533 0.217217 0.517670 
0.027209 0.843974 0.941355 0.423568 0.469526 0.074486 0.370523 
0.870474 0.383944 0.301958 0.163699 0.213751 0.125987 0.274134 
0.443492 0.272109 0.815303 0.372773 0.251837 0.209206 0.575512 
0.452803 0.868883 0.217543 0.872569 0.902980 0.237615 0.761836 
0.683513 0.454832 0.279506 0.710722 0.298806 0.220861 0.134289 
0.768332 0.295346 0.504812 0.638806 0.679291 0.806770 0.802505 
0.893042 0.932757 0.076639 0.336534 0.204867 0.891942 0.709307 
0.456704 0.101148 0.284820 0.909507 0.970031 0.502362 0.782076 
0.873011 0.739978 0.543912 0.556523 0.194810 0.823418 0.267245 
0.493616 0.044279 0.401534 0.261949 0.339625 0.906346 0.900755 
0.018916 0.713116 0.703260 0.911958 0.645873 0.779899 0.248492 
0.850740 0.671841 0.957800 0.307443 0.772988 0.242619 0.216950 
0.743019 0.744982 0.999026 0.616030 0.484959 0.542938 0.172553 
0.679769 0.366356 0.439798 0.173386 0.410635 0.841332 0.435334 
0.750260 0.747678 0.336089 0.769176 0.460794 0.039349 0.681134 
0.106667 0.819247 0.929627 0.957407 0.491088 0.887427 0.264850 
0.264077 0.130046 0.481801 0.007096 0.875027 0.480827 0.623126 
0.359987 0.023764 0.795679 0.039756 0.390120 0.235476 0.213141 
0.800755 0.076808 0.648476 0.551015 0.824486 0.984564 0.320191 
0.285280 0.023913 0.001325 0.391947 0.843161 0.930952 0.349354 
0.334249 0.818378 0.614205 0.598325 0.948424 0.096005 0.605421 
0.823451 0.576832 0.228546 0.183438 0.600596 0.024225 0.223194 
0.990716 0.259701 0.436335 0.791471 0.336509 0.084811 0.342486 
0.160995 0.069375 0.662676 0.446275 0.093288 0.664001 0.838222 
0.936449 0.594953 0.187577 0.270698 0.413331 0.801781 0.869023 
0.361755 0.897787 0.474444 0.185206 0.474618 0.702990 0.368644 
0.075214 0.727215 0.591838 0.065931 0.986916 0.028173 0.857402 
0.323426 0.112984 0.199887 0.484421 0.182359 0.862563 0.930696 
0.275648 0.526564 0.768918 0.212097 0.121517 0.956495 0.482794 
0.534848 0.758276 0.351817 0.896603 0.656063 0.826261 0.081809 
0.130681 0.529251 0.450453 0.205895 0.256467 0.042291 0.271826 
0.243383 0.070464 0.129227 0.566809 0.183449 0.329114 0.051229 
0.365808 0.191678 0.981925 0.641456 0.718242 0.750843 0.853553 
0.839759 0.707338 0.336347 0.374607 0.465614 0.688164 0.271210 
0.121677 0.514426 0.353019 0.252357 0.043677 0.803472 0.458253 
0.300144 0.845763 0.730078 0.543527 0.916227 0.859305 0.110336 
0.099676 0.188420 0.161565 0.465484 0.380097 0.143490 0.106939 
0.098339 0.894333 0.960492 0.938099 0.601671 0.296839 0.312706 
0.067285 0.985003 0.583916 0.188962 0.499429 0.936934 0.441319 
0.543106 0.740406 0.899572 0.843249 0.586168 0.629650 0.386776 
0.502395 0.488956 0.497112 0.602071 0.677375 0.658677 0.067554 
0.057473 0.802167 0.174494 0.155812 0.696500 0.134985 0.093911 
0.298171 0.431824 0.406617 0.365457 0.416827 0.990532 0.554419 
0.916256 0.927466 0.995738 0.459361 0.667872 0.895310 0.302611 
0.254040 0.524961 0.689387 0.756435 0.013916 0.186498 0.358506 
0.691292 0.845175 0.426060 0.748764 0.647342 0.600554 0.904577 
0.343842 0.735539 0.998487 0.642013 0.167363 0.405104 0.007470 
0.584191 0.395636 0.561888 0.500447 0.323102 0.557627 0.959808 
0.990974 0.452937 0.262419 0.245014 0.977897 0.951805 0.001449 
0.991814 0.138304 0.359955 0.683105 0.983479 0.786016 0.431870 
0.630820 0.386570 0.336446 0.974662 0.122109 0.334934 0.616675 
0.289473 0.740038 0.624145 0.873663 0.135674 0.186033 0.374110 
0.458777 0.743660 0.333918 0.449751 0.196596 0.596336 0.694765 
0.174494 0.548142 0.696214 0.166308 0.686445 0.056170 0.849413 
0.669924 0.842185 0.281283 0.300745 0.228755 0.617729 0.275407 
0.350864 0.952663 0.892082 0.640337 0.692701 0.516226 0.514000 
0.828375 0.702259 0.888110 0.287152 0.445919 0.222028 0.736903 
0.642515 0.818364 0.431668 0.817009 0.366506 0.127883 0.983317 
0.052951 0.184052 0.832730 0.722875 0.026238 0.114012 0.023620 
0.254993 0.731742 0.299027 0.605857 0.684405 0.191108 0.246194 
0.377106 0.707335 0.760194 0.205481 0.409594 0.648304 0.492633 
0.855513 0.870332 0.229536 0.498028 0.688696 0.661204 0.315037 
0.055201 0.789087 0.298354 0.108152 0.973139 0.131083 0.831028 
0.999377 0.245096 0.854648 0.254369 0.976837 0.153674 0.860227 
0.661242 0.344783 0.106420 0.038347 0.052117 0.866615 0.243828 
0.461712 0.514919 0.736461 0.317225 0.385251 0.965997 0.815253 
0.073946 0.627201 0.130290 0.129148 0.416288 0.428644 0.237300 
0.389427 0.559727 0.068328 0.388803 0.804823 0.922976 0.643173 
0.781660 0.076650 0.503399 0.442902 0.421433 0.609820 0.481250 
0.473550 0.476434 0.725078 0.935262 0.991353 0.461539 0.252486 
0.376604 0.427536 0.067739 0.450550 0.054738 0.198029 0.579698 
0.471026 0.626673 0.816999 0.860452 0.186400 0.885327 0.249256 
0.991223 0.808303 0.892429 0.772884 0.884953 0.395828 0.215786 
0.306385 0.005648 0.697036 0.779935 0.482082 0.422114 0.715197 
0.473436 0.883653 0.967683 0.850039 0.311189 0.035422 0.300590 
0.365927 0.233451 0.880288 0.836952 0.860124 0.697287 0.697405 
0.046524 0.582614 0.946660 0.037747 0.390917 0.839089 0.810631 
0.275869 0.234917 0.026417 0.582254 0.240565 0.723453 0.362189 
0.722647 0.145566 0.077386 0.196083 0.029219 0.045069 0.046122 
0.340408 0.080490 0.346712 0.706335 0.313941 0.227000 0.543287 
0.174065 0.924287 0.240692 0.220589 0.506901 0.187352 0.258336 
0.897818 0.026441 0.068967 0.173687 0.261358 0.095384 0.755941 
0.501923 0.818836 0.118130 0.224570 0.964402 0.195516 0.420652 
0.993621 0.240585 0.466774 0.334029 0.321075 0.813486 0.040364 
0.635016 0.040486 0.583651 0.809081 0.964773 0.824342 0.029669 
0.471675 0.011694 0.288005 0.369492 0.038135 0.356971 0.543179 
0.299493 0.452355 0.299120 0.801416 0.271191 0.417250 0.025985 
0.235593 0.612766 0.446637 0.229215 0.853351 0.913412 0.563244 
0.174426 0.726898 0.603608 0.809442 0.767384 0.187258 0.618523 
0.732158 0.011601 0.648192 0.203832 0.023295 0.936197 0.573325 
0.061430 0.293168 0.116504 0.360923 0.745523 0.415624 0.162338 
0.016714 0.832874 0.188323 0.252308 0.445641 0.634961 0.481523 
0.298992 0.548373 0.044766 0.473418 0.275270 0.648374 0.282860 
0.042655 0.835632 0.901382 0.774812 0.847233 0.549574 0.978645 
0.870528 0.485770 0.551969 0.931958 0.778939 0.668473 0.292881 
0.524462 0.084097 0.455219 0.541176 0.916972 0.643542 0.793484 
0.362612 0.278503 0.275006 0.661604 0.826876 0.319773 0.135022 
0.102146 0.968147 0.417881 0.144801 0.803779 0.319263 0.919613 
0.651012 0.868837 0.898258 0.521540 0.354608 0.450227 0.453498 
0.133546 0.118700 0.746379 0.658008 0.202798 0.201598 0.199184 
0.119769 0.845140 0.992668 0.482381 0.123643 0.267675 0.143986 
0.950519 0.587447 0.279007 0.052666 0.555594 0.696889 0.197467 
0.359373 0.016152 0.117081 0.010386 0.884989 0.015339 0.531926 
0.239597 0.465566 0.985424 0.373144 0.584266 0.731803 0.031152 
0.787064 0.933400 0.230336 0.906833 0.778540 0.223004 0.389214 
0.902184 0.490679 0.533200 0.852703 0.078127 0.812207 0.905369 
0.633721 0.509096 0.102836 0.993094 0.525248 0.219917 0.003480 
0.410237 0.235256 0.535406 0.649835 0.700822 0.520830 0.022978 
0.285088 0.252633 0.054130 0.072152 0.186033 0.284467 0.978985 
0.964574 0.507471 0.368199 0.866758 0.998150 0.901399 0.719461 
0.076276 0.713607 0.624830 0.709997 0.222702 0.727667 0.703091 
0.747950 0.947584 0.706571 0.158188 0.182839 0.241977 0.808023 
0.883661 0.762807 0.831001 0.168749 0.015440 0.885131 0.240901 
0.201473 0.169598 0.219886 0.166047 0.677069 0.588086 0.032804 
0.675219 0.489485 0.752265 0.751495 0.203092 0.377096 0.461492 
0.425794 0.104762 0.164584 0.173744 0.052346 0.871155 0.331932 
0.235186 0.113133 0.139955 0.118847 0.875940 0.970956 0.287596 
0.891380 0.856087 0.528497 0.092854 0.025685 0.748384 0.258901 
0.702753 0.336469 0.291705 0.377972 0.825954 0.043970 0.129467 
0.029046 0.421066 0.590960 0.454840 0.525828 0.755543 0.628584 
0.578175 0.626699 0.960516 0.813361 0.739831 0.100471 0.932207 
0.615772 0.071426 0.219804 0.507152 0.927513 0.748301 0.600006 
0.953198 0.496685 0.858906 0.655951 0.833154 0.150611 0.033923 
0.659108 0.194582 0.163390 0.688154 0.615648 0.754350 0.142993 
0.141476 0.509893 0.771577 0.719651 0.136592 0.732093 0.533011 
0.876423 0.832564 0.465219 0.492195 0.903990 0.685022 0.999347 
0.831503 0.433323 0.599352 0.784700 0.930008 0.458259 0.440651 
0.763162 0.608870 0.474575 0.422270 0.803451 0.637965 0.110424 
0.419099 0.392315 0.253417 0.560575 0.902208 0.024994 0.280226 
0.038800 0.757087 0.813237 0.915223 0.589651 0.278456 0.407418 
0.493640 0.963478 0.406764 0.325143 0.396802 0.006117 0.109843 
0.326810 0.464375 0.550494 0.089971 0.073245 0.025069 0.512241 
0.876697 0.663034 0.622665 0.295796 0.055349 0.876082 0.856371 
0.957557 0.901076 0.136597 0.996357 0.658163 0.949834 0.911580 
0.247813 0.228290 0.318998 0.741454 0.191768 0.725763 0.066596 
0.588570 0.731879 0.176439 0.915380 0.196255 0.726934 0.005351 
0.269500 0.752003 0.517592 0.146197 0.415037 0.140257 0.441993 
0.470386 0.016339 0.298364 0.427943 0.917415 0.434961 0.424301 
0.575577 0.384795 0.335881 0.823391 0.613085 0.654879 0.564844 
0.804853 0.380642 0.631441 0.393423 0.112521 0.807880 0.308803 
0.308776 0.534814 0.314154 0.578276 0.286817 0.831746 0.724474 
0.701854 0.972004 0.166467 0.172240 0.988343 0.464831 0.600183 
0.905757 0.899792 0.024484 0.481335 0.284587 0.360365 0.304725 
0.897672 0.015244 0.869569 0.702526 0.395886 0.501010 0.095949 
0.508407 0.308890 0.404752 0.817183 0.843704 0.718906 0.395459 
0.130520 0.550653 0.119933 0.832374 0.522656 0.286400 0.004613 
0.510999 0.751231 0.604797 0.416756 0.651023 0.629280 0.898091 
0.935610 0.989645 0.202816 0.833283 0.004889 0.072386 0.535809 
0.400775 0.573396 0.631758 0.909182 0.882285 0.036510 0.726365 
0.725989 0.755416 0.121824 0.856509 0.306069 0.241757 0.688883 
0.828725 0.528157 0.693497 0.339724 0.279388 0.298293 0.756480 
0.930411 0.927573 0.654571 0.866021 0.917218 0.857387 0.699304 
0.922107 0.929773 0.235112 0.322882 0.503168 0.866870 0.232063 
0.385454 0.903380 0.958428 0.111443 0.658796 0.080252 0.967952 
0.964865 0.322009 0.656835 0.793590 0.850166 0.350332 0.133313 
0.129554 0.648625 0.889793 0.059965 0.576198 0.544364 0.925986 
0.493416 0.401751 0.625290 0.415524 0.331524 0.860402 0.738406 
0.834692 0.727272 0.970469 0.220146 0.630652 0.928897 0.331589 
0.289448 0.009149 0.299541 0.254313 0.331158 0.956376 0.047902 
0.181324 0.306708 0.181216 0.310878 0.955333 0.071009 0.370843 
0.531531 0.615373 0.296829 0.024947 0.017125 0.922118 0.440471 
0.348649 0.782520 0.178877 0.183341 0.509792 0.149345 0.403487 
0.140444 0.078242 0.735076 0.429892 0.087391 0.034617 0.684204 
0.418549 0.990993 0.732106 0.599874 0.297701 0.913322 0.910752 
0.253034 0.984331 0.281595 0.784565 0.599704 0.578424 0.809512 
0.616829 0.500542 0.249983 0.965478 0.283062 0.428859 0.148819 
0.792854 0.578205 0.552306 0.933298 0.656447 0.287383 0.363189 
0.743838 0.322000 0.047393 0.162388 0.312993 0.779500 0.762261 
0.610694 0.692821 0.673013 0.863728 0.677152 0.954608 0.648293 
0.276857 0.533031 0.457805 0.893686 0.033573 0.707788 0.859164 
0.316635 0.136647 0.007983 0.109490 0.714852 0.560290 0.042787 
0.371299 0.847672 0.405977 0.115137 0.169672 0.453370 0.277525 
0.482665 0.232870 0.039787 0.093360 0.925691 0.712800 0.957088 
0.602843 0.667408 0.605381 0.879700 0.200439 0.063186 0.773386 
0.234012 0.770974 0.632550 0.550648 0.907621 0.640533 0.660137 
0.622473 0.200822 0.702925 0.993772 0.048495 0.108901 0.108909 
0.218167 0.562271 0.386434 0.700832 0.795141 0.426221 0.794192 
0.720831 0.139021 0.751280 0.323675 0.806429 0.356661 0.203375 
0.006868 0.419848 0.976760 0.240880 0.190821 0.609310 0.791528 
0.098442 0.249843 0.451665 0.720915 0.450665 0.154589 0.714686 
0.499160 0.263490 0.823595 0.717327 0.825762 0.210029 0.418159 
0.620902 0.636250 0.212351 0.341734 0.775271 0.963631 0.665408 
0.581700 0.320293 0.868783 0.588567 0.740140 0.845543 0.829447 
0.930962 0.454853 0.620975 0.029404 0.704696 0.072640 0.750318 
0.155361 0.227229 0.465004 0.654520 0.490719 0.288600 0.371847 
0.316481 0.498629 0.790006 0.937383 0.134880 0.002357 0.279117 
0.910151 0.965988 0.944525 0.491851 0.286280 0.813308 0.080418 
0.026421 0.658851 0.909865 0.957382 0.113704 0.530840 0.986786 
0.818399 0.603480 0.737104 0.973760 0.830709 0.202109 0.628280 
0.321428 0.490708 0.000127 0.637909 0.989337 0.790133 0.575292 
0.124217 0.792490 0.854408 0.034367 0.758477 0.798933 0.526218 
0.044758 0.612241 0.606636 0.071179 0.271092 0.516502 0.028561 
0.384795 0.047342 0.015346 0.203194 0.650822 0.752450 0.176954 
0.481530 0.954559 0.805235 0.802958 0.445267 0.805362 0.440867 
0.434604 0.595495 0.016158 0.558821 0.387985 0.870567 0.593188 
0.146462 0.669500 0.119407 0.191220 0.281741 0.726043 0.262399 
0.552832 0.242544 0.290959 0.937627 0.289886 0.306306 0.140822 
0.940708 0.058756 0.317776 0.422238 0.013315 0.123011 0.225196 
0.458582 0.928373 0.666063 0.893186 0.523868 0.682221 0.452007 
0.911852 0.552788 0.045196 0.058315 0.222288 0.164602 0.249535 
0.504028 0.890645 0.511934 0.056860 0.133189 0.802893 0.994488 
0.423076 0.109199 0.135309 0.363784 0.167955 0.453085 0.786022 
0.181270 0.576096 0.011218 0.639852 0.504468 0.677280 0.533039 
0.028336 0.359502 0.985046 0.940189 0.912289 0.030242 0.998503 
0.134577 0.194844 0.248038 0.638605 0.085489 0.759972 0.695465 
0.218678 0.562865 0.689953 0.641754 0.672064 0.825262 0.005537 
0.840019 0.278347 0.791559 0.021289 0.854443 0.802777 0.661141 
0.358912 0.480057 0.194180 0.387248 0.839559 0.179226 0.327436 
0.751848 0.209467 0.325940 0.886425 0.404311 0.573978 0.525030 
0.489800 0.333950 0.220496 0.708478 0.896815 0.910449 0.350231 
0.568879 0.735711 0.355769 0.408897 0.014058 0.147328 0.430186 
0.868502 0.950105 0.091327 0.227413 0.430162 0.285507 0.614661 
0.269720 0.464733 0.942097 0.021569 0.674201 0.268036 0.907994 
0.078512 0.842014 0.433024 0.568311 0.175964 0.653520 0.276789 
0.072779 0.563969 0.627020 0.641658 0.299680 0.982789 0.050555 
0.313739 0.130117 0.480741 0.182240 0.080222 0.572069 0.409653 
0.510383 0.857576 0.024314 0.780104 0.322309 0.966411 0.801672 
0.996510 0.234448 0.709666 0.075021 0.076462 0.142690 0.643333 
0.252426 0.796210 0.920122 0.325205 0.360179 0.547142 0.966863 
0.659859 0.529932 0.017418 0.973598 0.660049 0.498159 0.155838 
0.740270 0.070228 0.565492 0.250654 0.927804 0.589806 0.030758 
0.250113 0.556217 0.832430 0.246623 0.790664 0.542096 0.321644 
0.867126 0.684786 0.964977 0.119552 0.480997 0.885099 0.444758 
0.841176 0.432242 0.411620 0.501035 0.962173 0.429038 0.474633 
0.622222 0.927197 0.630471 0.362493 0.997425 0.195963 0.613146 
0.925229 0.785769 0.643904 0.175342 0.341985 0.476334 0.421965 
0.132650 0.018430 0.743609 0.999776 0.703216 0.708586 0.119329 
0.184213 0.593685 0.564086 0.025389 0.025927 0.975707 0.526424 
0.988100 0.404745 0.001057 0.610322 0.331942 0.631528 0.972815 
0.329367 0.827491 0.585961 0.254596 0.613259 0.229865 0.429938 
0.955245 0.706199 0.851902 0.087895 0.724629 0.595511 0.087671 
0.427845 0.304097 0.207000 0.612058 0.897783 0.771086 0.637447 
0.923710 0.746793 0.163871 0.911810 0.151537 0.164928 0.522132 
0.483479 0.796456 0.494946 0.812846 0.623947 0.080907 0.067441 
0.237206 0.310773 0.497379 0.192451 0.016972 0.349281 0.280346 
0.741600 0.944793 0.368017 0.169446 0.248890 0.575017 0.781504 
0.146673 0.346103 0.418950 0.070383 0.092895 0.582821 0.982192 
0.244432 0.747748 0.504324 0.727911 0.544204 0.999270 0.540757 
0.168151 0.080178 0.608199 0.405357 0.390950 0.105578 0.597808 
0.407922 0.454859 0.878154 0.149522 0.399652 0.246171 0.318968 
0.648542 0.821187 0.100472 0.795215 0.167290 0.519422 0.865597 
0.260185 0.102243 0.847789 0.504618 0.849992 0.352113 0.232529 
0.394196 0.351384 0.773286 0.562347 0.431562 0.381485 0.967704 
0.822512 0.487062 0.565512 0.230434 0.941921 0.443665 0.379956 
0.341573 0.689836 0.698924 0.990115 0.511023 0.799396 0.785329 
0.678314 0.318818 0.650926 0.938499 0.421061 0.498716 0.443117 
0.271053 0.850829 0.675646 0.665249 0.202213 0.448932 0.227595 
0.633774 0.830417 0.195299 0.456286 0.317479 0.760811 0.686720 
0.259400 0.204476 0.066676 0.600973 0.894312 0.765600 0.591088 
0.405335 0.564996 0.376417 0.083649 0.883815 0.027343 0.022148 
0.304876 0.526059 0.465264 0.575929 0.376888 0.140910 0.241177 
0.579101 0.589842 0.468773 0.212875 0.420259 0.664072 0.669161 
0.737738 0.424882 0.355881 0.997138 0.629358 0.422557 0.598111 
0.523670 0.188158 0.189199 0.929006 0.753154 0.565616 0.012655 
0.636969 0.592960 0.034802 0.941845 0.119019 0.500067 0.517773 
0.495907 0.640977 0.758951 0.075008 0.230819 0.227723 0.287883 
0.651078 0.891795 0.957044 0.388816 0.316677 0.312925 0.385954 
0.946035 0.735482 0.984065 0.469706 0.923640 0.173264 0.398711 
0.676794 0.738880 0.411366 0.313762 0.331840 0.446168 0.255607 
0.450859 0.946235 0.773380 0.946765 0.587212 0.532331 0.021773 
0.818031 0.760054 0.309656 0.469109 0.651849 0.266699 0.857925 
0.968526 0.579624 0.243879 0.914562 0.315106 0.227944 0.384267 
0.238746 0.401208 0.782979 0.915539 0.140089 0.194344 0.229302 
0.471928 0.640512 0.484909 0.922787 0.586747 0.258289 0.869552 
0.173960 0.790619 0.891325 0.991991 0.550674 0.200981 0.461100 
0.202523 0.467680 0.319025 0.171049 0.047305 0.562904 0.085611 
0.362411 0.790848 0.469878 0.601157 0.192056 0.252857 0.516696 
0.332144 0.447201 0.745998 0.804073 0.087714 0.230907 0.726860 
0.674461 0.489195 0.596412 0.848421 0.279815 0.487737 0.840411 
0.830488 0.688718 0.301511 0.033011 0.156398 0.620536 0.204060 
0.203703 0.183440 0.289671 0.566114 0.974288 0.759549 0.167271 
0.166344 0.012406 0.683967 0.498488 0.459607 0.429965 0.302561 
0.547321 0.660872 0.029420 0.221782 0.150067 0.625832 0.070202 
0.429881 0.113569 0.910614 0.260370 0.802287 0.212125 0.293381 
0.958685 0.832662 0.497441 0.162389 0.016102 0.787111 0.728503 
0.990389 0.546661 0.895774 0.156733 0.559067 0.579741 0.655221 
0.018674 0.009706 0.957781 0.565995 0.670578 0.987202 0.787777 
0.820645 0.613033 0.857979 0.250526 0.726602 0.768593 0.510896 
0.528889 0.980718 0.804277 0.487574 0.813380 0.301717 0.649963 
0.829482 0.088829 0.378466 0.819871 0.635489 0.274240 0.976604 
0.194556 0.853981 0.631825 0.213230 0.863687 0.589607 0.779225 
0.534265 0.576808 0.567001 0.354910 0.189841 0.424980 0.605437 
0.916444 0.193573 0.116333 0.445333 0.174292 0.920609 0.932907 
0.987672 0.222327 0.582870 0.817154 0.311155 0.961336 0.637025 
0.946645 0.235576 0.613629 0.141201 0.089557 0.245454 0.354431 
0.953244 0.835061 0.133655 0.487509 0.411869 0.700657 0.842420 
0.601711 0.125637 0.447857 0.518154 0.319211 0.564189 0.963487 
0.493502 0.484799 0.896394 0.481174 0.707126 0.479265 0.298328 
0.018281 0.440601 0.935353 0.964925 0.676177 0.548982 0.106126 
0.765734 0.794437 0.460557 0.718978 0.629498 0.594212 0.206488 
0.041367 0.294869 0.048907 0.643077 0.420506 0.496764 0.161232 
0.739716 0.060953 0.124719 0.233219 0.545752 0.021113 0.714393 
0.252878 0.500378 0.012721 0.271158 0.940979 0.948074 0.236084 
0.617156 0.497057 0.342210 0.382890 0.291494 0.802766 0.101868 
0.920991 0.396978 0.308355 0.962358 0.691847 0.357263 0.605436 
0.112353 0.854027 0.766667 0.852069 0.914980 0.891386 0.085288 
0.460732 0.912499 0.799681 0.713610 0.412876 0.812402 0.984768 
0.353855 0.760477 0.220852 0.971010 0.257534 0.563062 0.353900 
0.549027 0.365828 0.455768 0.470019 0.762806 0.764123 0.432377 
0.454653 0.121386 0.037813 0.567005 0.975413 0.804480 0.419074 
0.890392 0.695865 0.504362 0.351124 0.608364 0.304043 0.064734 
0.021240 0.116446 0.049502 0.375095 0.876922 0.270354 0.346105 
0.134456 0.833416 0.700005 0.683484 0.199243 0.155773 0.153503 
0.962049 0.919896 0.585880 0.416702 0.041282 0.623692 0.983707 
0.016695 0.428172 0.402781 0.907087 0.124038 0.907143 0.258212 
0.732402 0.211186 0.322946 0.753642 0.327632 0.372448 0.128736 
0.204554 0.642802 0.474842 0.339011 0.476218 0.174847 0.022494 
0.675461 0.330620 0.175997 0.637510 0.250516 0.761877 0.054212 
0.291798 0.385569 0.037919 0.308493 0.813741 0.440700 0.215580 
0.937779 0.347844 0.473792 0.670181 0.559030 0.796738 0.423822 
0.886662 0.169186 0.552559 0.091216 0.811988 0.027400 0.430226 
0.288206 0.202247 0.452721 0.963667 0.532867 0.628718 0.601177 
0.783383 0.390594 0.655389 0.075181 0.776163 0.693309 0.383674 
0.589905 0.134009 0.599254 0.527684 0.481853 0.073046 0.197864 
0.040883 0.869784 0.621686 0.927544 0.038970 0.174245 0.018760 
0.850959 0.201645 0.448986 0.139165 0.403892 0.901707 0.102832 
0.936759 0.530425 0.704009 0.720141 0.921019 0.359398 0.795322 
0.697182 0.052707 0.178996 0.287087 0.186716 0.778250 0.814771 
0.668568 0.851297 0.012635 0.709451 0.721081 0.634322 0.636995 
0.760051 0.808567 0.655755 0.611010 0.010212 0.104741 0.750175 
0.414104 0.006449 0.853006 0.350862 0.536873 0.557015 0.071004 
0.457892 0.916413 0.866326 0.155074 0.969120 0.045322 0.442162 
0.155835 0.823572 0.256932 0.824403 0.674869 0.269568 0.533854 
0.395950 0.903889 0.170849 0.156001 0.712456 0.826604 0.767012 
0.722668 0.931346 0.517186 0.136771 0.937794 0.370193 0.487634 
0.474667 0.927208 0.558637 0.932559 0.843621 0.424963 0.087634 
0.812740 0.470285 0.529796 0.968576 0.293857 0.786728 0.792979 
0.968726 0.056296 0.326833 0.364676 0.960185 0.497682 0.520677 
0.672641 0.324286 0.287689 0.395309 0.255632 0.804875 0.532080 
0.193426 0.175068 0.019714 0.668094 0.102275 0.578351 0.600653 
0.945896 0.003314 0.688287 0.758636 0.473599 0.218082 0.727212 
0.767456 0.004810 0.520191 0.736181 0.061106 0.847024 0.100857 
0.021291 0.344707 0.621534 0.693932 0.668993 0.909223 0.089241 
0.924625 0.714098 0.621321 0.118051 0.889166 0.641035 0.786145 
0.991441 0.219386 0.386798 0.937337 0.222700 0.075085 0.695973 
0.696298 0.293167 0.423185 0.463754 0.297978 0.943376 0.199935 
0.359084 0.790400 0.300792 0.380375 0.135107 0.922327 0.074307 
0.804100 0.831550 0.163547 0.728725 0.545648 0.784868 0.846776 
0.434814 0.425902 0.632921 0.426255 0.645288 0.019719 0.363592 
0.867988 0.094804 0.059565 0.564286 0.387971 0.482750 0.028040 
0.685949 0.426126 0.227975 0.045033 0.216526 0.528768 0.425408 
0.351633 0.451095 0.499714 0.155733 0.282645 0.663262 0.884457 
0.828293 0.448129 0.731234 0.263107 0.874032 0.364155 0.689362 
0.519320 0.383874 0.052954 0.387307 0.478678 0.112519 0.951593 
0.866649 0.595269 0.979634 0.552598 0.021395 0.207609 0.597631 
0.237921 0.736377 0.023039 0.589554 0.187472 0.522753 0.745287 
0.470116 0.186015 0.629744 0.298409 0.634144 0.360978 0.561516 
0.508176 0.725132 0.250878 0.027495 0.109006 0.303832 0.414803 
0.587684 0.416351 0.366396 0.454333 0.011620 0.346030 0.006931 
0.033015 0.553639 0.604562 0.270936 0.290016 0.627601 0.860490 
0.477487 0.150354 0.605777 0.947604 0.336369 0.235521 0.246013 
0.970514 0.596498 0.807529 0.478689 0.321631 0.058407 0.506185 
0.430637 0.362239 0.920988 0.018320 0.778590 0.287384 0.472653 
0.790209 0.633414 0.479584 0.823224 0.187053 0.084146 0.094160 
0.477069 0.711747 0.954650 0.954556 0.862101 0.560427 0.902160 
0.198471 0.795948 0.148173 0.168984 0.392446 0.955702 0.647674 
0.714077 0.014109 0.153859 0.144714 0.376348 0.074846 0.163034 
0.154938 0.362231 0.635687 0.945147 0.995644 0.115271 0.768371 
0.182697 0.199417 0.862531 0.659766 0.911164 0.817181 0.614322 
0.773265 0.377608 0.516482 0.971736 0.173556 0.664655 0.140720 
0.566002 0.620358 0.788394 0.280079 0.634467 0.942253 0.424792 
0.010815 0.017099 0.587827 0.165753 0.379330 0.223514 0.110899 
0.374974 0.338785 0.879271 0.557672 0.538202 0.741802 0.217438 
0.449366 0.558983 0.831760 0.222631 0.936591 0.348243 0.194368 
0.110147 0.012898 0.335088 0.676148 0.633256 0.123482 0.956227 
0.267723 0.065735 0.381020 0.278537 0.082835 0.968846 0.444290 
0.462165 0.192360 0.555189 0.837139 0.531145 0.434460 0.394811 
0.069348 0.176262 0.612249 0.518714 0.735244 0.444009 0.741345 
0.671835 0.792251 0.935713 0.781982 0.805150 0.270801 0.458130 
0.438405 0.394283 0.414358 0.706128 0.460018 0.795377 0.984665 
0.542853 0.764224 0.428955 0.005018 0.956584 0.984145 0.842157 
0.487729 0.418605 0.236967 0.557077 0.594866 0.849216 0.075791 
0.330111 0.293225 0.817136 0.001946 0.085476 0.752848 0.783928 
0.890626 0.023649 0.242058 0.329031 0.417932 0.656416 0.035159 
0.877951 0.451793 0.019824 0.420804 0.216017 0.448780 0.425822 
0.172601 0.432924 0.267978 0.660331 0.851529 0.504946 0.217408 
0.446395 0.354161 0.293198 0.776506 0.647386 0.110334 0.778452 
0.732862 0.863182 0.562380 0.623488 0.886832 0.804439 0.952519 
0.304764 0.460854 0.987678 0.182715 0.912648 0.007502 0.603519 
0.128665 0.456282 0.029341 0.301266 0.889206 0.297319 0.961597 
0.740735 0.802265 0.179004 0.187131 0.156426 0.472202 0.963637 
0.803812 0.582536 0.742089 0.536674 0.445719 0.304469 0.160162 
