1000 7
7234,7990,6833,7159,7708,8028,6786
4031,2563,4582,3038,4877,3488,3586
5523,5794,6684,4267,6654,4133,7579
5605,5843,7831,4761,6947,4958,6586
5027,3020,4551,3850,3673,4179,3875
2755,4778,3105,5280,6465,4345,5601
8762,4185,5819,5310,4806,6359,2757
5999,5835,4961,5555,7226,6122,3472
7315,5781,5037,6960,5304,5559,4773
5683,6412,5507,5821,6771,5808,5976
4256,4318,4893,5815,4674,5855,3862
5723,4566,5054,6184,2815,7006,4550
5071,4137,7503,4604,5137,5976,5009
4462,4366,3892,3586,3161,3745,5000
4484,3241,4505,3320,5803,2469,5075
1950,8154,4253,5128,6091,4985,6525
3931,4348,5238,6245,4366,4218,5559
7787,8012,6948,7428,7631,7992,5911
7399,5267,6679,5730,5944,6623,4603
2306,4164,4326,3493,3806,3884,5351
6071,5020,4138,6412,4672,6691,5039
5746,6267,6369,5819,6073,5727,5709
6292,8446,5726,6810,5900,6443,6236
3738,7558,5385,7020,4541,4983,5454
5058,6849,6349,4185,8005,3725,6604
1989,2829,2525,2126,2619,2224,2563
7971,5790,6886,6430,7043,6053,7076
3519,3618,2969,3358,3163,3583,3007
4420,1819,3992,3325,3097,3461,2773
7310,7392,6167,7677,8221,6771,5798
6167,4911,4153,4915,6494,3819,5945
5205,6357,5482,6888,4787,5960,7223
3604,6432,3778,4262,3680,5763,4992
2009,5313,2214,5503,2104,3847,4257
6454,8217,6580,6376,6430,7959,6251
4372,6067,3708,6130,5353,4779,7878
4313,5428,2741,5186,4896,4260,4182
5310,4975,4894,6177,6427,3295,5966
3489,3877,4494,3797,5733,3848,5368
3736,4089,6593,4496,4327,5173,3807
1573,3602,2070,2412,3039,2080,3261
5087,5589,5376,5199,7011,5834,6613
6574,6354,6298,8745,5277,7063,6395
6325,6040,5263,5755,7524,3932,4578
2337,2824,3632,2063,4040,2009,3163
4653,6477,5828,6462,5504,5815,7202
3023,4221,3998,1504,4310,3302,2284
4269,3443,7134,4376,2663,4079,4755
3510,3672,2520,3091,4733,2308,4036
5529,3207,4570,4575,2662,4852,4305
7097,5612,7832,5321,5779,7273,6378
2877,2191,2218,5030,1988,3953,3036
5899,4939,6557,4584,4895,7189,4899
3511,4348,2502,4052,3797,2671,5185
3883,2525,3509,3721,1879,5035,1676
4184,6560,3907,5662,5243,5381,6184
5800,5445,4895,6350,5272,5451,7097
5352,4398,3831,4707,4912,4089,4744
6954,8030,6706,7510,7112,7790,7253
6225,4442,6609,5894,5942,5272,5512
4213,2366,3305,5013,2108,3774,2631
2524,3972,3608,4090,3806,3552,3493
6692,6427,4815,7739,6695,5476,6220
3829,4695,2726,4692,4406,4217,4020
6571,5007,7071,6385,5872,6376,6426
4485,6607,6545,6824,6202,5929,6233
4532,4010,6232,3221,4161,4689,5348
4287,4336,5754,3490,5686,2849,4094
5256,4550,5925,7447,4000,7136,3922
7440,4783,5967,5322,5127,6374,4718
7574,5971,4789,7211,5506,5598,5735
5484,1414,3451,3541,4316,1880,2826
6566,6209,3930,8885,5645,3792,7301
5459,3845,4820,5041,2754,5583,1828
7430,5504,5459,7676,5848,7617,4174
4114,5888,5684,5284,5710,4560,8538
3131,3354,4836,2803,4522,2295,3803
4778,6174,5167,5055,4266,5390,6046
2729,4077,2533,4766,3137,2935,3498
6955,5260,2352,5718,4069,7083,4205
4027,2492,2604,2523,3266,3316,2723
2500,4592,3405,4632,3808,2712,3808
5447,5176,4929,6526,1972,7795,3803
4816,2522,4688,3387,3908,3829,3862
5518,5593,6178,4220,3907,7011,4892
4932,4160,6739,5077,5410,7021,5608
4914,5598,2547,5759,4206,3088,6168
3967,3491,5547,4586,4601,5821,4964
3750,4214,2584,4461,3984,2656,3221
5485,2885,3603,4267,4844,4923,1685
3460,5185,5482,3379,4989,5211,4837
5157,3309,4014,4443,2547,5623,3653
3916,3396,2749,3889,4135,3825,3028
5042,6808,6359,4671,6737,4819,6948
1944,3237,3249,2500,2586,2258,2609
5663,3260,5489,3876,4566,5007,2214
4732,6849,7962,3473,8230,5134,7642
3362,4528,4688,3743,3524,3362,3550
5208,5456,4809,3210,6750,3420,5951
6195,5580,1820,5796,3865,6424,2534
4949,4592,3380,5392,5699,2240,5916
3996,4759,2862,4570,6107,4912,5360
4485,6859,2453,5466,3673,6043,2762
5544,4861,5104,4538,5295,5325,3607
6679,5076,6153,6758,4655,7111,3809
4452,4191,3491,5415,4692,3560,4900
7005,5549,5372,5499,3560,6475,4691
3771,3259,3800,4703,4953,5105,4053
4899,6942,5311,4673,5833,3969,7080
3767,3563,3939,4224,2247,5010,3708
4259,5218,3746,6485,3814,3104,5329
4864,4879,5910,5282,4006,6023,3563
3840,3548,3700,3642,3777,4036,3481
7598,8096,6421,7925,8213,7361,7760
5971,6406,3800,5383,6709,5976,3069
3104,2262,6297,1974,4278,3486,5182
5947,5318,5424,2650,6835,5352,2740
4179,8973,5051,4940,6102,6701,5907
5999,4323,5111,5128,4154,6844,2131
7244,5984,7038,7300,6076,6353,6968
5589,5382,5600,6017,5677,6535,6988
8381,6580,8109,8262,7481,8156,7631
6232,6806,6505,6426,6797,5680,6427
6078,6514,6027,6209,7535,6615,7721
5077,4450,4034,5824,4505,4866,5229
6756,3115,3818,3742,5022,4056,4143
7371,5934,7271,5542,6817,6888,7241
6778,5548,7455,6121,5416,7299,5513
5759,5968,4009,4635,7206,4134,6536
5251,6172,4806,5280,3792,7122,4094
5380,6769,6247,5797,4448,7748,5877
2485,4589,5886,3674,3263,6484,4181
6243,5494,7306,5339,7381,6400,7175
5206,3689,6335,3540,5233,2480,4370
5237,5421,5206,6792,5494,5453,6366
3173,1811,2602,3558,2433,2020,1710
6377,5144,7229,5594,6331,6993,4960
5584,2492,4607,3104,4683,5124,2758
6089,3961,4904,3424,5624,4266,4858
4481,3339,4897,821,5572,4343,1830
7366,6398,7417,5931,5838,6592,5118
3467,3412,2622,3443,2433,3673,3903
4263,4861,5560,4579,5103,5074,4554
6026,3839,7579,5813,6229,6340,5501
3405,3105,2778,3174,3388,2708,2399
3347,4915,4891,3306,4222,4790,5420
6153,4050,4459,6604,5013,4797,3174
2340,4760,3734,5712,4580,2472,6293
7576,5521,6641,6478,7672,6009,5456
4581,6156,3924,5687,4385,4789,5610
3587,3034,2858,4040,2489,3431,4907
4918,4514,6490,5537,4344,6912,5394
3635,2739,2102,3432,3876,3452,3235
7155,7160,9101,7101,7831,8018,7160
7279,6677,7236,5628,6627,7693,5274
5109,5427,3523,4828,7234,2820,6240
3388,5559,4174,3934,5092,3870,4463
7094,3381,6468,6382,4192,6232,5652
2796,7681,5707,4345,5475,7807,5563
3253,5516,2089,5603,3972,2847,4568
6007,6432,3756,6804,5318,3718,5871
4345,5350,2335,5070,2784,5574,3423
5124,5602,5773,5835,6830,4220,7189
6674,4873,5722,5466,5964,5710,5310
3124,5188,2621,4886,4681,5909,4019
6087,5234,5154,4556,5234,6025,5154
2105,4562,3720,4688,3914,5751,3763
3798,4147,3578,3448,2717,4790,5352
4457,3217,4554,4892,3449,3698,5229
5593,6924,4662,5785,4736,5919,4645
6951,6881,6490,6284,7369,6952,6503
6366,6599,6179,7770,4660,7473,5221
5535,5418,6561,5817,5402,6252,5726
4753,4597,3845,5669,2761,6984,3784
2582,4218,4595,2511,3981,4311,3922
5755,5270,8144,4852,5420,5875,7161
5226,2813,5900,3357,6072,3504,5912
5927,6942,7275,4869,6864,7079,4798
6354,4514,4971,6869,3798,6381,5159
4849,3385,3160,5241,3951,5398,3337
7052,7241,6745,7913,6074,8327,7333
3119,2814,2018,3295,2137,3667,3003
4966,5628,6653,3508,7032,5624,4913
7446,5237,6610,5921,6878,6126,6292
4141,1180,4539,2222,2528,2893,2430
5412,5962,5424,5234,3258,7253,4063
5270,5892,5114,6966,5155,6865,6678
6060,7154,4364,6380,4853,6209,6157
3927,5609,6561,6274,5048,5595,6825
5381,6187,7393,3291,5200,5816,4275
5962,7354,6303,6322,5888,6369,7369
4938,4135,3843,5035,5398,5715,2944
3563,4778,4310,3334,2813,4758,3117
3309,4017,4463,5452,2483,6106,3568
7344,6920,6954,6820,7504,7321,7451
3732,3338,7284,4388,2518,7101,5037
4760,3804,4974,4034,4393,5192,2686
5294,6200,6527,5483,7396,4793,7445
6989,1334,7186,4222,3905,4757,4714
2683,5412,1118,3564,3333,3463,2881
5206,6198,7040,3857,7018,6089,5120
5851,4864,3076,6302,6704,4872,4094
6110,5115,5617,6665,5925,4656,5377
6933,3165,7120,6566,3878,6038,4857
3086,4923,3356,3561,3262,3392,6086
3248,4340,5266,4824,4392,2776,6464
4262,2625,2888,2288,4211,2853,3623
5031,4406,2599,6924,3706,4677,4769
5442,6358,3933,5204,5323,5090,6263
6196,4581,7350,6378,4328,7267,4829
6148,4524,3845,5760,5556,5444,4681
3042,6209,5080,4506,3740,5794,4239
4589,4824,3883,5360,5491,2564,3901
6527,7027,7376,6724,7152,6917,8783
5393,5307,2668,5052,5245,3634,5992
6126,5325,5952,6030,7248,6174,6154
6461,5429,6551,5749,4400,5585,6131
2772,5805,4650,1845,4613,4097,3513
2147,2088,2720,2605,1976,2538,1901
3269,3275,1970,3870,2524,3637,2778
3303,5209,4494,3007,3769,5412,5444
4426,5062,5769,3456,3659,5578,4873
4692,5208,7276,1674,6443,4939,4301
6950,6532,5602,5374,7446,5771,6246
6848,6326,6362,5996,5560,8034,4592
5480,6950,5766,5947,5859,7312,5423
5393,5594,6391,6059,5458,6451,6657
5424,3812,3499,3442,4263,3350,3207
5231,4432,4952,5349,4599,6100,5218
6089,6234,5849,6491,6227,5592,6365
7698,5421,3058,8028,5282,3714,4388
7024,5401,5660,7838,5591,7022,6113
1797,2722,2250,2595,2088,2864,1660
7189,6601,7152,7649,6233,8162,6769
1756,7617,5381,3356,6345,5010,5541
4761,6050,4921,4445,6803,4519,7780
6224,6863,6412,5872,7843,4196,6809
3771,4551,3424,2919,4924,1793,5070
5103,6245,5905,4704,4271,8221,4820
7394,7440,8028,7091,6467,7891,6907
6556,5005,6120,6179,5450,7600,4295
7362,5266,5460,4054,7719,5343,4480
6474,7059,5696,8386,4564,7394,7822
6261,4416,7946,5096,5997,3758,4933
5127,4724,4281,2896,4450,4754,4984
6609,5499,7119,5188,7420,6189,5803
4696,4914,7637,3413,6034,6320,6407
6016,6545,4098,5907,5907,4379,7034
2177,7499,3333,4080,6036,5328,6127
2552,3404,3136,5016,3667,2051,5495
5762,5185,5435,6112,4902,5707,5380
6314,7233,6509,6175,6479,6430,5185
5848,3571,4464,4851,5439,6259,4506
3753,3198,3605,3178,2937,4318,3338
2198,8738,3709,6068,5178,5405,6557
3074,2910,5396,5238,2233,5237,5027
3596,4031,5143,4744,3804,4376,6603
3793,2767,6839,3698,5599,2201,6197
3815,4347,3707,4495,3697,3887,3030
3461,4624,5521,4254,3229,5597,4742
6580,6471,5485,7178,5531,7106,6569
3560,3427,4980,2631,2932,4698,4509
6981,1960,6252,4453,4504,6335,4952
3642,4945,3130,4717,3470,3602,4373
7325,4198,5561,6457,5752,3666,6301
6306,4630,4968,8052,4078,5089,5462
1627,5470,1352,3755,2470,3999,3082
7066,5453,5347,4941,7698,4648,5598
4185,3813,4461,3283,3532,3866,4755
6136,6589,4711,6904,3846,6178,7098
5102,4727,7064,4785,4875,5299,4129
2334,4273,4437,2833,5258,2467,5548
8081,6141,7228,5789,7601,7136,6463
3146,3846,4882,7933,3118,2698,6756
8171,5861,7215,5575,6061,7577,4628
7709,5531,7746,6755,6434,5612,6859
5624,4862,5400,4967,6244,5492,5289
5059,4912,3292,6394,3731,5419,4267
6425,7368,5372,5299,7202,6383,4642
3013,5403,3336,3917,5221,2924,4128
2650,4765,3676,2325,6016,3309,3215
5086,6829,7826,5657,6604,6040,6359
3596,1864,4372,3269,3560,3927,3920
6161,2236,5590,4338,3190,3501,4113
6036,4781,6644,6019,6709,5318,5616
6370,6629,4852,7276,5338,4232,5912
3314,3190,2328,2602,1951,4622,1692
4849,4104,2747,5087,3849,3920,4509
5247,7000,5692,6772,6058,6008,5901
4604,4291,3168,3859,3968,3333,3461
5670,4595,5360,3314,4244,5550,4481
3961,5163,5964,3403,4439,4675,3930
3988,6871,5491,2965,5937,5334,3167
3306,6214,5422,2644,4355,5150,5836
5767,5743,5472,4211,5282,6542,5316
5815,5510,6576,5291,6840,6149,5041
5214,6871,3586,5490,7423,4788,4125
4368,4128,6012,4351,3183,4293,5816
2167,2167,2227,1470,2281,2929,1814
4519,2200,5541,4220,4231,2328,6000
6207,4122,6762,5734,3810,5890,3127
4958,4368,6696,2100,6877,2584,5859
2367,2807,2373,2245,2641,3119,3349
9104,8531,9192,8593,9021,8531,9382
4178,3279,5291,3837,5778,3386,4756
3318,5560,4901,6326,4227,5231,4468
6338,6249,7561,6529,6961,6256,8015
8048,6816,6734,7546,6657,7288,6226
5589,2862,5383,3389,4484,5192,4772
4745,4470,2985,3537,4712,4683,4609
6164,6133,5717,6306,7337,5067,5406
3191,5101,4759,3100,5524,2286,6026
4511,6152,4083,4015,5219,4397,7039
2167,3539,4463,2349,3823,3459,2901
3098,5508,3838,5181,5255,5024,4664
5808,4449,6382,4147,4705,5876,5272
5236,2465,3418,3824,4423,2828,4052
4712,4776,7512,3323,6259,5193,5518
5230,6751,3298,2971,6636,5128,4243
5034,7376,4952,6418,5453,5045,6215
5649,6142,7725,7143,5452,6732,7480
7188,7149,7694,6018,7211,6021,6996
6002,4256,6844,4068,8267,5283,2781
6151,3107,6070,5892,5446,5003,3843
3835,2795,6226,3973,2088,5071,5518
4176,4375,5475,6155,4461,4151,6230
6753,5877,7616,6720,6124,6059,6087
6557,6365,2825,6185,6595,5748,3891
6267,6426,6963,8188,5821,6010,7016
6333,4885,5683,3296,5019,6002,4610
4489,3377,5584,4542,4520,6187,5182
3471,3016,3419,3101,1691,3739,3423
6193,6999,5928,5797,6850,6137,7335
6467,5613,4103,5614,5726,3914,4099
6378,3994,7400,7670,4716,6189,5794
5658,5571,5689,7944,4824,6030,5528
4829,1867,5379,2179,4351,3521,3954
4021,3949,4753,5140,5348,3983,4425
5702,4493,7345,5723,5307,6938,6546
2520,6664,4848,6008,5164,3174,6272
3738,5043,4514,2942,5307,3967,6620
5541,5830,3246,6758,6545,4374,6876
2626,3899,4058,3693,4104,2789,5899
3372,3431,3721,2847,3529,2413,4362
3537,3103,1373,3445,2626,2602,2861
5646,2852,2623,5749,2305,4051,3139
5460,6148,4174,5379,6393,3270,4807
7806,5194,5967,7028,6007,6733,5207
3786,4654,2286,6072,3119,5349,3934
4389,6583,968,5660,4526,5490,2291
5065,6068,6214,5399,7290,4543,6870
4947,6226,7153,5492,6381,5820,4645
5360,2571,4709,2834,5203,1540,3823
4674,3610,3515,3827,3730,3859,2988
4400,4680,2760,5263,3873,3143,5136
4075,3794,4874,4705,4967,4190,6393
4991,7102,7226,5209,5155,5108,6588
5132,6130,5178,7447,4785,5919,5185
3935,3576,3155,3540,3680,2823,4078
7686,4986,7647,5508,6748,6562,5590
1878,3059,2845,2492,3266,1460,3581
4489,4388,5947,3005,4824,5920,5563
6650,4463,5107,5638,4353,6723,6230
5648,4832,5460,3904,5159,5835,5591
3710,4771,2567,4363,3479,3145,3515
5000,5033,5045,5436,6467,6246,4714
3133,2980,3509,3349,4939,3920,2516
6504,4561,5878,3447,5632,7248,3527
5583,3153,4751,4635,6783,2745,5772
6782,7009,6326,3668,6898,7273,3376
5175,4941,3600,6689,5351,3220,5595
3565,3950,4633,6167,2721,4715,5091
5995,4489,4109,5099,5376,4042,4348
4873,4634,6004,3015,3714,5638,4491
5673,3043,3646,4562,4429,6163,2380
6868,3789,6402,6507,4859,6738,6307
3458,6654,6904,4570,6854,5506,7467
5654,3681,4375,1056,4511,3940,2000
4308,2652,4482,4076,4246,3531,4739
3002,5659,6549,2607,4804,4688,3453
5641,7471,6064,6293,5935,6224,4837
5663,6291,6757,6488,6823,7238,6514
6858,5724,6367,6540,7482,6376,7521
5813,6289,6121,6966,6089,5804,6229
7134,3941,7376,4470,5244,5939,4101
5691,4925,6634,6056,7119,5000,6251
3933,5504,4639,6668,4124,6164,5547
2456,3810,3671,3871,1685,3876,4739
5988,4595,6979,6751,4664,5167,6690
5149,3474,5197,3442,4084,3603,4012
3190,2474,5304,2054,4973,2061,4103
1100,3319,1996,1775,2228,1995,3007
4550,6266,4628,3982,6409,6723,5865
3186,6683,3854,4989,5394,3213,6214
5285,6433,5410,6722,6301,4850,9021
5770,6756,4507,3448,6757,5790,4355
4615,4831,4462,6514,3532,4692,4222
3250,2967,5424,2854,4237,3484,3358
4305,4756,4685,5649,4579,5778,5583
3801,6040,5893,2015,7950,5238,3356
6948,4552,5297,6382,3920,6136,3676
4534,5703,272,4131,4924,3967,3676
4020,3565,3594,5326,2876,3286,4193
5307,5891,6494,5579,5996,6140,5970
5298,2875,3750,3162,4742,2361,2838
6765,6417,6004,7074,6692,6254,6882
6537,8222,6453,7531,6681,6768,8485
7591,6252,6842,5932,4547,8179,4754
6665,5158,4671,7369,4446,6044,5224
4608,3416,6023,4772,5631,5390,3696
4260,5796,5631,5861,6806,6394,6239
4551,4607,5016,6676,1881,5646,5768
6488,6665,5420,5588,7060,6964,4870
7572,2924,8177,5306,5702,4996,4588
2828,3707,5259,4215,3939,5842,4072
2887,3308,2868,2308,3126,2329,2342
5921,3456,5146,2294,4881,6877,3970
6515,5454,3725,7130,4561,3551,5824
5476,4146,4314,6308,2024,7466,4168
6089,6647,4693,5428,6951,5043,6454
7011,5836,6849,7632,6739,6908,5720
6408,6646,7728,5576,7659,5775,6007
3430,4711,3930,3467,2270,4112,4462
5499,2987,5494,4332,4388,3032,5367
5787,3543,6405,4632,3933,6638,3801
4541,5682,5770,5086,6386,3859,7231
4776,3526,3331,2130,4603,3259,2428
3635,4103,4230,5696,3770,3566,4464
4258,5182,6601,6908,6341,5501,6499
5851,6932,4389,6321,7262,3176,6617
6164,4696,2470,6560,5160,5227,5906
4526,3237,2926,3671,2596,3663,2361
4653,4947,3089,5195,3756,5447,2818
4325,6290,2618,4088,3975,3753,3628
6807,6557,5598,6004,6549,4887,6285
5657,5507,6375,4625,4693,4953,5096
4467,4374,5786,3735,6430,6395,3328
3123,4560,3436,3541,3168,4896,2905
5497,5034,6050,6029,5383,4656,5333
7065,5482,4050,6959,2770,6113,4033
2983,3237,4021,3754,3691,3522,4784
5572,6727,5861,4052,6949,6379,5120
4409,3213,5778,3451,5079,5812,3612
3725,4677,4812,4478,7230,3162,7616
3579,6914,3302,5078,4988,5993,3220
2254,4979,5323,3603,3583,5109,4640
6044,6278,3547,4083,4994,5556,3796
3849,3954,2305,5236,2640,4129,3418
5179,4518,5898,4771,4098,4236,4356
4072,6978,1280,4935,4541,6932,4863
3218,3345,3720,3267,3007,4278,3755
6517,5522,5187,5941,6731,5841,6350
3649,5524,6364,3236,6689,4840,6598
7307,7166,6547,6645,6475,6959,6194
2514,2638,2472,1250,2546,2662,1606
7035,4721,5946,3911,4161,5835,4054
5085,4522,6548,4579,4990,6367,6046
6579,6474,7179,5504,5979,5829,7209
2736,2449,3135,2497,2760,2775,3842
3491,7244,3597,3484,6652,3350,6534
3283,3653,3635,6037,3319,4785,4261
2035,1417,2789,3337,2269,2351,2038
5633,5160,6433,5021,6818,4036,6584
4420,5278,3843,5518,3840,6544,3667
6710,6013,5931,6908,6112,5581,5015
3172,5907,6114,4657,5487,4595,5750
6543,4219,4140,5511,7599,3236,5986
3047,4193,4194,5476,2853,4661,2711
3490,4592,4031,3248,2610,5505,4332
3564,4121,4110,3971,3651,3871,4717
7850,6348,7451,8086,6994,8156,6886
6935,6055,4741,5653,8429,6375,4395
6272,5950,6652,7294,5848,5966,5320
3715,1562,3523,3137,2613,3440,1438
4996,2985,6018,4900,3539,4135,6986
5546,5238,4979,3394,4845,5378,3963
4587,5138,4934,6458,5371,4463,5461
3604,5713,4785,5655,5175,6406,4963
6722,3648,5611,3614,4591,4776,2193
3827,4381,4124,3113,5564,5813,4999
2901,3393,3701,1813,2941,2973,2204
5995,4499,5322,4196,5725,5858,2074
6737,4378,5133,6418,3005,3662,3778
5235,5965,5812,7783,4053,6152,6080
3980,3666,3764,2599,4950,3989,4588
4719,2767,3634,4851,3990,5051,5729
4837,3870,7479,4945,7692,4039,6484
5228,3364,6077,5843,6711,6592,5321
3862,2966,2728,3483,3475,3698,2876
4393,2097,5340,2594,3349,3289,3619
5039,3424,4820,3583,4266,3842,3396
6028,3359,5009,4081,3978,4093,5167
5270,3419,3856,5273,4193,3477,2742
6539,5618,8135,5459,6789,7146,6662
2412,2610,2974,2908,3621,2386,3971
3796,4433,4634,6007,3706,4707,5804
6897,4830,5894,5961,6253,6021,6130
6199,7472,5353,7594,6187,8130,7045
3507,6438,4178,5416,4595,4143,6522
6422,3829,6062,6305,5919,5327,4786
6417,4457,4940,6260,4997,3546,4181
2665,2662,3816,2942,2687,5015,3286
6258,4724,4513,5151,6459,4147,5485
4989,5581,3662,4734,2578,6846,3248
5288,6253,5767,5040,6606,6691,5575
4232,3698,1872,3129,4655,2720,2370
4724,6697,6030,5178,4422,7348,4441
1734,6632,3883,4042,5410,4809,4717
3792,5559,5352,4529,6415,3378,5039
6740,5374,7040,7062,5523,6683,6606
4312,2549,4546,4339,3496,3388,4374
5613,5750,6171,6133,5273,6687,5993
6916,3542,6222,6443,3270,4001,3385
5081,6015,4947,4904,4337,4703,4331
4389,1035,4620,3866,3905,3408,2967
6514,4931,4457,6066,4145,4707,3281
5514,5320,2702,6137,3280,3977,6751
6999,6232,6870,7246,6413,6379,7631
5561,6070,6520,5439,6261,6459,6587
6333,7927,7798,4726,5354,8453,5714
4915,5967,6813,4588,1933,6902,4027
4845,3775,3330,3696,3943,3618,2905
4987,5804,6516,5495,4839,6388,7310
2493,4732,4159,4769,3311,2878,4673
7140,5608,6325,5761,6648,5209,6819
4908,5182,5193,4599,2260,7883,2972
6822,4572,6399,5324,5747,6454,3077
2543,5710,2124,3646,2787,4501,3244
5635,5884,5005,5611,6232,3105,8300
7321,5373,3073,4763,5816,5150,3688
5899,7059,5367,5957,5332,6704,5219
3504,6029,2400,7661,4570,4710,5993
6726,6696,5111,6105,6740,5906,4971
5087,6686,4460,6556,4064,4408,5787
4460,5384,4607,5683,4357,3922,7380
5037,4788,3360,4340,3069,5762,3032
7176,7267,8023,5492,6672,7117,6272
4464,5938,4645,6861,4280,4522,6609
3699,3951,4839,4047,3153,2936,4946
2696,3363,3989,2731,3447,3720,3206
6028,5206,5050,5430,6062,5882,6470
2781,5091,4054,4723,2958,4231,3974
5511,4715,4288,3083,5170,5551,3702
4051,5457,5185,3598,5384,7325,4061
4563,4061,2564,5956,3842,4892,4030
3668,3905,3881,4374,3401,3648,5248
8125,5541,6295,6783,6346,6338,4660
7353,7850,8667,6174,9384,7528,8510
6537,4995,3804,5490,4566,6073,3187
4445,4302,5828,6379,4228,5759,6810
3468,4332,5278,3314,4350,4596,2895
3546,6894,6339,2945,7550,4591,4445
4772,2743,4735,4040,3534,4105,2142
5123,3413,3797,4323,4316,2883,3549
6451,7623,7955,6378,8415,5845,7990
6531,6047,5611,7538,6458,4645,7328
5541,5209,3507,6722,5074,5975,3502
5549,4914,4202,4774,5826,4234,6352
2176,3459,1939,3968,3316,2817,2705
6697,6716,5577,4523,8555,4707,5278
4860,5755,4139,3487,5858,3480,3184
4270,8650,6624,4400,7158,6305,6184
4097,4154,4858,6124,2158,4796,5071
1523,1700,1064,1802,1664,1471,1128
6058,8169,3534,6608,6290,5269,4796
4531,4333,5203,3918,3630,5013,3815
4908,7480,3865,3224,7391,5396,4921
4613,5438,4922,5842,3332,4726,4030
5891,2878,4463,5168,4354,4318,5054
3533,5825,5843,4785,5265,4540,8073
4366,3779,3646,2065,4013,3275,3919
6079,5506,6799,6683,6465,4748,8080
6800,5473,7534,5481,7077,6029,6381
7006,5194,7197,4959,4262,7177,4467
5737,4300,5956,5837,2137,4481,6591
2946,5448,4294,4358,5684,5253,4082
5804,2829,5507,4129,5410,5353,3810
3252,7199,2019,4454,4760,3947,4686
3672,5038,4967,4517,3421,6872,3879
3268,3629,2552,4457,2081,4161,2671
6066,6766,4104,6620,4711,5620,6405
6161,6566,5599,5090,7026,6961,4823
2626,6480,6201,4389,3132,5718,5963
6167,4578,6233,5696,5324,5980,4739
3655,5997,5549,4369,3736,5739,4891
5863,3788,5342,6025,5282,5090,5156
3263,5240,4028,2156,4314,3349,2763
7524,7740,6849,6639,7855,6252,5974
6325,4863,4612,4785,7264,5515,6161
3058,4720,3660,5081,4426,2338,6811
2296,3788,2282,3008,3050,2507,2642
6426,6110,3422,5565,5279,4354,5658
7596,7961,7508,6411,7513,7736,6542
6132,4867,3105,4856,4782,3643,6044
3131,4267,2497,3256,3721,2281,4088
5313,5382,6790,6012,5444,7589,5172
6259,7403,5200,7436,5354,7360,5991
6931,8374,5687,7384,5977,7455,6971
5420,5727,4898,4987,5611,4383,5072
3733,6025,3575,3824,5690,4030,5481
4131,6041,5585,6224,4803,5691,8962
7327,4791,2015,7756,2815,4714,5412
5412,5099,6029,6209,5382,5048,7428
5781,7453,3462,6408,7345,5838,6928
3984,3740,3391,4716,4350,2861,3949
4164,4058,5367,5643,4245,5718,4838
7114,6220,6528,5890,7889,6944,5946
5644,3580,4306,6026,4546,4130,4247
4750,6332,4240,6582,5484,5144,5336
6265,6428,7959,6707,5989,7000,7923
2826,4403,3470,3241,3374,3524,4052
4915,6425,4326,6720,5225,5333,5531
4534,7276,3651,7336,4684,6458,5588
5038,4925,6249,5292,6111,2805,7840
6752,4808,4442,7006,5269,5217,5578
4086,3463,4249,4580,3423,4291,3261
6958,3982,8671,3649,7764,5902,5812
2212,3620,3110,5008,2352,3416,5864
3489,4135,3369,4058,4430,2824,5665
6942,7458,4483,6880,6866,6065,5348
4445,5426,5634,2726,4637,5356,3965
5210,4590,2853,6332,4186,4998,4528
6663,4872,6884,3344,6670,3952,3322
2927,5359,4200,5328,4300,4119,4354
3903,5049,2847,5610,3488,5258,5142
6671,3791,6777,5317,7057,3455,5474
4257,5125,4802,5294,5784,6075,3667
5473,6165,4657,6149,5370,5822,5872
3063,8359,4061,4882,5639,4887,6211
3834,2979,4670,4688,2157,4691,4380
5288,2589,4570,2485,4629,4112,2722
6104,4375,4311,4815,6396,3689,4397
6052,4300,5152,5028,5721,4421,5391
5602,6643,5299,6364,3991,5872,4963
5643,7863,5603,6399,5880,8014,6169
6728,6281,6167,6138,6019,5541,5147
6337,7002,6872,6196,5519,6398,5727
5385,1793,5910,5005,3314,4824,4676
5657,4448,5959,5818,4098,5046,5415
6286,2997,4426,6067,5497,5070,6666
6968,4369,5924,6196,7791,2488,6318
5612,6540,5963,4691,4628,6053,5000
5724,8245,3437,7394,5714,6300,6038
4632,4622,4656,2923,5222,4851,4361
6233,6937,5568,4866,6991,6580,5585
5006,1908,4271,4184,3655,5048,3096
6454,7113,6050,6255,7179,6451,6012
5995,5204,5501,6512,6296,5675,6107
5280,2481,7484,3175,6444,4613,5263
3375,3477,3600,2428,3268,2175,3753
4131,3254,4513,5128,6408,4218,6416
6940,6914,7910,6161,7276,6539,6485
3680,4864,4989,4258,4889,5668,4696
5217,5941,3821,6507,5985,6132,5318
7326,4455,4234,5503,5965,4716,4006
4638,2921,5398,6333,3557,5158,4599
4101,2002,4314,3771,2471,3532,3241
6170,5200,4574,5580,4984,4690,3140
3921,4617,4533,3610,4849,4205,4593
5037,6202,4183,6413,4526,5694,6083
2620,6225,3377,4315,4518,3340,4746
5638,2800,6877,5465,5668,5479,4618
5613,6584,6349,3745,7558,5592,4333
6382,5163,6476,4287,5241,4031,6366
5396,5204,5077,5681,6405,3879,6802
4403,3878,3948,3116,3705,3877,3308
6447,6582,5672,5563,7347,5515,6640
6873,4153,6613,6285,6014,4287,5663
3591,2613,3915,4736,2600,3401,3577
6229,6818,7033,5801,6965,7688,5848
1945,3799,4106,8162,4345,2879,7056
4600,6476,4133,3906,5103,4177,3945
3402,2148,4560,3016,3850,4197,4492
6604,4944,8140,4752,5819,7359,5604
4260,6206,5991,4686,5133,5976,4607
2931,6341,6299,5345,5347,5377,6315
4232,6359,4973,7419,3482,5494,7345
6213,5474,3201,6430,3633,6583,3052
4452,5712,4144,6043,4226,5063,4737
3135,6873,2897,4213,3624,4708,4650
8614,6603,6443,6790,7444,6608,6852
4970,7554,5591,5590,6227,5172,6602
2739,2091,3552,2311,2891,2618,3774
4967,4308,4828,4202,6391,5755,4491
3569,4998,4700,3669,6068,2591,5525
4786,5922,3927,5956,4026,4275,4415
4581,4497,4035,3759,4652,3684,3608
4235,3828,3285,2810,3940,3721,2907
2386,2967,3027,2013,3608,3255,2456
4554,6530,5865,5318,5413,5389,6332
4250,5372,3237,5556,2526,5671,3164
2274,3145,3237,3917,3088,3911,3393
5460,6071,8099,5774,6546,7079,5740
7027,4928,4647,4592,6349,3838,4710
4729,6289,4317,6543,5476,5061,7091
5578,6569,6929,5877,6697,6839,5624
7953,6099,5495,5840,7239,4531,5765
5998,6406,5196,5625,4023,7199,4418
6032,7319,4460,6282,5497,6790,5821
6023,6701,4686,5632,5296,5816,3983
6133,6831,6442,5689,6011,6189,6623
3535,3772,3210,2350,3350,2310,3054
4004,4298,1774,4696,5365,3130,3469
5271,4219,2736,6562,4804,6214,4418
6129,7952,6233,7029,6794,6144,5931
4346,4999,5470,3891,6436,3255,5421
4000,6868,4410,3133,5260,4525,4184
6312,4526,4588,6244,4246,5491,4139
4124,4915,5165,5342,4899,4045,8030
7652,6081,6905,5877,7037,5577,6001
4287,4172,6056,3762,3353,5459,4427
6518,6832,5025,4804,5410,6052,6854
5408,6486,6054,6807,5921,5884,4680
5921,3113,6539,3579,3203,5341,4046
3849,5917,4884,3984,5275,5204,5206
5841,6799,4999,5741,7888,2970,5491
5166,4668,4073,6371,4914,4921,3191
6999,8074,7631,7772,6969,8513,7695
4841,4489,6803,5372,5422,5593,5763
4783,4202,4705,3384,5494,5638,4831
4485,5204,4484,4663,3728,6352,5508
4107,3900,4388,2411,5034,3394,4556
1295,4562,4395,3984,5278,3469,5220
4879,4400,2710,4864,2667,6631,1916
3600,3081,3887,2477,3540,3550,2459
8177,4397,6267,7683,5718,6474,5520
2908,3018,4185,2394,3823,3900,2769
6981,6696,5910,6797,5980,7816,5548
6130,3978,4276,3368,5598,5211,3804
2043,2990,3457,1557,3599,4308,2905
7225,6406,8144,7150,7049,7291,8187
4944,5211,5719,5467,5723,3918,5718
6481,6482,6894,4132,6955,6368,7071
4365,3149,4467,2183,4446,3820,3985
4287,5775,4601,5036,5876,2833,5743
5070,6119,4178,4828,5557,6615,4364
5701,6924,5233,4714,5324,7635,4665
4647,2992,3580,3282,4255,3366,3258
3897,4043,2092,5015,4437,5390,2509
3393,2138,2934,2810,2898,1193,2483
4566,4668,5759,2072,5880,5015,4376
3913,6715,4540,5855,6515,3451,7508
7945,8630,7246,8190,8340,7446,8126
3946,5137,3580,4882,4312,4721,4984
2325,3613,2965,3480,3030,2886,2545
5457,4906,2850,5554,4297,5588,4306
6991,4385,5847,5349,6414,4479,4567
3107,7380,2162,7021,2321,8004,4145
5231,3700,5769,4363,6732,5234,4795
6827,5932,5854,7138,6207,5139,6833
6554,8236,6616,7285,7987,6610,6698
6461,3647,5355,5625,4359,4579,7225
6492,6488,6147,4857,7051,6371,5265
6055,3872,7321,4016,5892,6105,4674
7022,4326,6516,5073,5814,7491,5476
5657,5642,2412,6206,4227,4977,4022
5565,5845,6443,4857,5644,5056,5423
3760,3776,2799,4097,3906,4031,2809
5785,6325,4993,4187,4468,5668,5253
6530,8544,4637,7468,6865,6732,6004
2360,3598,3141,3237,2654,3236,4077
4630,4088,4256,5700,3687,3448,6060
2995,3063,3946,2732,3742,2405,3839
5296,6437,5096,5296,5717,5934,5401
2482,4501,3306,2875,2953,3212,3915
4283,5958,5535,5654,3509,6306,2966
5493,7298,6719,6421,6084,7145,6542
3354,5100,6424,6407,6145,2195,9022
5453,1631,6714,4290,2146,5170,4957
3826,4280,3218,4425,3961,2372,3611
3932,4766,3700,4784,3455,4176,5404
4415,6341,2979,5656,4804,4904,5218
3456,4055,5007,6331,5611,3672,5327
5366,5658,3261,7148,3161,3974,6186
4264,7026,6489,5402,4331,5065,5399
4804,4854,6361,6567,6342,3466,8407
5459,5470,3454,5110,3643,4192,4651
5488,4084,4587,3887,4174,4616,3525
5217,4564,5073,5065,5917,4428,4090
2219,7333,4217,4055,4570,5912,3371
5454,6625,6188,5999,6330,7391,6615
4333,5162,3633,6873,2914,5885,5430
5276,4815,4496,4318,4721,4266,4010
4056,3345,3510,3536,3123,5600,4358
5234,4821,4290,5388,6219,2913,5903
6413,5480,7798,5308,6524,6136,4999
4119,1409,6839,4097,4473,4126,4002
6316,4044,3911,3433,4366,4235,3839
6186,7337,4972,7151,7418,5372,6583
2812,1922,2609,2873,3111,2930,2350
6328,6307,5267,5130,4208,6919,4498
7310,3206,6838,6054,4131,6019,5785
7498,5412,6444,7618,4174,7087,5677
5112,6780,6483,5213,5680,6346,5277
5502,3409,4755,5711,5029,3486,6052
3980,3975,4887,2621,4260,4513,1716
4482,4526,3731,3463,3886,3865,3845
3830,5761,2073,5774,5391,3414,7183
6414,7241,5903,7253,5268,6176,6610
8052,3582,7526,5326,4334,5533,6118
8391,5823,7824,6091,8117,5632,7051
7152,6092,5788,5849,7219,4835,5945
6616,5221,6268,4994,5644,6154,5023
2724,5037,2960,5194,2434,5251,5690
4005,2716,5438,4507,2813,3735,3479
5880,3023,5623,2740,4847,3064,5937
6772,5186,6299,4052,5488,7302,2858
6546,4878,6522,6136,5612,5736,4644
2367,5587,3353,4918,2828,4986,5272
5630,6316,5082,7210,5518,6800,6719
6318,3486,3818,4272,4787,3860,3026
2462,3714,3332,3223,3227,2372,4888
6973,7840,6392,4059,8143,6307,4917
4410,7348,6114,7096,7153,5832,8529
3362,4371,4053,3224,3581,6209,2839
4070,5752,4244,5568,4767,3688,4337
5709,4460,4019,5418,6694,5826,4486
4568,5251,4398,3266,5245,4129,1927
5301,4187,3047,4811,3086,4465,4583
6040,4031,3595,4668,4522,3715,4139
6563,4461,5814,6373,5503,5874,6726
5029,5778,5458,4952,4534,4087,5036
4207,6902,4525,6098,6012,6429,6221
7156,8210,5767,8342,7310,6523,6849
7622,5555,5508,6191,4719,5941,4663
3549,5541,3327,4569,3102,5353,3525
5108,6396,6218,4330,4869,7273,5844
4643,2946,5669,4098,2625,5081,3907
2844,2979,3958,3063,3089,3380,4407
3416,4062,5618,3423,3530,4847,3298
4752,5772,6933,4561,3513,4929,5119
4370,2693,4756,3091,3704,3102,4318
6591,6908,7231,6666,7621,6910,7527
4855,5558,3639,7630,2579,5026,5060
4613,4297,2862,4601,3286,4650,3105
4751,5914,4771,7147,3173,6700,3782
4586,4998,5897,4947,5083,2979,6988
8551,2690,4790,5322,3753,6882,2740
6238,6222,8214,4584,5862,7855,4861
4615,6411,4099,5620,7472,4341,5989
7188,2701,4838,4714,6218,5386,4860
5315,4536,1971,7647,4719,3746,5148
7180,5575,6928,5514,7066,6826,5923
6475,6388,7814,7486,5638,7014,7180
3982,4683,3097,5662,3192,2373,5564
4218,5052,1866,4227,4476,4147,3570
6038,5371,4956,4817,6093,5482,4812
4563,4539,3632,5816,4107,4351,4885
5286,4760,7708,5240,5203,4852,3775
4437,5159,4513,6799,2889,4904,4130
6693,6674,6941,6927,5669,7342,6641
5405,4255,4675,2715,7128,3976,5327
5428,5046,5137,5439,4676,6286,7415
5473,4378,5790,4639,5130,4631,4302
4790,6327,4653,4505,6994,3418,4699
6393,7224,8001,6767,6897,7258,8112
7297,7941,6794,5231,7551,6767,6134
4849,4366,6097,5223,7234,4018,5864
6319,6296,7401,6762,7280,7001,6799
6458,5102,6010,4167,8442,5775,4624
4403,6475,3949,6037,6672,3195,7102
5561,6024,4431,5651,5574,5502,2543
5785,4298,6697,5089,6766,6980,5174
5255,2235,2848,4342,2758,5178,2438
7818,6014,5666,6592,5172,6668,5535
2569,4372,4378,4577,2701,3935,5260
4121,6841,6882,4442,6612,5277,5018
4188,2071,3640,4973,3407,3386,2300
3763,4822,5919,4676,5111,6192,4507
6350,6384,7317,7050,7090,7120,6721
5422,7031,5059,7127,4938,2949,5877
4376,3521,3258,2605,3513,2867,3581
5316,7810,6333,4196,7802,5234,4991
2987,1656,3897,3670,1551,3703,3231
4435,4278,3421,6635,2854,4768,4777
3774,1647,3368,2843,2196,2920,3751
3853,6379,3272,5905,4754,4358,7029
4931,5764,4737,5887,7134,4643,6836
7190,6111,6889,7049,5815,6621,6734
6030,5309,4830,4540,3796,5788,4340
6486,4991,5742,6358,5037,7916,5115
3068,3513,3309,3621,2333,3373,3166
2646,6516,1916,5970,3465,5192,5144
5014,4848,3995,4530,4927,2763,5710
6376,7099,6532,5422,7151,6790,5991
2786,2733,2376,2629,3326,1430,3012
5297,2676,2175,2878,3692,3071,3058
4506,4359,4060,4073,4731,4629,4176
6204,6019,2754,5696,4518,5627,3121
3730,3961,4192,4340,4486,5040,3844
5764,4519,7415,4771,4147,6278,6617
2627,1459,2590,2038,2381,2008,1999
5805,5454,6090,5636,4864,7253,3749
4932,5811,7150,6052,6546,6737,6216
3240,3184,2529,2709,3306,1757,2415
3216,5281,5241,4195,4081,6629,4480
5505,3798,4375,2805,4377,3770,3184
5051,3643,4918,5423,3648,4317,3868
5089,2706,5122,3703,5035,5793,4397
1259,5572,3283,3716,2554,4644,3433
6206,5516,3928,6420,4651,4402,5318
3222,6838,6894,4352,6849,3508,7061
3312,4352,2939,3763,2558,3555,3541
3995,5321,6320,3798,5686,5351,5671
5741,2859,3811,4889,3512,3600,3957
5248,3599,6175,4649,3879,5989,3620
5570,4850,6259,4896,6625,4304,5997
6969,6406,7548,7134,6924,7178,7167
6660,4038,6374,4515,7432,5473,6736
4021,3205,4877,2201,4545,4455,3713
3923,5324,6018,3160,7202,6363,4359
5109,3346,6307,5811,5227,3601,7598
7093,4272,6297,4410,4552,6592,2066
4139,4299,3903,3404,4273,3164,2232
5875,7065,6487,6904,7514,5912,7581
6866,5179,8774,6781,5368,6042,7498
5703,6295,6075,6770,5006,6733,5439
6239,3978,5389,5442,4425,4054,6893
3779,3647,5100,4062,4338,2792,5678
3140,3413,3576,4457,2722,4414,5179
3446,6054,4951,4511,3344,6838,3604
3005,4961,4223,3301,3435,5576,3478
5332,2779,5042,4970,4169,4510,3166
4031,4170,2568,4669,4189,3902,3275
5380,3400,5278,4776,2980,5355,3811
3628,4383,4372,3122,3108,3892,3280
6714,5475,4365,6201,5954,4035,4066
3926,7267,7300,4260,6658,8137,5882
4730,5823,3781,5376,4708,4854,4597
5275,6330,4764,5266,6101,5042,4482
2763,3936,3738,3541,3907,3216,2707
4400,4797,4422,5182,2793,4165,5185
6447,3708,3853,5437,4202,2741,5800
5316,5276,5681,6171,3695,7099,5575
5693,6335,4719,5593,6163,6121,5132
6869,6926,4927,7895,4151,6176,5203
6495,5456,6509,4673,7421,5579,6256
6558,2831,6888,4147,6293,3837,3748
4915,6561,2919,7009,4703,6141,3923
4581,5361,3803,3848,4045,4275,5213
4229,5117,3517,5561,3079,4267,4065
8037,6030,6355,7383,6811,6943,6052
2309,4776,3431,4356,4807,3244,4670
2375,3087,3231,4564,3738,3767,4908
4802,7623,2382,4858,2916,6698,4446
3064,4755,6306,3973,3783,6000,6172
5465,6631,5924,5347,5099,5057,6714
8272,5464,6550,6886,6993,6384,7424
4659,9034,5338,4527,4912,5355,2588
6864,4515,4906,5114,4346,5715,2581
3632,7544,3086,5818,5263,6350,4128
4518,5713,2719,5853,3980,6188,3034
4564,5070,4379,3735,5197,4528,3324
4409,3410,3402,3446,3534,3564,3571
5160,5091,7112,5178,7809,5028,7881
2301,2540,6028,2423,3498,2344,5244
4592,3194,3616,4215,5494,2742,3219
2233,4497,2699,3011,4247,3282,3252
4477,3970,4105,2402,3977,4647,3881
2589,5344,5627,3568,4596,5624,6343
5086,4288,5750,4589,7190,5545,6304
4513,4729,4721,5077,4586,4658,4386
3577,2794,5630,1263,4105,6730,3523
4224,2286,3711,5148,3505,5001,3565
6086,6437,6650,5676,7421,5229,7825
5155,5927,5710,2385,7224,3778,4578
5739,6228,6539,5486,5002,7307,6331
5796,5230,6884,8165,4492,6957,6914
4177,4377,4144,5878,4032,2841,6223
4684,6922,4554,5480,8205,5791,6080
4834,5550,6110,4849,6112,4759,5416
3135,4246,6860,2982,5480,4450,4475
4773,6307,6310,5110,3916,6961,5752
5968,6972,7589,6694,7095,6519,7903
6827,7229,6565,6327,7541,7491,7374
6801,5484,4898,4361,5795,5878,4027
3064,7709,5682,4236,7129,5565,6722
5803,5776,5643,4587,5253,5495,6457
6680,7588,6510,7221,7251,7066,7349
4702,3965,5249,3381,3734,5706,3220
5146,5144,6364,4141,5072,5128,5511
6109,7155,6487,6871,6394,6938,6146
3250,4775,4091,4365,3467,6160,4215
4666,2877,4082,4381,3375,3548,3804
4339,3117,6086,4116,4459,5758,3698
6601,6261,5567,6747,6350,6814,6295
2992,3259,3850,2543,4011,2917,2754
4104,6733,6576,6534,4325,5962,6055
3256,3032,2915,4237,3129,3090,2562
4809,2318,3669,4974,4806,2775,6254
3625,5665,3766,6214,5492,3231,7540
4733,4622,6683,3418,3975,7313,4030
4034,4918,4283,5574,4413,4113,4017
4318,5798,4191,4265,3781,4117,4602
7164,8384,8211,7072,7542,8729,7419
7011,4772,7445,6412,6237,7194,4549
5027,5807,6904,7142,3035,6335,6794
5642,4739,5168,5492,4327,5947,5244
4935,5311,4139,6941,4361,5789,3830
3292,5694,5118,5403,4168,5237,4873
