2000 7
4732,6752,4074,5075,4689,5466,3426
3788,4487,6337,2993,5341,4295,3515
4861,3918,6528,3654,5913,3858,5382
6288,6997,6430,5840,6216,6788,4096
5080,3734,5344,4339,4770,4906,5339
1483,2657,2500,1896,2392,2150,2846
4333,5085,4992,3850,5021,4313,4000
5906,4355,6001,4860,6937,4713,5399
3267,7125,1618,8762,2677,4275,6374
4766,3599,5308,3980,3459,3864,4334
5419,3335,5047,5660,4597,4722,5070
7186,6682,7970,5889,7595,5376,6550
3663,3627,5868,3013,5687,3030,5509
3709,3852,3542,4635,4143,5093,3626
2575,3828,2915,3782,4947,3235,4256
5898,3421,7765,5824,5314,4503,5743
2826,5259,2847,4367,4328,4831,4612
3749,5043,2571,4891,2827,4263,3087
6385,7026,6711,7071,4712,8591,6593
5261,4924,6327,5617,6096,6207,5366
6203,4529,5039,5402,5749,6620,3766
6305,8044,5567,6424,5903,7178,5925
5826,5651,4990,5075,4216,7122,4982
6260,4966,4538,7161,5626,7259,6975
5484,3276,2341,4640,2703,3216,2871
5032,4674,7755,5499,6139,5157,7861
6969,4755,7324,4414,5873,7349,4815
6962,7136,5614,7175,5722,7198,4862
4241,2461,2244,3692,3348,2849,1937
6075,7800,5906,6369,7175,6198,8088
4200,5843,5182,5516,4644,6001,2621
5021,1935,4080,1645,3197,2059,3146
4597,7700,5472,6544,7459,6174,6974
7226,5477,6010,4459,7174,6222,3677
5781,5529,2556,7339,4982,3111,5801
5030,2467,5079,4602,4284,6054,3173
6676,4973,6010,5065,4366,6000,4001
3483,4635,3026,3199,4789,4338,3243
4886,8230,5600,6130,6070,4560,7949
5080,6570,5444,4728,5707,4542,5127
6926,4503,3300,5459,7034,4749,2809
8124,7189,8567,7384,7267,7943,8257
4233,4845,3278,4445,3293,4814,3470
3821,3839,2783,4353,3529,3675,4769
6985,6203,7470,5809,6386,5688,7176
4859,7166,3913,3935,7104,4877,3827
3596,5868,4569,5335,4131,4852,4221
6125,6434,5195,6957,6939,5627,5225
5534,3706,6140,5169,5737,5025,5821
4818,2944,3478,4938,4679,4712,3933
3107,4448,2579,4929,3741,1986,5580
7188,5741,6550,7928,5623,6708,7857
4260,3854,5794,6743,5746,4975,6950
5944,6963,6448,8479,7754,7128,7281
6277,5386,5847,5500,5262,4878,5459
4901,6534,6013,4821,4967,6295,4317
6429,7477,6891,6706,8729,6651,8358
4550,3912,7181,5261,4486,5500,6981
8363,6856,6395,8470,7545,5671,6367
3072,6530,3465,7385,3468,5068,6235
4859,3962,4886,4502,2851,5459,2774
9068,7547,8335,7858,8224,8139,7355
4746,4551,2079,5903,2901,3704,2442
5268,6967,4352,5755,4755,6969,3655
6489,7145,7482,7144,7657,6954,8524
7244,7335,7250,6052,8577,6380,6607
5034,7133,6027,7182,6261,6071,7891
3973,6166,6198,6332,3513,7621,5501
7356,8041,8416,7254,8288,7142,8501
5178,5097,5006,4230,3173,5033,3061
7135,6969,6472,6277,7250,7385,5606
6922,6120,7795,5479,5781,6430,6737
8173,5725,7717,6315,8357,5524,5990
4273,3700,3176,5284,3232,1985,5206
5677,5580,4802,4437,5179,5275,5028
3741,6050,4067,3766,4541,5088,3957
4193,5684,7073,3172,6213,3555,7632
2489,3616,5131,1842,4638,4652,4807
7866,4920,5939,4767,6707,5962,5363
3306,5942,4400,5990,3422,7439,5642
5357,5143,5935,4219,5492,5306,7420
3947,6310,2442,4423,4932,3961,4289
3908,6759,3610,4859,4818,5489,5678
5338,5017,3495,6980,3246,6322,3784
4045,3972,3146,4701,5820,3702,5002
3605,5013,4206,3477,4731,3547,4566
4990,6533,3668,4585,5913,4691,5382
6038,5766,5353,5792,4450,4786,7540
6818,3858,7327,5592,5367,6340,5668
5302,4079,5567,5433,3543,6628,4281
4296,3226,5484,3263,4642,2171,5774
3512,4116,5214,3787,4216,4655,4524
5696,3211,5927,4097,4909,5877,6101
6976,6181,4130,6912,6662,5439,5558
7708,5515,4980,7186,5404,7552,5559
4429,5537,3323,4962,4734,3257,5153
2150,6206,3689,4389,4256,4534,4782
5671,6511,4416,5111,5169,7444,3411
4851,5777,5402,5497,5704,5393,5302
5801,4622,5717,6018,6266,5782,3788
4872,6355,4966,5883,6011,5731,6076
4465,6720,6647,4348,4971,4828,5935
2732,3833,2363,2443,2922,1552,3229
4588,3489,4863,4944,4639,4240,3233
8202,7415,6388,6769,7386,7914,5810
7817,6719,7681,8329,5970,7640,7281
3012,2878,2815,2411,4046,2414,4198
6326,7386,6974,5844,7462,5419,8255
4064,1689,4378,3447,1737,3718,2326
3191,4587,5393,3720,3817,4287,3009
3545,4524,2215,4100,4913,2562,4406
5208,7763,5946,4514,6606,6676,7234
6337,5337,2714,5435,6627,3674,4027
7255,3797,8633,5356,6995,5240,7113
7499,6725,6924,5101,5731,6015,5999
2803,3181,2514,3095,2736,2862,4598
5496,3041,4411,4303,3160,5085,2565
4271,6905,6140,4123,6494,5067,5784
7810,6719,7112,7102,6529,6964,5983
4782,2975,3119,2846,4464,2005,2866
5243,5079,6008,6244,4081,6245,6223
5829,7214,5451,6119,6843,6001,7036
5023,3485,4326,6128,3565,3380,4869
6154,5795,3369,5584,5002,4012,5198
2896,4678,3213,2950,3868,4071,4401
6833,3951,5099,2289,6530,4255,5097
5723,4158,6815,3710,6576,5084,4501
2714,2853,2343,3691,2365,2210,3946
3502,6210,3118,5063,4676,2819,5630
5197,5679,3278,6533,3041,5498,4825
2864,4441,5603,1752,4719,5604,3016
1542,3207,4216,2578,2241,2824,2983
6444,5590,6003,6136,5191,6103,6063
3594,6404,3680,5628,5082,7624,5868
6492,6665,5915,4548,4765,6518,3338
7434,6980,8309,7189,8201,7422,7013
2201,5040,3994,2723,4597,3192,4860
4580,3887,5897,3226,6259,3262,5779
6881,5380,6485,6906,3417,6505,4665
3303,7555,3375,5500,5507,4641,6360
3703,5577,3250,5115,5061,2172,6295
5115,6073,5365,5392,7246,5838,5976
6040,3828,5947,4570,5520,4909,7223
6228,5009,3117,3894,4966,6364,4780
4745,6414,5214,5215,5150,5166,4063
6304,7607,6706,5863,5336,7362,5717
6957,4939,6086,7192,4666,7658,6333
5800,5446,5506,6917,4718,5498,4497
5266,6389,6469,5288,6356,6067,5583
4471,6279,4729,6699,5601,5702,5314
5041,2225,3111,4203,5225,2179,4123
3027,5654,5097,4954,4631,4595,6261
6212,6605,4286,5239,5385,5850,5124
5083,3169,7339,5933,3131,6390,4709
6638,6406,4502,5642,5204,6212,5136
6330,8185,4477,6318,6298,6814,6477
5475,6503,6442,8311,6489,4044,7323
2891,5679,5443,3245,6773,3023,5993
6363,5262,4338,6218,4644,6496,4639
5296,7305,8656,5403,5059,7168,7274
6182,6905,4179,6859,5111,4927,6016
7990,7569,7911,7791,8303,6672,8057
7428,3561,4954,5267,5562,6846,5531
7646,6977,8265,7350,7053,7230,7256
4352,4064,3596,4132,4561,4643,2637
5457,5822,5640,3973,7808,4619,6116
5392,5958,4651,6167,3646,5582,4377
4344,4270,3615,5493,3176,5106,4778
2519,1823,2390,2999,1708,2860,2456
6225,5070,7118,6461,4932,5432,5645
3030,4995,2629,5576,1688,4409,3197
6531,5564,5068,6911,4419,5856,4178
6906,6152,7167,5783,8274,5307,6949
7893,5512,5926,6479,5678,7557,4604
7757,7259,7305,8085,6795,7915,8724
5727,5635,6386,6113,4412,6465,6502
5574,6929,3237,6679,4652,5087,4936
5341,6582,4286,5604,6412,2438,5988
6139,5705,6722,4160,7143,6906,4806
3838,4683,2956,4216,2994,4882,3400
5957,4690,3499,4136,5687,3190,5018
3273,4889,3258,3817,2952,4777,3998
6075,6544,5208,5987,6633,5482,5768
5853,3101,5748,3585,6652,4697,6315
3742,3025,4410,3183,2687,3479,5042
5780,4222,6675,4948,4215,6204,5234
6109,4284,5767,5068,3974,5639,3814
3314,4332,3049,3319,3712,2926,3130
2886,3167,3634,1904,3744,4664,1044
4396,4829,5626,4283,4169,4366,4462
5991,6345,7059,6175,6967,5604,6020
5074,5905,5303,5656,5511,4612,7096
4280,4334,3914,5815,4403,3347,5239
5902,5298,6210,5103,5245,5419,4435
3876,2838,4962,2784,4278,3016,3389
4920,5103,3722,4539,3840,5970,3338
5087,4933,7105,2753,9123,4144,6590
4650,4197,6124,3713,5284,3995,5433
4318,3160,2222,2482,3590,2200,2519
4975,3160,3013,4056,3825,2996,2761
7030,7078,6519,7179,5912,7552,6969
4135,4143,3904,3689,3070,3104,3185
8078,8443,8627,8332,8375,8332,8594
2825,3967,4527,3200,4649,3844,4123
6373,7561,6912,6402,6961,6383,5895
5967,3648,5674,5546,5531,4267,5504
7345,7056,7990,7349,5706,8115,6226
2118,2464,3340,2009,2443,2908,3340
3160,2187,2148,2622,3854,1865,4296
7110,6361,6347,7666,5960,6726,6262
7181,6611,6722,5835,4988,6135,3274
3632,3222,3780,3099,3494,4052,2386
3111,4331,4593,5581,1434,5597,4593
5907,4562,5499,3250,5843,7077,3374
5558,6063,6468,6478,7688,5110,5370
6226,6006,6479,6505,5093,6009,5746
5042,4231,4257,6563,4599,6630,4805
4477,5282,4567,3744,4851,5595,4648
4281,5323,5261,5359,4911,4075,4484
6457,6960,5493,7613,6124,5428,6437
6657,2169,5416,5915,5344,2721,5156
3315,5575,3309,4403,4682,4459,4743
4889,5923,5333,3961,8701,3446,5328
7335,5187,5892,7027,4901,7316,3892
4569,4780,3489,3925,4112,4131,3726
4094,4375,4798,4760,4894,3525,4996
5761,4860,3989,3708,5408,3414,6408
6870,4889,5689,2462,6173,4909,3637
3459,6078,2825,4254,4697,4852,3864
3728,4141,3930,2740,4228,2979,5109
4777,5015,2893,5508,3234,3512,4234
4662,3251,5691,2859,5138,5498,5171
6029,3449,6053,3801,5831,5428,4262
5782,8095,4883,7419,4846,6871,6738
1466,5171,3060,4625,3438,3223,4988
6529,5511,5665,5085,7229,5744,5598
3889,6492,4369,5335,4329,3561,6665
6483,7233,6047,7168,6504,6134,7322
4750,5107,6487,5143,2584,6313,4409
3230,5558,4042,5269,5702,3900,8379
6803,5845,5195,6474,5162,5145,7084
4420,5099,4564,3736,5317,3694,4888
5001,4982,3514,4184,3805,6456,2865
5242,4272,6912,4746,4269,6341,4568
6127,3721,3971,6113,5653,2266,4479
7065,8307,8003,6251,7392,7323,6681
5673,5831,6103,6151,5843,4650,6688
4492,4332,4644,2582,6960,4753,4886
3247,5433,4094,5149,5698,4331,4313
5808,6506,6491,6093,5855,4656,6157
4920,5547,4890,3962,5381,5314,3764
4576,4548,2786,3762,4369,3412,4004
4577,2771,7152,3009,5985,2237,6197
7249,4876,4122,4796,4812,6760,3463
5489,4788,4544,2690,6874,3035,5607
5509,6033,5533,6388,5776,4947,5990
3147,3890,3658,4935,2509,4338,3214
2703,1874,3936,3283,2123,3205,2031
4775,6954,5232,5558,7790,5438,4252
5749,5096,5685,6117,4464,7677,4234
5820,5943,3919,4942,5746,5566,5450
5036,4108,5238,5560,5343,4391,6210
6394,7079,5474,7433,7447,7319,5491
5599,3811,5192,3409,4505,3951,3590
4628,3294,5064,4155,5049,3852,3508
6587,6029,7208,5452,6786,5359,6680
6772,6711,7119,6293,7238,6135,5662
6690,5950,6152,6925,6171,6298,6123
5812,6172,5566,5631,5216,6266,6364
7714,4196,4213,5314,4600,5209,5023
2283,3943,4085,3902,4191,4043,3789
7292,3382,4432,6538,4100,6923,2722
6018,6929,6556,7686,5652,8066,4401
5653,4851,5600,6336,5050,6372,3671
6038,5951,3000,7291,5231,2269,3370
4547,4539,3940,4272,2344,7682,3475
5209,6021,4973,4476,6098,3770,7270
4559,6073,3727,6441,3692,6978,4329
3739,5407,4631,4147,4705,5658,4252
6031,4068,4954,3923,4429,5215,3308
3189,3377,5071,4080,5083,3674,5908
5643,4722,3583,7188,3936,3746,3671
6527,7014,5582,7753,5746,6083,6885
1881,3817,2598,2749,2526,2452,1925
5931,2902,4123,6575,4645,4755,5478
6930,6354,5345,5405,6352,4202,6323
4173,5983,5571,4471,5418,4223,6727
5664,6244,4049,6027,6388,4469,3626
3635,3346,5314,2075,4393,5115,4106
5347,4636,5497,5533,4168,4305,5144
5311,5820,5973,5853,6352,4851,5899
4287,4967,3121,4404,4799,4472,3816
6106,6222,5309,5157,6500,5375,6366
3177,2631,4768,5252,4640,3795,4766
4266,2197,5985,3278,5966,3205,3603
5725,4175,6147,4437,5360,5875,5927
2624,2647,2684,3333,3266,2291,3097
4495,3066,3660,5519,4371,4012,5210
4664,6409,4154,4822,5861,2657,4991
7502,7368,7308,6480,7653,7048,7464
4350,6592,4268,4593,7025,4616,5573
7770,5330,6498,5066,7020,6856,5429
5346,4052,2788,6416,2573,5653,2433
3696,3990,5599,4333,4363,5190,3694
3856,5654,3930,2890,5607,4494,5600
5183,5873,3395,4325,6566,4077,3637
3578,2716,4747,1722,4310,3510,2474
3022,2601,3098,1352,2870,2133,2036
6912,4215,5859,6262,5671,4888,6330
5531,6354,4537,6338,6299,4930,7128
4340,5682,5668,5901,5473,5823,6367
3173,6101,3458,5477,4788,4365,6634
5712,4289,7689,2476,8862,2968,6634
2813,3564,2878,3252,4316,3083,4123
3782,6185,3564,4515,5437,4179,4998
7313,6423,6026,5211,5402,6451,3408
5869,5754,4955,6712,5105,6743,5488
5498,5004,4569,4742,3444,3442,5450
7639,6884,6922,7137,7808,6308,7874
4954,3853,3998,2319,4339,4597,3880
5033,3645,4409,4674,5851,3676,4843
5910,6523,5973,5627,5631,6229,5696
6851,6281,6230,7187,7263,6285,5927
5264,1893,4417,3946,4899,3077,5221
3501,4868,5246,4571,2493,4237,6061
4435,3449,4750,2108,4265,4654,2416
4018,5155,5549,5996,6115,3392,8649
4703,1828,3559,3968,4504,1931,4053
5455,8157,5693,5334,6025,7811,5485
4184,5020,3187,5247,2003,6307,2594
6591,5652,3854,6724,5924,5629,4046
3622,4858,3659,4328,3976,5800,2258
3059,4745,4238,3214,2625,5231,4418
5025,5986,5762,4872,5796,4874,7089
3899,4331,6035,4259,5120,3685,5746
6884,6464,5290,5140,6616,6667,5423
5345,3880,4832,5369,4999,3949,3562
7134,6260,5199,6020,8042,5299,5394
5464,5159,7817,6371,5640,6943,6464
4974,6641,6938,5151,5483,6487,7345
4101,5813,4336,3557,4686,5641,4166
6797,8022,6496,5743,6469,6153,5456
6157,6205,4962,6158,4742,5857,3968
6601,4604,6885,6014,6153,5526,5503
3164,2930,4141,2000,4934,2951,3033
5744,6664,6758,6527,6937,7334,5659
2161,3276,1770,4108,3117,1698,3809
4830,6643,5662,6132,5456,5892,4712
6695,6398,4802,7194,4825,7469,4925
3378,5038,7214,1628,6683,4472,6413
7392,6951,6805,7942,6175,6874,7910
5584,7257,5225,5709,6034,5976,6540
2853,4094,3423,3838,2492,4262,3723
5600,6640,5153,6073,7157,6916,5767
6168,5528,6717,5786,2531,8120,4470
3084,2157,3374,3722,2671,2436,2607
4760,3722,4623,5670,2912,5194,2900
3332,6645,5439,4768,2251,6624,3568
5996,7885,5974,6387,5947,5655,7007
6979,4299,4484,4711,4792,4154,2630
4995,4597,4631,4970,3835,6254,4708
6839,2802,5506,5074,3136,5349,5016
3874,6955,2564,5530,3564,4624,4815
3886,6272,4409,5379,6210,4065,6584
6002,7189,7465,5831,7625,6671,7765
4235,5361,6783,5537,5790,4289,6891
4904,6362,6459,2655,8490,4106,6708
4016,6424,5560,4866,4561,7892,6185
5756,3850,5157,4802,2882,6757,3337
2704,5167,4772,2795,4857,3263,4718
2225,3228,2336,3073,2315,2546,4132
4071,3933,4200,3081,5518,3753,4316
7086,3779,5301,5159,7642,3660,6718
7033,7363,7814,6285,5998,6994,6559
5608,6573,5164,6422,6706,5100,6637
5155,5135,5704,3193,6358,6719,3046
7248,4647,6651,4790,5210,7008,2943
3335,6303,6077,3976,4687,5316,6722
3705,3602,2061,3650,5367,2924,2675
5619,3492,3276,3036,3217,3906,4295
4370,7427,5548,6572,5459,6413,5410
6417,3593,5290,5867,4669,5411,5527
3141,4692,4686,3506,5298,4256,5477
7453,5639,5381,6406,5573,6925,5975
8071,6190,7524,5770,7675,6369,6313
3952,3654,3308,3626,4314,4194,3568
6105,4310,5894,5346,3966,5372,5245
4638,5141,6311,5138,6269,5072,5626
4524,3251,4380,2746,5273,4783,2517
5754,4748,6407,5155,4464,6130,4708
5775,3231,4068,5137,4027,3482,4578
6084,7447,5676,6691,7943,6309,6107
7715,3453,8351,5659,7099,5713,7073
6007,5148,6013,4929,6488,5834,6489
6016,5712,6290,5870,6627,7286,7180
6264,5623,7176,6596,6195,7165,7299
4633,4890,3815,4025,2928,5022,3508
3113,5512,3376,3341,4554,2563,4005
7097,6609,6985,6647,6784,6126,7134
3871,6473,3348,6385,4617,5232,5597
4919,3570,4642,3020,4017,3355,4693
4390,5158,2902,6650,2987,5272,5366
6267,4768,4929,6544,6818,5405,4737
4400,4286,4784,5170,2201,4128,4531
5916,4728,3078,4753,6050,4687,4346
6100,4037,5487,5135,6043,4549,4820
5523,5222,3539,5159,5226,4913,4804
6222,5279,4760,5539,5294,6101,4297
2896,4586,2338,3933,4274,3262,4683
3276,2915,2527,3520,3491,1831,2121
3948,6703,4111,3573,5376,5380,3482
6109,4232,5097,5228,5587,7204,3894
5815,3813,5537,4355,2804,4546,5574
6944,4571,6571,4571,7068,4626,5851
4630,3708,4707,4622,4903,4130,4977
3688,2992,4736,3043,3863,2958,3452
5748,4932,5815,2801,4753,4376,4510
3591,5401,2894,4306,6437,4366,3660
6615,7211,6386,7223,7373,6624,7454
3009,2203,1289,3415,1365,1987,2636
3046,5398,6514,858,6023,6083,5101
5973,6549,5557,5632,5959,4351,6971
3542,5753,2425,5795,3703,4867,4683
4492,4568,4343,5949,3278,4484,4138
3210,5184,3705,5646,2104,5953,4039
7093,3957,8074,4030,5519,3817,3577
3908,6255,2665,5909,3913,4247,3449
5178,5598,5755,4992,6357,5059,4840
6948,4561,6259,4635,6117,4538,5123
5581,6781,5530,7320,2888,7609,2143
3308,2726,4147,2719,4100,3606,3563
4951,3647,4526,3776,4288,3991,2598
7784,8580,7069,7679,8245,7842,7306
7823,7011,7782,6135,7671,7574,7556
3809,3635,4066,3326,3740,3575,4280
3885,5920,5013,2173,7376,3513,5199
6486,5477,4822,3393,6428,5574,4762
6277,4373,5947,5573,3896,5489,4194
6583,2480,4304,1664,4680,3134,2343
2986,6886,3408,3287,6058,3918,5625
4063,5897,4387,4143,5299,4643,4742
3879,2752,3895,4377,2562,4357,4177
3676,5962,2926,6057,3806,4649,4846
5189,4287,4663,6646,3439,6520,4776
4961,4385,4252,3965,3315,5693,3743
5552,5714,4747,4600,6132,4387,4934
6079,4526,6500,4685,5721,5997,4825
4560,2962,4269,5934,3521,3725,4813
3237,2234,2182,2283,1820,2415,2129
3115,5621,3269,5164,4329,4498,4756
5261,5436,6623,3784,6563,5255,5073
4703,3443,6389,4017,4174,4195,7558
4423,3259,5579,4114,3089,3878,5622
4265,3418,5164,4803,1699,5506,3039
7179,5830,4551,5415,5892,7161,2258
7408,6212,5966,5250,7624,5304,5066
5409,7388,6152,6976,5641,7268,6177
4961,4744,5624,4436,7846,3887,7051
5837,5543,6759,6103,5438,5721,5588
4908,6628,6043,7165,4118,6284,6884
3609,3486,2450,2764,4076,2189,3677
5430,4713,4144,4415,4954,4306,5656
4186,2377,4000,4760,3233,3022,3908
7935,7933,7831,7042,8641,8164,7393
5690,6149,6660,5041,5725,6113,6014
6672,3335,4349,6601,5019,3533,5553
4029,5042,3772,4043,4256,4777,5097
5557,6016,5711,5096,7196,3924,6978
4789,2163,4694,2954,5629,4089,4872
2178,6337,3971,3861,4515,4134,4583
2115,4316,3866,3106,2729,4154,3523
7627,4258,5102,8031,4111,5556,6303
3243,4781,2879,6308,3314,4765,5421
4739,4273,4287,5273,2189,5803,3975
2939,5496,3173,5915,5322,3272,5518
6657,5845,7414,6973,5717,6213,6528
4236,3008,3489,3568,2917,3692,2680
5437,3325,5092,5295,4576,4777,4651
3420,4816,6526,5761,5272,3653,6355
4708,6645,3674,8394,5112,5566,7074
5087,6156,4359,5971,5441,5900,6142
4306,5424,2906,3829,5580,3132,4121
4366,4554,2093,3638,4721,4688,3950
6243,8306,4466,7225,4931,6398,6076
6217,7468,7010,5610,6883,7573,5301
5773,6229,4971,4661,7188,5866,4704
4966,6348,4250,5692,6944,4680,6339
5561,7084,6442,6214,7551,6980,6441
2959,4781,3973,2988,4361,4109,3095
5004,4317,4155,6546,4059,6379,5112
8561,7440,7964,8248,7114,8573,6849
3434,8050,4385,4207,6654,5047,5557
7130,4550,6578,7107,5456,7113,7032
3887,3230,2754,4948,3352,4019,4701
6261,6358,5430,6400,6542,6825,4132
3477,2178,2481,2678,2248,2481,2190
4277,4906,3708,2866,4344,3121,3436
3960,2552,4269,3101,3568,3527,1989
5035,3891,5366,4248,4163,4488,4200
3055,3828,3762,2114,4601,2790,3876
4272,2976,4456,5052,3401,2889,3426
4882,5914,2107,5426,2534,5473,4623
2688,3820,3462,3649,4116,1791,3834
5593,5833,5091,3049,7141,4269,3536
5329,5308,4036,8182,4360,6854,6144
3495,4530,3570,5024,5947,4114,5756
4859,3264,3499,4376,2401,5056,4906
7383,5507,7627,5138,6703,6976,5519
5177,7231,5449,3480,4631,5159,4503
4718,6939,5620,3881,5709,4705,5075
6209,7031,4110,7125,5301,6041,6833
5035,5836,6677,6807,4790,8291,4453
2295,4192,3358,1547,3866,2696,2128
7218,5173,5608,5331,4862,9017,1959
5612,6397,2642,7217,5316,5462,4419
5243,5189,8293,4130,5415,6350,6767
5730,6638,5289,8154,4642,8048,5742
5499,5753,6591,6026,5538,5819,6520
3608,2435,4667,3085,3835,2538,4370
6210,4399,5329,4439,3719,5761,5047
5125,3953,6422,4378,4608,5834,5800
4692,7138,5610,7282,5515,5285,6980
4561,5665,6252,5301,4753,5657,6024
5336,5844,4714,6733,5033,6316,4768
4316,4969,6836,6427,4657,7040,7523
6769,6223,6506,5286,6044,5670,5609
6562,7586,6760,7270,6360,6149,7127
3043,5406,3714,4419,4567,4530,5788
5149,7521,4873,5045,6532,5847,4415
1869,3550,3547,2683,3127,2250,4091
3728,3735,4994,2602,3269,2705,3224
5737,4090,4541,2282,5045,3660,2625
7168,4682,6521,3433,5495,8891,5244
6802,5298,4577,5727,7025,5136,4184
7873,3590,4659,4773,3965,4787,4458
7237,5547,5042,5191,5227,4659,4893
4248,5500,3790,3524,5699,4098,4255
6976,5485,4662,6388,5856,5081,4491
4277,5210,5267,6866,5012,6356,3957
3462,6477,5297,4186,5086,6015,6690
3307,2268,2866,3719,2107,2018,2410
7816,7767,8295,6898,7585,7887,7921
5990,6275,5030,4030,6959,3663,5899
5068,5508,4511,4849,5583,4774,3913
5943,3259,4375,7564,5762,2968,4393
8534,5106,6714,6658,5342,6222,5201
3214,4265,5039,3416,5236,2276,6416
5895,1942,6369,3935,6592,3121,6865
5617,5102,5463,3552,4778,4308,4051
3996,2888,5796,4112,3951,4617,6716
5078,6348,4225,6737,4722,5076,5269
5304,3009,3540,4640,3528,4168,4238
6350,2065,4978,5272,3870,3172,4746
3667,3993,3772,3337,5112,2129,4403
5109,3089,3808,4443,3982,3127,3648
2948,4534,6014,2683,6589,7057,6182
6966,5691,5755,5217,5935,4656,5622
6598,5604,4024,5182,5349,4968,4060
6451,4832,2989,4102,5841,5735,2156
6887,7586,7478,8253,6647,7187,7296
4188,5144,4065,6182,4150,2241,6270
1960,5182,6231,4137,6103,1894,8572
7182,6574,7558,7272,7393,8300,6590
5790,6840,5057,5099,5908,6222,2917
4164,4111,6718,3401,4286,4359,5290
8269,5406,7203,6418,6166,6956,6470
5681,5977,6012,6873,6185,6863,5659
5532,4444,5563,5123,2833,3094,4682
7237,6440,6355,7903,5664,8486,4733
3263,2236,2271,2796,2487,2179,2121
4551,4268,5185,5363,2695,3352,5712
5803,6162,5873,6427,7661,5721,6937
5634,7549,2092,7545,5288,3667,6416
6066,4258,4604,3355,6597,5504,5376
4729,5296,4944,4456,2790,6767,5044
3976,5580,6808,5988,4238,5950,6225
6775,5371,6674,5631,7309,6654,5642
4474,3958,4997,5499,1671,6184,4539
3605,4848,3746,4664,5230,6603,4706
3496,4888,1698,4517,3498,4751,3030
4776,6109,3384,5556,4890,2973,4911
3543,3626,3251,4239,3358,3716,4340
4391,2855,4885,5975,4482,4796,4932
7258,5842,4347,6515,4867,7338,3803
3964,4049,4614,4263,4609,4675,3362
5980,4351,6619,4077,6099,4524,5720
5554,6804,6057,6077,7344,6480,6835
4875,6578,7052,6532,6444,6490,7706
2536,4665,3617,3768,3006,4572,4248
5333,5513,5635,5939,5027,5647,3837
6868,6891,7777,6536,8289,7739,7332
6976,7341,7663,6913,8223,7668,6909
6758,6530,7345,6092,5953,7835,7857
3316,3927,2725,5509,2590,2082,5513
6598,4514,3301,6421,4178,3971,5076
6939,3986,7911,6291,5634,6267,5793
6774,8109,6727,8061,5831,7505,7233
3094,5040,5457,2542,3726,4368,4490
5892,6103,5577,6412,4630,4929,5556
6542,3856,5269,6719,2573,5556,4918
6580,5513,8010,5805,6812,6099,7536
3584,3399,2316,3291,3424,3219,3280
4328,4065,6211,4439,4127,4871,4902
9451,7093,7675,8468,7887,8178,7268
3466,2839,3268,1604,4305,3207,3125
3661,2931,4206,2960,2973,3068,3948
4687,6511,7064,6614,6440,5293,6420
3186,3169,3662,3044,2655,3185,2805
3069,2730,5118,3342,3202,3779,5318
4291,7079,6484,4659,5243,5795,6866
6401,6369,5997,5896,3814,7086,5359
6027,6587,5127,5356,4010,6194,4336
4528,4976,4122,5470,4645,4793,4249
2631,5032,3637,3760,5383,4843,4846
7474,6172,5955,6300,5868,7621,5597
4834,6488,5388,5267,6198,4614,6726
4332,2663,5198,4810,3706,2886,6423
6914,3215,5163,4314,3836,5198,3454
3523,6655,4642,4618,3576,4581,3579
3178,3806,3336,4324,3970,2860,4433
3710,4366,4133,5476,2561,5101,5932
2963,3136,2282,4882,1371,4776,3564
5977,7118,6264,6352,7052,5451,6777
4518,4343,5690,3172,5261,5103,5522
6208,5200,4450,4474,5804,3105,4202
6952,5209,5545,6180,6581,4655,5273
4062,5377,5109,4540,5174,5321,5663
5566,7102,5673,7010,7087,5451,7717
4719,4986,4624,5511,6575,3229,7345
3967,7719,3446,3738,4980,4992,3903
6806,6242,6856,5404,6401,5390,7199
3183,3319,3519,2605,3469,3535,2392
8003,5402,6821,8019,5673,7353,5842
6539,5862,6305,4925,5558,6710,7253
6163,3781,6078,2656,5889,4029,5104
3719,7562,6288,6364,4409,6355,7262
7132,4121,6030,6000,6694,4876,6518
6173,8241,6597,7186,6798,7117,8442
7332,5010,6366,4143,6686,5818,4528
3248,3961,5699,2291,4227,3624,4960
4048,7412,5490,6275,6365,5382,5577
5689,6355,6018,5639,4552,7208,5844
2210,3294,2796,2129,3971,2657,2837
5117,4911,4463,6516,4804,5740,4186
2629,3193,4151,2474,3263,2617,4028
3144,3537,3024,4414,3033,4124,5285
3144,4110,3576,1282,4024,5038,2496
5599,5621,5911,7242,5066,6272,6363
6569,7662,6152,7627,6555,6925,8088
7529,5717,5269,5193,4535,4874,4320
4656,3843,2158,5028,3409,3027,980
5555,6757,5385,5376,5959,5272,5870
7258,8015,7741,7665,7142,7042,8004
2641,3685,4896,2361,4192,2318,5224
6673,4344,6179,4690,6194,4706,5110
5505,7330,6404,5989,6499,6852,7536
4159,3591,4883,5276,4547,4352,5697
4937,6083,6660,4475,5574,5169,6987
6094,4215,6450,4929,5281,6681,3768
4883,4323,4622,5632,4402,6440,6726
4789,5314,5204,6677,4259,5178,6093
4430,3369,6835,4768,6539,4021,5463
4064,3288,3760,3988,2274,4495,3156
2324,5396,4243,3920,4615,5523,4476
4708,4451,5817,3920,4707,7004,4670
6322,5865,4816,6918,6926,4555,6564
5729,4565,2657,4919,4543,5193,2736
5157,5184,5418,5516,6454,4796,8232
6084,4306,5741,6418,5967,5712,6147
4686,7328,5172,7316,6373,4888,7569
3052,2792,5209,3688,4265,4380,4642
5507,6174,6406,7883,5435,6867,7804
4560,4997,6021,4947,5680,6482,4245
5248,7679,3793,4757,5939,4174,5541
4115,5749,3288,4666,3672,3723,4391
6138,5069,6997,5332,6638,6059,6010
6910,7836,6899,7188,7560,7072,7880
6082,4245,4739,3981,5961,4138,4566
5012,3773,3845,5290,2925,4814,3122
2976,3990,4948,3728,4436,4792,4189
7499,6295,6455,6917,6026,6422,6211
6049,6178,6464,4553,5931,7559,4253
3614,5483,2823,5943,4908,4206,5265
7387,6377,5645,6549,6810,6468,5911
7928,7214,8441,6224,8187,6769,6609
6249,4110,5750,5407,6602,5021,3925
5631,4122,7005,5051,5503,5267,6209
5940,1556,8042,3118,6903,3606,6383
4136,3622,5253,3471,4292,4877,2795
2967,2473,3037,2019,1310,3305,2167
3850,4689,5843,3109,3703,3501,5643
1819,4135,4232,5840,2489,5119,6295
6316,4278,4282,6250,5901,3059,6974
5971,4795,5363,6700,5116,6136,3616
5872,5758,5535,4482,5194,7847,5073
4585,4599,2967,3311,4549,4209,4109
5214,5644,3111,6342,2823,8083,4038
4124,5245,4071,4880,5825,4698,3939
4709,5038,6460,5547,3530,6094,4388
5603,4266,6031,5476,4740,5788,6044
4767,6089,3737,3017,7536,1480,4585
7226,7385,6523,7564,7376,7086,7639
4586,5796,4855,6260,4112,6238,4258
6105,5121,5739,7197,4840,7148,6311
2175,3994,4677,3840,5387,2961,6465
2420,6310,1720,3278,3546,7043,2405
6571,7006,6457,6774,8040,5988,7387
6434,6143,5886,5671,5958,5850,6551
6157,6677,6105,7903,5932,7281,8002
3524,4493,4071,6369,2846,4910,6462
4791,5694,5260,6281,5447,4888,8107
5337,4884,4612,6189,5420,4964,5365
3581,4475,1003,5529,3672,3448,3295
5491,3508,3350,3465,2877,4269,3208
6571,2527,4041,2766,5590,3172,2430
6586,3561,5447,4655,4454,5043,3298
4562,3627,4099,2881,3638,3893,4230
5478,4914,3477,5063,3338,6261,5124
4110,8366,4514,7020,5526,6155,7475
4513,7099,4829,6371,4397,6866,5788
5880,6906,5923,6064,7785,5691,6329
6528,4431,4813,6649,4710,2924,4704
3623,3259,3098,2972,2735,3839,2007
5739,3795,5851,6607,6021,4243,6862
5553,6146,8099,4903,4627,7664,6833
6107,5353,3137,5568,4379,4540,4202
4716,3509,3510,4991,4739,4763,4962
4663,4418,2849,6444,3269,5771,4217
4928,4309,6442,7123,4374,5673,7024
7061,4836,6991,5716,7573,7283,6386
5449,5410,6415,4701,5593,4820,4844
6201,6167,6093,6961,4104,6890,4043
2945,7083,5329,6332,4064,5334,5488
3768,5465,4933,3166,5022,4973,3672
5993,4985,5936,7623,4548,5486,5482
2124,2100,1423,1968,2118,2150,1241
5651,4606,5481,5085,8173,4954,7699
3027,3307,4307,4194,3749,4209,4129
3321,6142,4477,4450,5070,5963,7123
6981,5192,6718,7578,4380,7581,4949
3998,5258,4812,4617,3059,6058,3930
7057,3828,4367,6214,6679,4190,5023
4486,5645,6393,5785,4432,6210,4851
1890,3575,2839,4502,3734,1202,4725
6351,5374,5262,5383,6279,5440,5087
3381,5639,4517,4601,5179,3859,5672
2922,4036,3709,4483,4135,5201,3134
5202,5698,4210,5446,6209,4275,7433
4131,5262,2715,5993,3595,5882,3988
7448,5489,5622,7532,4320,6086,6957
3491,4104,2745,5846,4690,4488,6028
7729,4324,5915,6092,7044,7007,3944
5164,5562,5045,4088,4722,5850,3529
5355,3004,4021,4911,3970,4666,3685
1462,4117,3346,2450,3355,2849,2403
4467,2941,4736,3567,4065,4470,4839
5406,4844,4860,5516,3829,6418,5544
2462,6005,3673,4452,3471,3841,5683
3025,3563,5536,4227,4338,2513,7776
7486,5201,7369,5817,7826,4895,7360
5463,4716,4726,5544,4313,5580,4941
4350,3865,3112,3880,3792,3323,2574
5991,6718,6185,4288,3651,6920,4947
5579,5698,5101,7182,5888,6186,5976
4950,5163,3603,4410,5062,4091,2403
4751,5181,3767,6765,4489,6488,4900
3328,2535,3150,3584,3097,1764,4676
3529,6687,4786,6881,4223,6647,7172
6397,3088,5379,3913,3706,6405,3696
2980,5251,6338,4685,5851,2468,8482
4133,5499,5629,3949,4611,5015,4228
5636,5026,4298,5175,4555,6659,4616
5092,4101,4060,4565,6769,3192,4814
4725,5962,4307,4147,6355,2725,5794
7960,6889,7911,5822,7392,7770,5086
3960,6379,5312,4742,4847,6921,6003
3645,4772,4899,3493,6046,2370,5145
6113,5600,6235,3788,6695,6145,4958
2924,4006,4757,2793,3084,4225,4137
3346,2506,2757,3068,2205,3334,3020
4732,5750,4240,3446,4883,3769,6116
3704,4137,4629,2126,4796,4786,3772
6223,6612,8441,6436,7341,5831,7641
4275,4170,3022,2435,4024,4168,1728
4281,5104,3723,4805,4963,5685,3721
5431,3683,6913,6758,4377,6840,6974
6820,5652,3721,6192,5666,5426,5957
3017,7155,4108,4802,5343,4109,6352
2154,5467,4826,4227,4708,6140,5268
5811,3166,5936,3592,7383,4022,5253
5454,4567,5183,3460,6136,3491,4071
6330,5625,6993,5021,5179,7407,5369
7653,7952,7796,5864,7787,7865,6836
5865,6431,6991,5019,6036,6139,7099
3108,3385,4823,4094,5663,2733,4819
7842,5770,7521,6612,7450,6727,6043
4558,4291,5652,3796,5226,4217,4633
4753,5105,4524,4721,4524,4764,3578
7192,7680,7236,7459,6304,7587,6968
6465,6705,7221,5856,6772,6735,6090
5553,6437,6367,5622,6388,6727,4487
2698,2356,2611,2743,2676,2277,2236
4812,4219,2808,5011,3966,2670,4173
7084,8511,6704,8772,7076,7515,8195
3506,5040,3950,4526,4010,4928,4085
3956,4243,4281,4478,3945,3847,4652
5847,6924,4075,6848,7407,6324,5894
4290,4532,4706,6284,3263,4258,6133
4945,2465,5164,3539,4976,4522,3357
5523,3470,4801,3196,3656,6361,2068
7103,5976,5919,7139,6078,6386,4473
6416,4637,5848,6606,6795,4844,6634
3779,2882,3175,2538,3585,3207,1501
5414,4506,4941,6995,3884,6616,3824
5289,4581,5414,5891,5841,4689,6297
3828,2193,2819,4208,3410,3257,3803
4259,3718,4327,5054,5040,3767,6410
7151,6733,7268,6971,7622,6978,7305
2903,7879,4114,5524,6685,4916,5407
5620,3596,6069,5444,3863,5561,5367
3722,4779,4522,3567,2231,5102,4955
1897,4161,2727,3864,1444,3878,3341
2875,5019,3611,3486,2581,6395,2845
7296,2054,5445,6802,3597,3916,6039
4035,3075,3349,2960,3695,4000,2039
5323,4409,3771,5540,5555,3830,5156
5070,3295,6327,5836,3895,5964,5417
5012,8326,5175,6783,5397,7276,7061
6755,2741,5753,4280,6431,4083,6064
5066,3758,3504,6377,5532,4463,5957
6180,3579,6300,6492,3871,7116,5304
4323,4170,7413,3075,3948,5261,6583
4316,3882,6731,1879,5957,4392,5628
5848,6838,5273,6332,5163,5975,5663
4527,2563,5930,4515,4280,3845,5386
5554,4919,4771,3725,4654,5105,5125
3238,5993,3106,4980,4248,4132,5089
3513,3033,3276,4367,3663,2938,5875
4845,3815,5463,4702,5347,6026,4790
5106,5355,7713,6428,5924,5350,5516
2559,2626,4319,4091,3019,4246,4594
6245,6121,6137,5044,4809,7130,4773
4796,6253,2645,4401,5190,6230,4830
5862,4729,6372,5092,5375,5240,5398
5350,6699,6548,6988,5828,6731,6269
7450,5770,6018,4538,5544,5300,5872
6164,5528,4310,5414,3953,6272,3348
4881,3152,4628,4232,4510,4968,1938
7060,5982,8037,5716,5654,7216,5885
3442,3463,3153,3918,5496,2532,4661
5347,1775,6649,4773,4024,3917,4745
3945,3536,4541,3129,5196,3140,2841
7015,4153,7643,6443,4826,5499,6358
5377,6382,6928,6059,5572,6361,5524
4102,3995,3942,6205,4896,4773,3942
6325,4955,7031,6496,2488,7053,4590
5726,3946,5675,2891,6021,3264,4763
3918,3744,2387,5406,4853,4292,5266
3150,4784,5753,5130,3510,5250,6979
3544,2576,4441,3535,4588,2925,3455
7028,6507,8786,6252,6789,5792,6723
4206,5393,4942,4440,4352,4235,5125
2961,3212,2177,2252,2782,2763,3107
8225,6649,7215,5502,9088,5421,7071
5181,7043,6962,5390,4606,7060,6244
6679,6455,5860,6532,6627,6417,6283
1851,949,2358,1636,1467,2391,1636
5415,7146,6507,3931,7410,4983,6745
6041,4400,6610,4416,6310,4515,5930
3952,4773,2489,4923,4637,3884,2216
2612,1803,1948,1706,1795,2026,1775
4618,4927,2947,4739,3931,4079,4608
7448,5675,7560,7625,5594,6105,6412
4211,4711,4646,3947,3964,3635,5073
4845,6014,4937,4118,7223,2847,5461
5100,8450,4745,5565,6197,7024,5855
7206,6537,5820,7387,5464,7185,6187
5675,4984,6192,7651,5481,5031,7060
7399,5109,6922,6286,5573,7734,7012
3634,4202,6169,4256,4148,4865,4048
6163,1728,4609,3914,3846,2756,4026
6365,6528,5242,5279,6072,5138,6727
6270,3710,4842,6250,3870,6397,3014
927,8589,2886,5794,4154,5250,8771
6067,6533,4696,6693,5100,6615,6061
6771,7528,6868,7400,7769,6360,7401
6021,7190,6744,5522,8414,5439,7177
5230,5258,5216,4179,3971,4916,4169
2931,4759,2483,5612,1927,3558,3361
4574,5824,6736,6714,6794,4092,7436
6100,9050,5997,8428,6974,6881,7842
6125,4274,5254,6482,4384,6123,6320
6104,6977,7881,5100,7235,6364,6230
5559,7542,5938,7291,5561,5624,6483
4339,4827,3950,6770,5332,5203,4991
5293,6402,2592,5137,5719,5752,4148
4253,5617,6072,5100,3945,6777,6110
7268,6495,8153,8346,6707,6991,8689
4426,6172,5623,6301,5383,5347,6493
3588,2883,4003,3716,4722,2982,4770
5266,5331,5536,3969,5732,5458,4383
7573,7812,6880,7337,7418,7477,7424
6951,5362,7318,6326,6450,6206,5746
3557,5971,5189,3822,4805,4748,4326
8232,6099,5908,5291,6847,7095,4333
5945,8131,4575,6593,5068,8035,5778
5224,6146,6176,6304,5147,6358,6074
5300,7678,6318,4675,5258,5422,5495
4927,2710,4113,4161,4196,3311,2755
3551,4576,1904,4305,3785,3225,3689
4130,5390,3945,4116,5309,5637,3819
6012,4544,3296,7495,5962,3046,3873
5110,4486,4694,5638,5937,4700,4620
5775,4685,7069,5433,5111,6281,6312
2914,6648,4194,4076,3809,4678,5293
4206,3493,5514,3173,5186,4921,2398
4240,4736,3378,4586,4270,4769,4568
2641,3170,4577,2133,3266,3844,2814
7419,6482,6066,6889,7161,5090,5480
7756,8279,8081,7692,7964,7970,7827
5624,5634,4920,3856,7726,2133,6930
5008,4030,4880,4167,7505,4461,4614
3865,5100,6052,5043,4712,4572,7910
4860,5220,4018,4330,3041,5067,4367
3489,5580,5329,3447,4469,4940,6146
7485,6540,5579,6091,4602,6053,5131
4667,5853,5560,5210,2843,6466,3990
5852,4093,7096,5801,6071,5830,7259
4281,6439,3732,6821,5844,3585,5287
7632,6842,6568,8026,7469,7671,6940
4623,4330,5525,6782,4498,5700,3772
4162,4836,2152,5436,4187,4722,5399
7249,6814,6707,7056,6808,7918,6914
5538,4500,4676,3528,3577,6681,3056
4332,5026,4394,5818,4468,3354,3782
5404,2577,5541,5216,6274,5510,5536
5126,6073,3789,2237,6018,2706,3723
5952,6267,4404,6577,4346,4450,5469
5031,5394,5721,5123,5174,6633,4261
5309,6485,7018,6033,4423,6566,3908
4609,3655,5359,3431,3957,5131,4503
4322,5307,3773,2790,6093,5302,3881
4137,3206,5001,3978,4951,4729,4742
3215,4199,2440,3123,3319,4038,2457
4002,5387,3555,5652,2573,5959,3475
3338,3983,2271,3864,3782,3404,2894
3943,7118,4772,5204,6369,5611,6412
5866,5624,5618,4182,5006,5420,5685
5160,4417,3338,4751,5568,5609,2987
4514,4838,5790,4501,6644,5291,6334
5956,7067,6348,6456,7688,5826,6517
6120,3658,4837,5127,6823,3972,3283
6860,4666,6759,4246,5246,6072,3809
5639,4819,4882,4638,6870,5516,3968
6346,3924,3584,5889,5958,5670,3966
6232,4660,5501,3282,6314,4560,6108
4374,5518,3083,5284,4362,2842,4566
5029,5871,3997,5142,4314,5431,4475
4972,5946,2985,5764,3632,3461,5272
5182,6666,5427,5487,5106,4689,5128
5279,3182,5428,5591,3627,3632,4292
2846,4338,3467,4169,3802,5659,4379
4177,6433,2360,3561,5553,4589,2616
7399,4407,6779,6128,6128,5691,3685
7135,7361,5951,6500,6441,7631,4893
2825,4177,5791,5484,3028,5564,4413
4386,3327,4771,3472,7395,1905,5360
6852,7509,5859,7427,8141,6371,7414
5774,6384,6669,7053,7387,6517,6579
2744,3015,2807,2476,3824,2070,2034
6225,6968,7605,7381,6742,8273,7514
4304,7089,5495,4170,6052,4169,5971
6586,4297,4301,6270,3707,3503,5948
2409,6381,6581,2880,5821,6495,4611
4258,2605,4456,3621,3654,3729,3797
4477,1298,4521,3205,2741,4093,2747
5628,6257,4714,6045,4830,6599,6105
2512,3746,3280,3912,3126,3462,6128
6924,5177,5484,6452,7440,2997,7642
3452,4050,2276,4122,4310,3760,3125
3981,3965,5506,2513,5444,3196,5321
2248,5650,4543,3255,5896,2982,3719
6653,6926,6422,7576,6447,6993,5889
5974,8171,5477,6764,7904,6441,7512
5921,5084,7455,5872,6947,5636,5369
6367,4435,3549,6105,4765,6391,4037
6460,5869,6580,5698,7546,5504,6333
5729,5299,4271,4635,7002,4302,5010
4809,5855,5075,7108,3672,5608,5392
3261,4180,4694,3508,3824,4116,4925
3589,7553,5913,5915,4302,6297,6772
2998,1397,3424,1341,3250,1940,2226
6792,7198,6488,7637,6827,7811,7092
8039,6448,7849,6129,8084,6034,7437
5409,3797,7577,4510,5330,4002,4946
7084,5272,6060,5937,7269,4833,4577
3081,4423,4019,2358,3843,3233,3620
4990,4657,4508,5646,5560,4517,6364
4934,6956,4463,5955,6188,5512,5761
3263,5069,2811,3675,3956,2828,3688
3482,5108,3711,4115,5124,4333,4354
5671,5886,5190,5939,6918,3972,6414
3300,5548,5626,3345,4439,5916,4953
6118,5682,4089,6859,4433,6384,5337
3801,5943,2505,5172,4822,3278,6912
6348,6174,6505,6444,7959,4777,8223
5860,6991,5881,5930,7346,5810,6132
5679,5602,6958,5750,5909,6816,6988
4352,5190,4993,5146,3073,5612,5611
5876,3557,3626,5445,4631,5244,4640
6510,6775,7167,7477,7165,5874,6765
4579,4366,5283,6251,3066,6612,4796
4709,7085,3715,6887,3927,7283,5146
3383,5093,4456,4160,4426,5289,4702
3848,6296,5154,5507,7688,4100,5165
4664,6813,7131,6688,6254,5529,7418
3748,5069,5309,3160,6551,2309,6813
5726,6926,8255,6128,5988,6448,6773
4793,7018,5125,6144,5514,6471,5958
2886,6219,5950,4137,5568,3726,7751
6681,4391,7483,6566,5461,7362,5206
3008,3000,2686,3707,2746,3460,3041
4798,3942,3723,5834,3212,5032,5965
3381,5888,4608,5069,3776,5942,4633
8028,5506,5800,7116,4858,6388,5479
3281,4533,2137,4075,4255,3751,4606
7218,4604,5502,4378,6918,4162,5167
4848,2707,5261,2338,3877,4592,3359
3726,6960,5077,3385,5488,3747,4486
3573,2483,1800,4385,2848,2499,3806
6210,5033,6448,7641,4559,6567,7314
5865,6840,6637,5052,7394,5964,6594
3365,4797,3972,3709,4137,4582,3920
5446,5306,6657,5328,4709,5726,6444
4658,6238,4388,2602,7293,1921,7322
6213,5658,4582,5394,6947,4526,5049
4144,5417,7453,4231,5256,4634,5481
4694,6558,4671,5304,5068,4616,5463
6189,4303,5527,5499,7399,5306,4230
6539,7591,6039,7132,6170,7357,6119
6592,7472,6734,6542,6400,7650,6144
7492,6012,6343,6752,5846,6450,6579
6180,4562,4611,5738,6100,3791,4797
3314,2662,3286,3406,2177,4123,2999
3584,3407,5529,4106,4180,3279,4847
4627,5479,2505,4658,5204,4012,4846
4304,4203,3421,4290,5012,5419,4717
6041,7405,6467,6474,5868,6355,7293
6040,4980,5459,3989,6005,3275,5023
5738,4829,6970,5283,2978,5686,5357
2577,5161,4248,3644,4170,4031,4790
6102,4584,6913,4617,5735,5927,5815
5578,4904,3886,6468,3066,6162,4604
5762,6332,6298,5665,6044,5726,6001
3414,3678,5455,3731,4803,4195,2783
6130,5351,4855,2915,3953,6677,3091
6668,5410,5947,5417,5215,7181,4231
5809,5469,5136,4997,6246,4781,5087
8453,4366,6995,5780,6590,6564,4518
5112,4332,6255,4058,5281,4767,4506
6279,5071,7509,4927,6275,6485,4307
3290,4818,3270,5009,2276,6041,4779
7785,4224,5891,5514,7273,5352,4386
8151,5096,5917,6161,5029,5838,4005
3340,4814,5988,5031,4420,3525,5371
6249,4523,6625,6780,6857,6475,5619
5417,6205,6585,4514,7738,5390,5181
4145,4511,4186,5636,4116,3930,4208
5457,4993,4751,7228,3719,7008,4192
4589,6244,5753,6494,5264,6529,5799
7322,4984,4751,6047,6664,5664,4039
6226,5115,5099,6715,5403,5172,8137
7118,6877,6520,6789,6493,8312,5924
3534,3405,3223,3039,5222,3377,3248
7252,7448,4948,7143,7924,5638,5737
7279,5799,6010,4655,5299,6955,4312
2143,2400,2576,2340,2702,2765,1745
6060,7807,6309,6945,7130,6226,7770
6480,5935,4995,5106,6305,6829,5163
7780,4460,7566,6989,7260,6079,6079
5045,6989,5301,5992,5017,7998,6133
4236,3674,3945,2984,4346,4605,2979
5129,5234,6331,4079,6868,5146,4702
5134,3237,3782,3956,2449,5253,2741
3279,3528,2316,3592,3793,1735,3355
5483,2942,7763,2604,5866,5189,4146
5114,4272,5754,3525,5462,5018,3517
4445,5735,2819,6246,4021,5386,3978
2463,3559,2997,3051,3362,3123,2854
5153,5514,6026,5315,4419,6472,4100
3584,4247,3892,4515,4237,3272,5970
6151,4433,3822,5624,3626,6171,3111
5245,5979,6787,5011,6569,4714,6683
4576,4452,3143,5038,3164,5251,4088
4362,3337,4326,2926,3713,4482,2070
6493,4149,4193,4721,5730,5998,3639
2387,4706,4433,3007,5852,2975,5277
8186,2387,6239,5288,3854,5007,4288
6375,4048,7814,1461,7892,5131,3027
4131,3931,3012,3179,4004,3651,3069
2829,1321,2765,2503,1631,2428,2233
6301,8605,7640,7422,7803,7447,8169
5958,5219,7941,4655,4606,6669,5765
4377,4091,4682,5951,2375,5986,5346
2524,1934,5301,3485,3107,3037,4670
4488,5522,5500,5116,5169,5187,3568
2542,3937,3091,3434,2599,4249,3182
4047,4967,4375,5031,3807,3562,4937
7550,3281,5809,4075,5877,3824,3662
6465,5626,7441,3754,5841,6450,4079
2710,3115,3710,3183,3094,3988,2724
5600,4477,6506,4698,6014,6514,5867
5636,5290,5923,5689,4386,7384,4804
3425,3735,2125,3477,1940,3970,2416
7600,4401,6334,5197,5651,4662,5749
3571,1847,3133,2508,3056,3152,2983
2249,5182,5784,2905,2829,6350,4920
5750,6496,7479,7021,6363,6079,8065
6148,4258,6360,5902,4678,7380,3688
4570,6249,2033,7731,4618,2809,5069
4926,3745,4758,4796,4826,6100,4921
7055,3588,5088,4960,5991,5411,6253
3167,5177,4341,6020,5407,4441,4864
3922,3243,3922,3175,4336,2344,3703
5659,5125,3738,6327,5076,4751,3359
5253,4509,4138,3198,4044,4249,2480
3562,4873,3167,4240,4802,5831,4198
6275,5941,7678,5163,6931,4765,6810
3262,8470,4550,4220,6373,5030,5847
6563,4814,4583,7277,6416,4619,6682
3809,3894,3862,4626,2241,4536,4601
5483,7966,5433,8798,6713,7505,5479
4663,4307,4397,4197,5985,3844,5540
4284,3284,3329,5312,5230,3380,6514
4961,4228,4924,4135,4234,5665,3414
5436,5186,6158,5383,4816,7507,5470
4083,3971,4829,3231,4228,5410,2347
4038,5028,4345,5504,5020,6969,4258
5944,5072,5276,3650,7358,4671,3462
5193,7176,6887,6197,6501,5796,6613
4645,6494,5005,5843,5102,5433,5572
5718,5450,3849,6996,5667,4628,5628
4499,3909,4346,3224,5289,1982,6087
5938,6385,6597,7199,5921,5196,6490
1866,3768,3380,3592,3148,3524,4220
2040,3058,1584,2777,2502,2454,1803
5625,6264,5894,6595,5098,5620,6360
1972,4366,3268,2864,3054,4219,3678
7066,4029,7885,3396,6318,5403,4963
4023,5994,4200,6000,6388,3129,7418
3631,5080,4292,4656,4136,4210,6541
5858,4080,5296,6332,2362,5538,4485
5034,5588,6963,5716,3743,7704,6164
7148,8228,5139,6647,8690,6419,5401
5095,6114,6405,4113,7052,5782,6835
3794,5070,6725,4843,5312,5838,4362
6259,6442,6856,5482,6106,7119,6326
5129,3744,5555,4272,6539,6018,5393
6545,6328,7887,4180,4970,7021,5594
4471,2413,5271,3851,3822,4225,3364
4181,4324,4489,5669,4728,2927,5383
2899,5960,3148,6918,6633,3605,6626
4215,2380,3563,5942,3425,2190,4319
4435,3704,5750,5413,5917,4206,6550
6690,5738,9145,6930,6634,6913,7240
4502,3361,3705,2894,4774,2646,3735
2750,4550,4172,5259,2928,6403,5819
4829,5635,4278,5030,4283,3379,7451
4912,5931,2802,6767,3724,4767,5069
6308,4171,7139,6001,4465,6287,6059
6428,3413,6035,5278,3310,5888,4969
7489,7316,5964,6993,6161,7680,5317
5310,6379,6172,5683,6821,4836,6725
5513,5551,6006,5170,5731,6381,5222
5968,5808,6486,5098,6753,6542,5284
7178,5867,6297,5998,7583,4993,7816
6612,4975,4482,4373,5412,3246,3650
4860,4741,4626,4130,4086,6933,2745
3791,2967,3473,4573,3975,3120,4645
5839,7644,7672,5888,7018,7736,7226
4546,6394,3174,4377,5617,6619,4084
3842,4000,4115,3412,2562,2341,4390
5158,4846,6764,3296,7005,4674,6046
5007,4811,7328,6992,3842,7021,6404
3845,3438,3672,3853,3780,3432,2685
4863,6719,4161,4470,4882,5103,4072
6600,4869,5620,5070,6259,6075,4760
4729,4985,5662,7645,6261,6021,6843
6303,8067,5815,6087,7659,5992,7535
3831,5877,4813,3933,5884,4250,5024
1658,2614,1324,2362,2370,2253,1886
3713,5187,5261,5034,4707,3872,7903
3522,4279,3771,3684,4867,4458,2568
6170,4588,1967,5353,7549,2484,3167
3312,2939,2120,3324,2970,3407,1851
3620,3880,3877,4133,3407,4807,4087
4611,7924,4379,7170,6515,6532,5961
4071,3216,4222,4974,5632,4328,5603
5123,3910,4780,3273,3515,3639,2223
3730,3305,4042,4209,4831,4072,5646
5997,4142,5558,6328,4383,6011,5069
5550,6630,5040,7031,4536,5692,5460
6523,5909,5653,5435,7071,4393,3976
3655,3321,4270,3234,4922,2893,3214
4914,2536,5513,4417,4143,3152,4086
5783,5396,6642,5517,6804,4382,6400
5007,4957,6672,6830,6618,5152,7728
4052,1946,7393,3836,3532,4617,6088
7896,8395,8277,7857,8419,7935,8130
2327,5161,3229,2965,5360,1638,5573
4828,5118,6700,3974,5642,5682,5024
5562,4892,5556,6243,5676,5486,4450
5803,6941,6039,5302,6353,6792,6316
6543,4731,4308,4016,5130,4679,3265
3844,3965,6213,2222,5943,3781,2966
7368,5653,6397,7481,5033,6699,5882
5667,7800,8038,5617,8144,7994,7577
5134,6328,5425,6066,5267,5156,6714
7198,4370,6580,6708,4227,5175,5344
6357,8869,6908,7299,7318,7308,7708
1256,2978,3911,4160,2654,2523,3308
5051,4778,3018,5813,4418,6721,5267
3566,4789,5593,5991,4384,5162,6559
6525,6519,5752,4953,5780,5545,6461
5808,6184,6095,6236,5209,5850,5453
6481,4828,8728,4243,6246,7248,4818
5593,3563,5798,6155,5087,4366,5008
4180,2428,2946,5398,3771,3287,4144
7595,5625,4531,6448,6586,5146,4546
5847,2812,4044,5324,4410,3945,3625
8339,4231,5038,4700,5354,4899,3633
6287,6219,6031,6751,6123,5740,6893
3720,3485,3037,4014,2602,3932,2860
3003,2669,3008,1895,2081,3141,1830
3297,2983,3371,3668,3276,3738,2201
4642,2560,6061,4488,2979,4224,6010
3290,3751,6483,1947,5061,3130,6259
7302,5754,5796,4900,5318,4718,5951
4107,3932,3324,6645,4359,4694,5648
3956,4505,5172,3938,4242,4268,3352
6291,4238,7675,4630,5138,5394,5952
5947,5011,5577,6612,2714,7210,3968
6282,4750,2750,4063,4399,3135,4022
2441,5964,4728,5316,3540,6043,7299
7100,3816,6512,4742,7297,5262,4437
6270,6629,5026,5968,5789,6548,5110
4401,4044,3187,5452,6211,4028,5786
2973,6540,2661,5908,3039,4437,5581
4807,3954,3743,3625,5582,4133,3474
3684,3564,9032,3516,4919,4065,6848
2317,2061,2037,1952,2183,2404,1423
5874,7896,6382,8278,5735,7575,6838
7394,5512,6491,7517,7179,6885,6509
6897,6698,5533,7191,5788,7118,4956
6877,6213,4460,6048,3530,6296,7419
6628,5302,4993,4880,4690,3904,3966
6005,6510,7640,5591,6888,5993,7657
4308,6189,3937,4484,5073,5345,6938
6653,7789,7343,7063,7580,7491,7676
5062,3354,4154,6303,3414,4943,3870
3237,4760,3565,3565,4444,3327,4188
3311,4422,3906,3856,5001,3340,3402
3515,5211,4222,5069,2782,5588,3835
5923,3558,5544,5795,3644,6780,2441
4704,5036,3541,5511,5010,4890,4875
2776,5326,4984,4700,3693,2633,6131
6920,8193,5258,7575,4974,7722,5172
2693,5990,2742,3876,4220,3963,6396
6612,2109,4868,3163,4497,3205,2497
2758,4939,1433,4571,3609,4345,4504
5853,5964,5413,7089,5373,6531,6457
4565,7499,4184,5428,7002,5563,4718
6896,2347,7467,3672,6467,3058,4498
6579,6756,8251,6096,7071,6168,7514
2528,4857,2289,4232,3248,4187,1843
6862,2366,5351,4800,5968,2246,5586
3291,5570,3827,3859,5463,2628,4767
6508,5477,7439,6338,6062,7047,7261
3998,7625,3830,8287,5830,4916,5889
4857,6258,6460,5208,6383,4828,5677
6656,3762,4569,1983,6108,5582,2871
3634,4123,3046,4160,3784,2629,4903
6367,6959,5575,6362,7934,5708,7575
4100,5279,5118,5043,7282,5201,5997
4231,5303,5231,4708,5983,2271,6722
2561,4076,3851,3046,3198,2440,4344
5208,5066,4937,3872,6558,5124,5728
4239,4921,4475,2730,6512,4261,3751
5404,4158,7116,3775,3889,6624,5461
5059,5299,3917,5225,3660,4674,3551
4548,5934,3857,5762,4017,3629,4362
7145,7313,6257,8279,6755,6059,7973
3881,6245,4373,4268,5354,7797,3351
5904,7464,6657,6697,7697,5394,7562
6712,4325,5420,6941,5131,5335,4257
2486,4043,2016,4611,3834,2763,3658
5619,6563,3887,4074,5853,4108,5740
6441,4710,6019,6038,7173,3975,5949
6319,5719,7165,6664,4671,7612,5637
5518,5023,5559,3596,5924,5255,5325
6509,3673,3570,5490,5704,6134,4778
3209,5530,2734,3632,6201,2039,5401
5126,5282,7326,3739,7100,5510,7854
4220,6661,4020,8286,5616,5912,7998
3459,5302,4127,4806,4281,3224,2606
2580,5363,2147,3717,4695,4741,4923
6202,4606,6674,6551,5885,6750,5511
3648,3521,6795,3742,6502,5650,5199
6028,7285,4606,8051,4558,5630,6953
6558,5995,6569,7657,5631,5738,7997
7904,7280,6802,7189,8274,7371,6660
6339,6143,4533,6868,4987,6524,4878
5594,5837,7635,4217,6506,5068,6337
4451,3854,3654,5800,4629,4396,3697
5552,4458,6086,6574,4553,5445,5781
5285,6825,4134,6691,5255,5855,5849
6443,4964,4528,5791,4993,4246,5917
4375,4658,3997,4462,4143,3489,3964
4671,4925,5747,4268,3913,4167,2870
4689,4405,5939,5766,3332,5429,4824
7553,6951,5461,5862,6994,5587,6577
3033,2195,5454,3831,3354,1877,6054
4806,5979,3778,5318,3125,4687,5582
6423,6493,5337,7108,4999,6876,7203
3772,4286,3052,4303,5216,4946,4475
3410,4313,3727,2742,4031,3955,3588
4176,2964,7518,2684,6579,4635,5434
4016,5139,3191,4205,5556,3974,5043
5147,4980,5274,4929,5505,4626,4231
7488,4215,5589,5944,6132,6922,4857
5351,5037,5902,4940,5695,5072,4971
2336,3155,3087,2996,2928,3080,2911
4844,6021,4033,4609,4558,5352,4398
4311,3901,4922,5690,3138,6442,3290
3386,4029,3936,1069,4546,3362,3091
3935,3703,3821,4309,3824,3137,3073
4024,5846,4247,5581,4973,4822,6812
3452,3268,4559,4432,4609,3816,3284
4918,6616,6425,5893,6063,5233,7099
5389,5462,5974,5749,5331,6231,5600
4299,5794,3846,4408,4864,5754,6067
4593,7032,6045,6835,5714,4965,6868
5520,2361,6265,4835,5237,4370,5798
6189,3755,7214,4199,5992,3828,6980
4561,5244,5428,5639,3946,6412,5053
4166,6204,7589,6550,5387,6706,6780
4816,6584,4228,6345,5015,4440,5823
7551,5653,6903,5687,6284,7528,5204
5446,3394,6177,4266,6544,4469,7334
5496,5473,7443,5375,4975,6815,5949
4950,7806,4651,5433,5928,6198,6857
3684,2385,4782,4104,2333,4427,3711
5327,3318,4260,5205,3909,5571,5288
6864,6603,7456,5730,7014,6464,7165
5232,5187,6048,6655,6484,6676,3917
7887,4830,6907,5893,6374,5647,2878
6413,7301,5858,8307,7495,6321,6559
6257,3238,4075,5190,4838,5557,4930
2577,6926,4709,6921,5124,4629,4654
5311,4847,5775,3253,4370,5623,3753
6919,5773,4526,3761,7439,5267,4351
4604,5785,5399,4097,3779,5309,4839
4360,3581,5315,4427,3748,3954,6884
5188,5124,5483,3543,5620,5993,4876
6046,5410,6504,7351,6510,6318,7140
5854,4059,2208,5031,5351,2544,3734
4276,4929,7425,5709,4264,5643,7285
6467,5904,6260,6466,6178,6301,5759
5016,5330,3484,3522,2724,5347,3441
4651,4070,4932,6025,4597,2599,5808
7603,6124,5948,7704,6480,6164,5964
7105,6160,7801,6680,7219,7039,7490
6316,7278,8405,4742,7059,7317,6151
4068,4833,5615,5744,3684,4810,4357
4207,4940,6936,5001,3357,6700,5598
3635,4391,4299,2148,5546,3298,3163
3619,5016,1726,5010,4810,4159,2660
6164,6760,6655,5278,5716,6447,5812
4609,5481,5716,4898,5174,4712,6931
3828,5193,4616,3976,6280,3727,3911
6644,7565,5956,6921,8681,7027,6223
6352,2144,4827,5057,4995,4732,2768
5113,7443,6535,4848,5640,6329,5734
3382,4464,4438,4359,4847,5081,5706
6391,4532,6795,2382,4976,6715,5038
4500,3742,4129,5021,1996,5241,3329
6969,4178,5138,6207,5839,5575,4826
4690,4689,6155,6306,6154,4064,7906
2132,6654,2766,4787,5110,3674,6071
7987,4936,7997,4419,8130,4592,5609
3553,1986,4451,1278,4640,3464,4429
4637,5947,3891,5558,5841,3788,3604
2355,4336,1591,2748,6202,2129,3123
5116,6788,3347,3915,5384,5053,4033
6088,6064,7795,4841,6976,6392,6323
5405,5378,6283,4726,3796,7128,3940
4893,3102,3308,5342,3374,4322,4365
3615,3884,3464,3037,2452,4026,2714
7885,6877,5124,5952,8369,6017,5450
5795,4673,5337,4364,6998,5346,3440
5182,2142,5772,2475,3827,4755,1290
7582,7087,6505,7458,7683,6045,5602
3670,5098,3634,6490,4952,5247,4366
5087,6095,6574,6900,6445,5986,5326
6314,4621,6004,5933,5076,5066,5785
5166,6577,4772,4005,4893,4462,7523
5221,7145,4448,5422,7921,4024,5670
5950,5355,6677,7968,6167,4277,8501
5007,4898,4274,5941,5991,3545,6489
5592,6026,5799,4117,6836,4858,4626
3895,6242,4956,3228,6017,5228,3199
5218,5121,5025,4978,3953,7172,4395
4532,3721,7112,3473,8223,4931,5111
4637,5183,5415,6323,5335,5268,7119
6191,5464,5524,6917,3680,6352,5976
5623,6444,6283,6599,7847,6871,6194
4074,5778,5058,3080,4896,5297,3422
4382,5762,5697,4777,5172,4404,6464
5602,5504,2920,4722,5225,5831,5064
4368,6792,4772,5370,6134,5148,7155
6029,6219,7089,5530,7772,6622,5988
5284,6200,7084,3625,6202,5191,5298
7335,7253,6429,6956,5520,8565,6600
5698,4459,7105,5528,6506,6572,7359
2525,4059,2629,2823,2761,4052,2752
5494,2287,3278,6793,2839,6412,4024
4644,5549,6628,5714,4462,5152,6361
3044,2864,4271,3212,2606,3587,3657
8173,3109,8326,1317,7211,5040,5589
4194,3011,7625,4817,4218,4504,6304
5210,4206,3594,4356,3393,1968,5050
6257,5723,6189,4911,6304,6296,4479
2763,2665,3369,2800,3204,2155,2843
4924,4646,4042,4729,5566,4498,3958
4415,6600,4433,6199,3949,5477,6406
5430,6117,6941,7222,5796,6933,7585
3923,5020,3091,6076,2942,4935,5898
6315,2761,4137,3958,4543,5083,2241
4894,6659,5810,5406,5582,2714,5580
7246,5447,7026,6534,6629,7452,6276
3038,3530,3898,2733,2422,3286,2918
4790,4915,5866,2618,5216,4911,4328
5723,5724,6273,6850,6797,5880,5381
5593,5284,5247,2574,5131,3493,4306
5025,5390,5928,5731,5642,3586,5496
5114,6471,6377,4878,5358,6568,7525
2376,2400,2545,2384,4364,1887,3690
5971,2618,4866,3320,4173,5168,2082
4162,3208,5909,1652,4631,2790,5237
5278,5187,4397,3784,7210,5713,3549
4867,4931,5975,6091,4656,4404,6054
3940,4672,2862,5785,2200,3523,5881
5575,5662,6614,5859,4290,5252,5518
6995,7334,4496,6558,6311,6909,5105
5615,6265,5096,6769,4461,6128,5701
2971,4535,2834,3390,4061,1897,4080
5043,3476,4365,5045,4780,2557,6890
6866,3306,3646,4005,3748,4703,4314
4755,3323,5389,3299,5471,4317,4679
5818,5837,4569,6990,4662,6856,5862
4759,5225,5291,5490,4857,5079,6286
6166,6933,6601,6399,6136,6763,7785
7524,5015,6726,7351,5240,6337,6926
3931,7436,3628,6619,5358,7324,6209
5568,6104,4051,6226,5988,5000,3838
4058,5708,3411,2860,4555,4689,2720
2647,4317,3075,1918,3590,3720,2138
7063,5375,6492,6251,6708,7232,5098
3367,4167,4766,3578,3715,2259,6251
6076,5011,5425,2330,6097,6124,4180
4769,1171,6445,5152,4593,7115,4543
7022,5558,6373,6603,4099,7642,4864
6420,7442,6707,5893,6698,6396,6220
6659,7331,3362,6550,4656,7084,5324
4733,4414,5412,5026,5897,4552,5531
4500,6662,6492,5863,6459,6894,7538
5262,3951,4323,4190,5336,4799,2038
6647,4620,3827,6809,4856,3269,6734
4270,5733,2885,6527,3933,4275,5661
4702,3166,4258,4216,3926,4519,2431
5521,5526,6368,5441,5565,5881,6052
4522,6115,4699,5853,4151,5381,3970
6966,6416,7100,7555,6715,6586,8242
4237,2312,3192,1881,4808,2659,2345
4751,7441,4619,6473,6466,5114,7173
2573,7046,4587,5612,2812,7265,5082
3684,3333,3921,2541,5120,3915,2700
4032,3883,4630,4120,5162,4798,6046
3503,4882,4408,3429,4846,3818,3727
2114,3439,1945,3534,1703,2606,3265
3807,4453,3589,3694,5127,4318,3838
2370,3103,3981,3031,2835,2746,3035
6199,5310,5597,5129,6424,4996,6123
6873,4545,4392,6877,4212,5383,5137
3836,2953,3928,4302,5301,3814,5436
6764,4305,3258,4456,6010,4805,3319
3425,5213,7934,3665,6873,4479,6885
5001,1580,3804,3583,3767,3338,1562
7005,5939,6479,6364,5001,7662,6292
5497,5735,6746,4601,6109,6149,6659
5507,4795,2388,5138,4250,4639,2560
5333,6574,5985,6424,6036,5909,4440
6638,3472,5311,5054,4932,5771,4581
5395,4509,3797,5768,4026,5910,3602
3492,2813,4438,3539,5656,3895,3664
4456,3083,4192,4317,3197,3262,4540
6618,4132,4506,5823,5486,2249,4305
6517,5076,4728,5881,5978,4891,6162
6797,3407,4007,3858,6269,3636,4715
3498,4994,3539,5718,2083,4085,2647
5949,3069,4820,2933,7429,3321,5149
7315,4978,5217,6430,6057,6645,5637
4568,7417,4489,3885,5548,4654,7013
3556,5052,3006,5783,3740,4323,4941
7702,8129,7983,7427,7308,8231,7600
3990,5489,6467,6173,6897,5926,6842
4991,7019,5252,5334,4912,6322,4516
4061,3997,3580,5615,4140,4303,5160
5223,3816,4915,6305,4632,5761,2736
6411,5822,6584,6952,5346,6875,4756
7609,4893,5953,6800,4925,7073,6235
2503,5811,4466,4114,3512,3261,4749
5099,3097,4576,4206,4609,4450,4426
4325,5447,5312,5154,5364,7266,5333
5788,4451,4386,4868,3129,5306,4759
4709,4791,6600,5891,3515,7572,6033
6767,7914,6774,7819,6530,8184,7053
4741,6237,5031,5596,4231,8624,3527
3770,4912,5979,1183,6009,3774,4455
5695,8192,4979,4740,6324,4952,6311
5360,5900,5816,5792,5400,5317,5932
4595,5138,4959,5424,4872,5434,5071
2660,4627,3147,3028,3893,4003,3687
6325,5991,6205,5917,6835,5837,6317
1639,4978,4131,4117,4139,2521,6786
3940,5722,4546,5573,3886,6830,5465
5030,4716,7388,4346,4148,5523,5217
8085,6873,7278,7005,8276,7458,6430
3102,5593,3923,5002,4409,4298,3839
3354,3559,2604,5616,3563,3861,4678
4294,5350,3656,2911,4339,5331,5180
5524,5423,3762,6607,5972,3320,7024
6716,6467,5865,6611,6700,6928,5441
7850,3913,6382,4632,4656,5721,3727
7899,5577,7114,6693,6280,7258,7270
3711,5015,2855,6164,2871,5230,6239
6436,6746,6420,6554,7121,4081,7471
3800,5107,4682,3328,2743,6525,4467
3018,3614,4756,3127,3038,3007,4641
5430,7081,4703,5698,5857,4649,3470
3944,4633,3208,3334,5380,3073,3069
4066,5870,3647,5922,4802,5991,6661
4411,6499,6917,3706,6577,6030,6774
2017,4763,3570,4195,3764,3158,5768
5911,4717,5417,5565,5328,6673,5268
3580,2871,1947,3300,1761,2640,2525
5375,5799,6371,3986,6462,4464,7873
5741,6120,7526,5653,6753,6449,6681
4328,6070,6494,4897,6830,4059,8227
7284,4140,6240,6905,4125,5844,6665
3931,4420,2568,4645,4269,4612,2191
6219,6790,5615,7346,6365,6097,8413
3158,3882,4492,4324,4590,2848,5325
5235,5151,4349,5280,6817,2368,5162
6431,7283,5497,5682,8334,6016,6241
1844,5656,3113,6688,4176,3991,5599
6473,5503,4759,5515,4081,6374,5240
4722,5306,5818,4352,6540,4090,5658
5416,3914,6916,3976,7214,3343,5389
5758,6695,6280,4226,8216,5721,6609
5609,5051,3443,3196,3694,3318,4285
6080,5970,5600,6045,2858,6151,4370
6802,6180,6612,8426,7234,5558,7888
4376,4439,3856,3135,5410,2043,5457
7541,7100,7971,6971,8216,6782,6949
6984,9079,8009,7374,8048,8378,7550
4998,7389,6068,8083,6691,7211,6100
5455,4621,5026,7053,4034,3007,4886
3515,5214,4358,3424,4301,4519,5366
2913,4613,2099,3421,3417,3463,3275
5127,4837,5749,5302,3429,6071,3997
3151,3972,2483,2622,4043,3279,2404
3862,5557,4782,4571,4575,3325,7342
5287,7407,5920,5388,7409,5616,8281
6767,5222,6270,3673,6698,6821,3308
5316,4516,4956,5973,5268,5372,4850
6439,7718,6832,6986,6224,6440,6891
8042,7211,8246,5718,8476,5970,6133
5036,3104,4528,3691,4569,2965,5779
3601,4467,6358,3219,6607,5747,6953
8172,5882,8259,6937,7091,7098,6320
4902,5478,5858,4488,5441,6494,5325
4478,3459,5496,3429,6644,2358,4668
5348,6101,6654,4962,5410,7140,3814
4104,7858,6894,3741,7218,4826,8351
5391,5733,4387,6172,3800,7571,3688
6481,5850,4322,6819,5523,7040,7448
6657,6089,8103,6198,5581,7468,7132
4845,4528,5050,5492,5825,4166,2666
5063,4427,6432,3544,6988,3600,5757
4190,5256,5973,5658,5234,6474,5457
4487,5729,5518,5272,4336,4922,4861
4795,6815,4529,5722,4080,5698,4206
4741,6371,6145,5564,5062,5616,5189
6123,5450,5656,6757,6151,6028,6655
3969,4179,4848,3457,5167,5021,3161
4138,5168,3391,4609,4678,3524,4748
4982,4099,6544,6491,3511,5781,6335
7164,6567,6914,7496,6263,7223,5870
2027,3251,1081,3742,1347,3144,3387
6932,5265,3925,6330,6055,5650,5109
8410,6811,8572,5660,6885,7350,5996
8604,7471,7900,8007,7653,7628,7527
3172,5146,2525,6561,3237,6018,4061
4943,2762,4319,3346,4842,4187,4320
4749,5587,3779,5235,6420,2967,4521
4095,2330,2278,4191,1981,1829,3246
4584,4859,4301,5687,3717,5939,3757
2253,4904,3069,3955,4652,3294,4948
5764,3952,3082,5909,2937,6193,3467
3428,5036,4250,3439,3477,3985,4517
7561,3738,6718,4907,3810,7234,3775
7077,2786,5327,4622,4462,5802,2685
5886,6997,7396,5491,6364,7226,7441
3273,3791,3867,2298,4080,3841,2989
3224,2304,2494,3550,2088,3056,1770
4674,6559,5589,5232,5502,5871,4786
6125,5549,5364,5136,4949,6661,5577
5728,5418,3339,5530,5326,6474,4636
5552,5322,2694,5136,6753,3104,3701
3331,6162,3520,5508,3117,6144,5983
3274,4131,3457,1848,3883,2934,2773
5573,3009,4307,4745,3245,5271,5315
7600,6101,7257,3446,7276,6172,5323
7857,5286,7005,5438,6882,5086,4594
7427,3960,7466,4541,5969,5126,5889
5278,4275,3371,3689,4930,3244,2233
3680,5887,4447,3985,5964,5109,5387
4600,4116,5544,4346,3500,5350,4627
8104,4415,6334,6004,4653,6515,4781
8114,4734,6181,6345,2687,8008,3011
6059,4585,4330,3248,4365,5565,2833
5321,2901,5446,3453,3893,4829,4248
7680,7111,7031,7863,6565,6990,6751
4455,4859,4931,2803,6396,5401,4082
5366,6331,6234,5083,6222,6088,5773
4474,2708,6720,5127,6103,4705,5060
5917,5018,6034,6199,5273,5899,5035
4510,5507,4647,3182,5594,3590,4273
6045,1879,6479,4902,3309,4931,5561
6393,6126,3821,6795,5417,4587,5639
3820,6026,5112,3834,5543,4321,4906
4793,6943,5975,5216,7358,7128,4425
6817,4939,4237,4847,6512,4035,4706
5150,6338,3006,4366,6280,4838,4120
7271,5171,5636,4898,6416,5371,5440
2710,2886,1885,2255,1800,3039,1554
3881,3585,7437,2639,3588,4569,4815
6255,5856,6916,3823,6680,6393,5058
7107,6039,5052,4060,6450,5204,5364
6341,6949,5728,6747,6285,6646,6726
2773,3729,5974,3332,5991,3285,5184
4514,3227,7553,3958,5056,3793,5589
6177,6369,4250,6193,4835,6621,6580
6289,4234,6302,5216,6976,4290,6827
3263,3602,3145,3794,3025,2447,3974
3505,7814,4703,5725,5461,3920,6744
5147,5540,3582,3523,6017,5728,2488
6086,4861,4564,3325,4557,4200,3425
4425,2022,3662,5607,2537,5651,4391
5918,3866,6035,4822,5235,5956,5621
6219,5755,6115,5062,6969,4727,4646
3959,6156,6866,4304,5681,6248,5003
4184,5206,5807,6397,3791,6563,5493
3207,5024,3623,3407,5318,2937,3903
3595,3714,2093,5543,4521,2768,5045
5993,6291,4487,7501,7543,5225,5921
4975,4566,3280,6301,3018,3605,4785
4120,3367,4600,3578,2801,4511,2377
3367,6250,5576,5553,6296,5310,5478
5137,3446,3469,6225,6949,3260,5774
7659,6355,7976,6622,7114,7411,7183
3607,7324,5968,3601,4924,5543,6200
5084,2904,7286,3827,5303,3952,6766
7201,7173,5928,7313,6352,6587,5529
2936,3343,5787,2838,2750,4416,4463
3433,3977,3487,3370,4387,2701,3943
4700,5034,3359,4656,4295,6086,2968
5088,6110,7849,6137,6581,5960,6580
5722,4556,7333,5250,4635,8185,4401
5051,3702,4517,5832,4504,3695,6516
5045,2101,4820,6078,3163,2955,3711
7543,3756,5402,6375,4891,5892,5855
4751,4566,4011,3479,4951,3024,4751
4361,8023,3774,6862,5929,6523,6646
3977,3356,5873,3192,6838,3375,6426
5790,4384,3046,3268,5857,4447,4778
2951,4391,2546,3928,3821,2551,5391
3818,5523,6501,3125,6801,5011,5535
6736,6354,6763,5477,5894,6048,6142
6894,7497,8353,7073,8097,7215,9056
4562,3376,5088,2982,4944,2792,4109
4099,2795,3392,5319,2002,3295,5806
6524,3540,5424,6249,7678,2549,5133
4983,4044,5234,5796,5446,3499,4212
4289,5506,4508,6378,3697,6225,6235
5331,5328,7924,3230,6665,6884,4865
5551,5117,6610,5222,7723,4859,5366
4877,7145,4114,4285,7671,3776,5705
3890,6619,5447,3799,4939,3858,4541
5898,6154,3700,5985,4353,6120,3576
4587,4877,6316,3409,5762,5223,5198
7479,7453,6751,6361,7420,8041,6081
5402,5745,5591,3454,5578,5127,3671
7247,7184,6458,6848,8059,5886,7053
5882,5825,5216,5367,6755,3817,6547
4827,5732,5911,6401,4930,5760,7743
3076,2773,2750,4073,2522,2708,3653
7107,4404,4397,6818,3689,6672,4476
3798,3075,3401,2409,2779,4946,1874
4285,6277,3792,6337,3498,4583,5939
3956,4026,7123,3240,4885,4848,6690
4790,6847,5969,6029,5528,4795,5615
6891,4364,7035,4575,6130,5914,4476
4815,6829,4938,3958,6571,5527,4560
4967,4841,5003,4084,7366,3812,6221
4179,7086,6241,5294,7387,5512,7577
4463,4800,5100,4833,4543,6439,3987
3853,2130,3727,3540,3101,2339,3487
1935,2499,1505,2126,1739,2140,1425
6229,6905,4368,3719,4774,8002,2483
3291,1487,2137,2718,2625,2361,1702
5477,3654,5267,3527,5768,4938,3507
3560,4649,5395,6084,5316,5487,4084
6617,4751,5675,6704,6301,5931,5494
4853,5185,7118,3316,5280,5233,4713
2469,4838,2395,3474,1688,3831,3722
4650,3817,4054,4780,4797,5544,5313
6592,5813,5110,6382,6956,4835,7014
7537,6222,8044,6755,6606,7045,5416
6945,4287,5647,6150,4481,7819,4874
5003,4711,4873,4166,4907,4752,4093
5594,6858,5858,5651,5587,6997,5269
2851,4148,3141,2507,2568,3680,3273
3933,5825,7466,4095,5715,5672,5442
7853,4744,5523,5359,6187,3752,5184
4186,5245,6784,5673,1706,7006,4798
4674,6464,3830,5493,6202,3344,6929
7556,6137,5081,4221,6466,6177,3780
3862,4052,2764,5597,4165,3490,5400
5009,7023,5471,6336,5693,6916,6861
5479,3694,4159,4886,5829,4198,5232
4369,2758,5933,6808,1415,6381,5945
6118,6073,5099,6157,7406,5482,6093
3927,5626,3650,4397,3429,4628,5988
4758,5747,4046,6143,5859,4911,3463
7430,7607,6856,8317,6031,6928,7848
2285,3803,5694,4886,3636,4426,4171
4070,2160,3424,3853,3379,2815,2890
4852,6282,3609,5830,6990,6267,5122
5314,7377,4848,4710,6010,3854,5832
6776,5798,5645,5872,5579,6028,5959
5398,3597,4962,4677,5010,3701,5561
4730,4703,5808,6960,3439,7908,4877
5394,3337,5546,3794,4443,3054,4858
5398,5742,4179,6606,5324,4983,5655
3972,5777,4878,5956,4795,3657,6801
6753,6230,4710,6603,2562,6678,4094
3149,2503,4710,3697,4636,2490,3950
2936,6875,3988,7334,3152,5268,7293
3291,5418,4734,4993,4235,5834,5605
7039,8386,6430,7090,7415,7686,7461
5314,4150,3001,4213,3472,5012,2978
6201,7070,6698,7527,6400,6339,7854
7245,3459,4351,7567,4103,6138,4248
3906,4051,4470,4251,4171,3311,4337
1614,2252,1675,2410,1183,1961,1606
6600,6403,7485,5993,7385,6581,6825
4542,4053,3407,3888,5340,4607,2787
2257,4775,3274,4193,2669,4917,3031
5547,5277,5457,4553,5245,6345,4175
6100,6594,4834,7445,5433,5681,7140
7602,5439,5581,6408,6401,5807,5272
5426,6540,5834,5015,6065,6469,7339
4959,6412,6006,6818,5930,5213,7177
5151,4125,6838,6219,3970,6845,6290
3005,2842,3386,2937,4090,1980,3381
5215,5686,4909,4749,5239,5502,3108
7350,4170,4861,5381,4006,4774,4365
3266,4928,2451,3944,3376,2827,3442
3120,5226,8016,4335,6347,6626,7407
2710,5371,3205,4926,2194,5601,3766
3757,3635,2963,5384,3122,3794,2815
5062,3532,4717,4884,3696,3791,3757
3896,4354,3736,3916,3065,4836,3393
6913,2480,5431,4268,4646,3386,4651
5190,4479,4962,3036,5836,4298,5187
5363,6033,5394,6012,5767,5504,6737
4940,4556,6215,2387,4657,5697,4231
5035,3172,5005,5994,3417,4905,4850
3440,5370,6787,4246,4266,6424,6689
7676,7134,7954,7057,7296,8183,7438
5409,5389,5020,5992,6586,4253,5468
6897,7283,5811,5662,7253,5771,5728
3776,3502,3765,5361,910,3739,4392
6589,2933,7103,5021,6371,4298,6055
4487,3305,4050,4469,3889,3608,4475
4863,5087,3197,5427,6975,3379,6121
4978,5683,4785,4632,4157,5858,2763
5832,3549,4939,4018,5690,3234,3872
6882,6489,6752,6246,5542,6941,6448
4341,3586,5129,5309,5253,3589,4423
3685,4929,2501,5251,4609,2501,4172
2852,2692,2658,1300,2556,2837,2283
7294,4237,4541,7414,5485,3783,4278
3208,2228,3580,3085,3751,3258,4498
7010,5963,5707,5380,6111,7547,5507
5014,3807,3533,5399,4012,4777,5228
5162,3230,6901,3486,6378,4834,5096
2747,4683,5717,2972,5467,3322,5426
4012,4222,2685,2372,5175,3113,2338
2746,4276,4218,6636,3738,5197,5299
3783,7014,5599,4714,5094,5154,5750
5327,5156,4543,5162,2992,4972,3043
4445,5721,5404,5396,5785,4990,5210
4657,3377,4108,4347,5565,3622,3090
6878,7818,6977,7495,7234,7682,7087
5968,5426,5266,3056,7795,4634,4020
7578,3559,6503,4334,6075,4126,4704
5102,3476,4148,3496,3662,3418,3249
4475,3689,4300,3455,3190,3203,3582
5247,4192,5568,2308,6045,4448,4504
5002,6721,3593,6595,6413,4673,6850
6349,4110,6814,4073,5416,4359,5750
6392,6096,4861,5110,3532,6292,5151
5136,3304,3538,5279,6709,2783,5311
5095,7061,4982,6600,5892,6075,6220
6626,5786,4922,5520,6048,5446,4002
4368,4269,4422,5668,4107,6458,5690
3727,3233,5432,3745,5119,4536,4984
5630,3388,5425,5017,5034,4856,5651
3897,2091,3103,3466,1663,3746,1878
3834,3909,3895,4326,3619,4228,4336
4710,5590,4356,6915,5380,4188,3766
3034,3783,4186,4047,3579,3309,4995
5763,4314,2483,6121,3977,4408,3459
2517,5890,4076,4763,4172,5587,5660
3827,6012,2426,3792,5204,3416,5975
3894,5072,5492,5905,4079,6354,5076
6131,3571,4699,6326,3811,4710,4013
7190,5181,5921,7448,6069,4914,7298
4986,4539,3925,4075,3327,7107,3440
5199,4879,7345,5041,5081,5199,4916
5799,6551,4464,5876,7001,5068,4721
6762,4130,6260,5532,4586,5700,4410
4176,4539,2807,5909,4058,4671,6253
5657,5934,2672,5236,4963,5456,3613
2748,4088,3684,3682,3055,5655,3227
2073,4360,4489,2605,4214,3244,3943
1986,3824,4569,3160,4177,2769,3849
5729,7186,6961,6779,6402,7162,7552
4673,6421,2702,7956,4181,3944,5351
4395,4202,6874,5205,4667,4595,5889
5053,3961,4051,4376,3713,4186,3561
3294,2544,3760,3627,3082,3237,3352
2454,2927,2352,1962,2127,2435,2735
4799,5505,5621,5679,4862,6121,6157
4552,5394,3764,4224,5403,5101,4606
3761,5115,1957,2890,5990,3315,2382
6866,6711,6664,4812,4768,6697,3963
4337,5571,3518,6316,6761,2738,5950
5151,6733,4839,6830,6486,5130,7029
5073,4472,5932,4058,3871,6291,3672
5963,3549,3751,4704,5136,5170,3364
2166,3897,2281,3722,2690,3856,2966
7404,6778,5678,5773,5545,6395,5850
7455,5927,4598,5672,8058,4532,6486
6043,4571,3877,6329,4425,5222,4986
7725,4996,4814,6972,6151,5303,4488
3933,4289,3871,4116,5237,5755,4221
3475,4605,2842,4291,3568,4571,2647
4738,3755,3033,5769,2500,5345,3373
3906,4016,3967,3377,3913,4945,3168
5159,6510,4728,6511,5616,6788,5587
4559,3975,5865,2193,4237,6003,2557
6834,5301,6050,7132,6230,6243,6789
7478,3591,4054,4007,5134,3813,4959
6864,3115,4971,3668,5846,3053,3811
2500,3832,3169,4300,4082,2960,4365
5316,7655,5696,7067,6622,5711,6380
5887,6302,5337,6687,5945,5017,5296
6305,6746,5877,5742,5239,7244,3799
4466,2083,4719,4212,2600,3797,3694
4815,7922,5948,5755,6687,6677,7569
4779,6659,6087,4426,5735,6093,6002
6995,5798,6494,5752,5374,6524,4608
4557,4464,3491,4613,4548,3831,5018
5252,5127,5382,4557,5798,6693,4856
5552,7817,3009,5735,5132,3688,4780
4346,4705,4021,4340,4180,4691,3940
5393,2445,5280,2954,4029,4546,2786
5693,1306,7227,3853,5414,5741,3194
5373,3666,5165,6351,5760,2782,6026
3947,4733,4521,4493,6190,3673,3720
3704,5428,3778,7134,3063,5420,4077
3823,3883,3712,5269,5103,2999,5170
4118,6994,2152,6356,3547,6107,5965
4229,6463,2806,5360,3823,5544,5088
3348,5572,4967,5099,3621,5246,5377
2976,4439,2963,3809,3911,2973,4357
5645,4079,3786,4823,3942,4435,3916
4300,5863,5136,4645,6536,2770,5398
5139,7487,5703,5283,6790,6118,5598
6541,4764,5181,5930,6390,3294,4420
7915,7767,8242,7152,7676,8070,7749
3186,4986,3187,3004,3522,2512,2875
3054,3409,3822,3148,2630,3988,1997
6241,5550,7370,6361,6580,6806,6959
5235,4338,5806,5721,6498,3512,5797
2766,5000,5277,5108,5423,4622,7090
7640,5278,7667,5594,6230,7286,5747
7279,6492,6495,8534,6191,6718,6710
6261,5311,4910,4634,6039,5593,5131
3312,5015,4454,5110,4304,4805,6665
4758,2802,4179,5599,3640,4108,5296
5813,4249,4753,5255,6841,6032,5961
7199,3130,7217,4207,7477,3692,7049
3483,7461,6386,6856,6098,4867,7865
4937,3868,4964,3268,5080,4002,4715
5276,5959,3329,4698,7401,5826,6004
6879,3397,7002,2537,5741,6390,4013
4867,5625,5104,5735,4737,4766,5415
5720,8152,5372,7424,6438,5792,7563
2633,5224,3254,3074,5323,2536,5232
3789,5562,3490,4264,3697,3758,4022
5204,7019,5233,5880,4047,7370,6028
6282,5085,5518,6480,6395,5841,5389
6165,4025,7297,3579,4033,6778,6178
5468,4095,6834,5967,4404,5479,4257
5030,5708,5091,7143,6242,5852,6396
5290,5312,7397,4849,4882,6819,6424
3720,5404,4946,5377,2863,3184,4998
3543,7179,5489,3941,4390,4445,5296
2683,3985,3430,2340,2296,3005,2927
6763,5944,7954,5789,6476,7352,6101
4659,3640,4264,3826,4405,3151,2299
5921,6322,7295,4264,6322,6740,6141
5469,4178,2970,5227,4634,4966,3714
7539,5402,7830,5029,7133,6344,6420
5441,7305,5580,6595,6813,6478,6562
6546,4241,6103,5473,5608,7690,4675
4248,6693,4876,5311,4708,5434,6346
3936,3116,3148,5211,3632,4220,3625
4997,3899,3608,6452,1062,4625,4312
7101,5046,5462,6710,5417,5089,4879
5354,3557,3046,4636,3687,5185,4289
3273,5927,5032,4348,3422,5040,5433
3905,5273,4784,4873,5844,3883,4065
6806,5093,5995,5321,7034,6934,6663
5524,5070,2879,5250,3468,5756,5173
4091,5468,2436,5211,4431,4560,4250
5904,3215,4224,4693,4486,3163,4561
4539,7023,3632,3964,6409,5190,3759
6571,4971,5956,5453,6627,4740,7117
2735,2950,3433,3596,3085,3499,3974
3514,5729,5023,3437,6450,4515,6369
2804,5183,3309,4926,4061,4117,7106
3882,4698,3207,3462,6070,5018,4267
3749,6104,4417,741,4608,5776,3070
4343,2720,4942,3946,6044,2840,4909
5985,7450,5097,6656,7959,7049,6351
4584,3903,5226,5723,2914,6369,3681
3562,2910,2806,4632,2191,3597,3127
3648,2435,3363,2992,2933,2021,3745
7077,4816,3313,5001,7006,4600,3957
2390,3530,4067,1940,3029,3661,3527
2432,6161,3330,4172,1776,3958,5607
4216,6138,5486,5792,4940,6103,7617
3950,4102,2646,2415,6011,2803,3278
5894,3967,4247,3769,5372,4702,3839
3921,3676,5163,3281,5698,3057,6840
4161,5989,4765,3162,5878,5234,4457
3571,4883,4596,6796,4810,3383,7585
4957,5345,4993,5518,6448,3620,6025
5362,4532,3842,6515,4262,6419,3778
4413,5355,5319,3705,5283,3596,4949
5869,5189,8179,4434,7303,7460,5610
3744,4189,4798,4018,2833,4184,4489
6100,7122,6037,6154,5541,5794,5526
6693,4390,7909,6123,6292,6431,6301
5227,4025,4362,8038,4707,6222,5500
3872,3124,5821,2852,3391,3965,4107
5310,6077,6018,6954,4183,6985,4614
5137,5248,6568,6672,4329,6521,6916
3853,4735,5016,4233,3941,5642,5096
5233,5632,5017,6923,4522,6182,5219
5853,6684,7047,7228,5746,6216,7866
7576,7218,7497,7080,8064,7445,7412
5152,3108,4693,2538,4982,2823,3620
4311,5671,5220,6132,4926,5991,5271
