4000 5
7512,9743,677,2269,4421
1735,9935,3120,8099,2431
3473,8927,5218,8005,1788
967,8968,110,6457,7705
8631,3985,5269,4730,2468
4609,4376,5133,8867,5045
3979,7667,5010,3762,4694
1815,7974,3934,5039,3953
1874,5762,8332,4758,7189
925,9236,466,3504,9301
2084,7735,4784,6431,4474
6006,8746,4539,4726,95
9612,8444,2163,1326,5238
7742,4814,6807,1885,4538
2729,6560,2477,8468,5526
7780,7237,1063,6535,3360
1299,6681,7765,5197,5008
9491,5166,6473,3570,2556
4210,6545,9452,5409,947
4333,1709,9439,822,7572
7597,5157,4059,1606,4681
3992,7580,5520,1216,5154
2024,4336,5663,5747,8841
1046,5663,2842,8724,3226
8654,3775,1849,3933,6569
2488,2462,6014,5900,8932
6910,2591,7429,191,5337
4195,1613,5410,8173,3765
13,5802,2740,7369,9316
7507,5770,2196,9399,119
3542,4673,4497,9060,2585
2002,3251,5715,6743,7940
6855,3464,4477,5298,7211
5755,5398,2927,6140,5600
5158,6579,6167,8349,2395
8826,3069,6441,6515,3117
455,4595,7220,5130,4108
2441,9977,8621,4758,2668
9517,5316,1890,3837,4244
4473,8170,7839,4991,559
6898,3978,9591,944,5937
7361,3623,7066,3549,4451
1779,5392,8367,337,8236
4095,945,4627,4661,8642
3289,7952,9357,2673,4820
4815,6979,3485,1362,7827
9145,1542,3570,6274,5623
2038,8235,2720,1612,8781
5868,4173,7494,4600,777
3637,6313,5527,1038,9542
2400,7424,1309,9523,5670
3019,9995,3538,6665,2947
1520,5943,5073,4465,4161
5074,3351,4093,7554,3498
3202,4246,3944,5053,7516
7802,2207,6812,2940,4095
5661,6311,9119,5597,1734
5004,8498,2380,2919,6732
3951,7742,5536,3034,3657
4184,2732,8840,1615,6747
3872,8824,7186,3391,4700
2677,145,9858,5139,5545
957,5616,9462,3677,5863
9706,2453,2404,8176,1650
9711,3783,118,5385,4977
3823,5957,7967,8216,317
2675,2973,4792,4365,7298
8315,1058,9211,4959,2608
7142,9416,199,2554,7054
4223,3632,4666,6423,5702
5444,4432,1841,6231,9203
2126,8270,967,8512,6507
6719,3791,6216,4334,4818
6071,7320,5706,6721,4116
7632,5224,4989,5164,1912
3690,5422,6124,2224,8559
9890,3567,2564,9404,1082
5180,6708,598,8177,6893
3883,6685,5766,734,7467
5857,1632,6411,3503,6095
8620,6897,703,6432,1118
3980,5139,1044,5886,9419
3761,6304,7529,8226,691
2882,4868,4533,2062,9769
6462,3174,8768,3929,5835
3839,5869,1365,7689,5874
1071,5653,2858,9572,3317
3483,8066,5487,6053,1761
1039,6308,5151,4646,6687
4057,4951,3573,4257,5878
7213,4718,5478,3682,2814
9553,3369,6324,2806,1351
4710,8834,3059,8579,3334
3187,8978,5397,2314,3812
541,3644,3961,8295,6930
4209,3519,4194,6805,7033
7416,3246,6649,3334,8625
6100,6327,8142,4477,4570
5914,4176,7829,1778,5717
5154,1463,5008,6706,6390
3625,8231,7487,766,3138
3213,6617,6690,2091,6845
2573,9631,3299,3229,5115
1110,6522,9194,3002,4510
1811,3953,4829,6469,9579
6612,8230,3646,1975,3582
4899,2375,6199,6181,4834
6323,6339,852,5057,4850
8347,1376,3158,5616,6610
3601,8244,4263,7068,5483
1179,5521,3013,8392,5454
9036,7090,4531,4875,4139
5068,7573,5801,1881,7656
7036,9732,5004,1048,3937
5812,1092,6623,7926,4195
4633,5477,9739,3504,3944
5462,8098,9096,2895,572
8452,4333,2465,7495,3079
6608,3905,1666,8918,5874
7532,1756,3099,5857,8652
9136,1241,9599,3702,403
7209,339,8006,1417,5187
9109,905,5223,5781,2427
8289,5686,1083,2520,9087
4145,4520,6824,6993,6482
983,6072,6654,6959,3209
5594,9943,2668,7686,1881
6607,9541,6240,1265,1182
1985,8977,3092,7591,1499
2305,9596,3074,6422,3745
4178,7453,2252,6271,3622
6439,28,4758,9288,3987
9381,1706,4726,508,8164
6327,8748,50,6299,4548
7563,3929,1603,9785,4279
8482,8515,6723,3006,1775
1027,8671,5264,8335,373
5994,3413,7821,6080,1631
6026,1986,5069,6893,3274
9933,1182,4480,6712,893
5941,7841,3175,3751,591
3363,4433,4860,6373,1617
7083,9135,2841,2869,2945
6515,2063,7464,4404,4461
4205,5867,7532,343,9901
5755,7627,3567,336,5075
3896,4058,8418,5086,1944
1105,5039,6483,7855,4126
8623,6584,3161,3249,2944
5362,8791,2967,3573,4683
1847,6237,5803,902,9806
4333,8672,1959,2078,7513
7475,8783,1100,7809,3916
7538,6423,5492,4091,5922
3867,7577,7038,5815,1921
3919,2685,2486,4863,7231
8841,1868,9079,1660,3191
1390,4988,5808,8977,4007
482,8341,4838,8832,4396
5959,5250,7462,3248,5709
1319,1178,6047,9150,9730
2878,7653,240,4374,7841
7512,5581,7168,6737,395
8665,3276,3567,4981,4944
8944,3760,458,4123,5949
8273,1686,4965,5352,3093
8644,1315,7311,3180,5217
3273,5469,7907,7465,1923
4952,3900,7042,5653,680
9082,5518,3211,84,7707
7478,9041,906,6865,1130
929,9422,3798,6274,5790
4098,2219,7396,4139,9225
2560,4547,7429,8398,3908
2259,5604,9005,2094,4684
1056,7265,3555,2692,8727
4809,8129,8400,763,1656
7723,5922,78,8257,5009
4709,733,4780,8064,9574
6758,6547,1908,5570,3379
9305,6081,1643,4496,4806
5107,7903,3162,3277,7051
2616,7238,4849,2611,3960
3606,3076,2709,5980,8676
1995,5205,5505,4298,6362
5119,2340,7469,5922,1785
6001,6879,6024,5924,6325
4041,8857,1282,2287,9787
4320,3309,2247,9480,5748
3720,2920,8237,298,9123
22,9053,1347,6481,7698
4585,5489,5059,5446,5381
1523,9000,6802,3690,3154
2676,9173,8340,5140,3231
6230,4749,5097,3408,6799
5279,677,6885,8980,1182
4486,2987,7469,5941,8464
7475,2432,6538,1595,6390
1910,9378,6870,3923,1051
5249,4767,4359,7339,5999
1546,6041,9212,4899,3917
2054,9598,5898,4666,4122
4271,1790,8937,7429,1675
854,8800,2993,5661,4378
1155,6401,7617,4613,6681
6826,5053,2066,3208,5995
9695,3297,8703,2955,595
7120,4535,4687,4735,4389
5498,5929,6964,480,8193
5163,3953,4437,3978,5836
4787,6657,2039,5716,1300
1720,1781,9742,2385,7416
3778,9581,6124,147,4787
6777,5583,1519,8407,3253
9237,5895,6407,260,3970
2755,7759,2719,9695,3952
7833,3639,3273,8403,5101
1623,4421,5892,4684,9724
3231,6873,9962,5396,1587
7064,349,4098,3081,6456
7433,3941,5994,5064,7772
7162,5042,8534,5533,4722
4131,7605,4338,5086,7896
6053,5058,7610,3220,4078
6779,8800,82,7610,3621
2046,8141,691,4979,7617
6778,790,9938,8402,1347
3139,7268,4150,3345,6303
1314,4642,9127,2744,2305
5527,6235,7693,1049,6253
6025,1153,8873,6597,5865
736,4843,8011,2736,6103
4735,3115,2141,3205,9202
9273,629,8580,844,5471
5391,1765,4040,8469,8358
1886,3093,8708,2546,8323
3066,3500,6950,4228,8431
3873,6598,3940,4497,6206
2702,6751,7107,717,6053
6467,9921,4464,1634,2647
5937,2338,9576,6337,440
8089,2966,4300,2396,7237
4615,8713,2909,1529,4730
4507,4503,8013,2574,3995
1563,9892,2156,9281,1715
5662,3120,2286,7697,3776
4737,823,9581,3918,4441
840,9072,1045,8345,7426
6078,3641,8127,6518,2551
8096,8285,4060,835,7455
1802,6231,6036,816,7283
5205,6321,5265,1189,8349
2083,9595,2315,1118,9894
5118,1580,6576,5320,8475
9787,5668,6645,1659,5933
5362,3878,5977,1539,4457
944,4112,9815,4221,5730
1229,9947,3483,6790,4049
5038,3919,2721,8797,6360
7129,9227,18,2639,8696
3881,392,8028,5140,8669
5525,9921,480,3822,3678
8325,2623,6266,1939,5508
5579,6957,5802,2414,7566
6921,7690,2287,2918,5484
3893,4770,866,5566,7881
3062,4920,6495,683,8235
4350,4248,6008,5808,5511
1130,9519,1783,4537,9318
2912,6109,5164,1392,6021
496,7573,5139,3277,8729
2452,8560,919,4376,6519
4584,623,9538,5057,2446
5099,1319,9832,5339,5211
781,7442,4424,2847,9916
3710,5493,2605,7118,6794
7856,7254,5137,3499,1240
9944,4480,3981,505,5229
8453,2853,8776,2769,2867
9356,402,5786,6023,1149
3648,2565,5974,9743,1018
2172,6788,2088,7715,1421
9956,5297,3300,2441,4879
7976,252,5470,7310,1830
5609,5980,4940,6060,5740
6164,7328,1438,8560,5159
5379,4335,5729,1092,9727
6495,4299,7064,4776,5325
4625,4603,3764,2278,7024
7608,7735,2852,9041,125
6033,649,5583,3833,9341
6134,3610,5836,5174,4994
8895,175,8409,2409,6942
6784,4685,5039,738,8372
3717,8261,9281,2746,5368
9697,1010,4910,3958,5797
5334,3951,4144,5204,3791
6169,5213,2642,9454,865
6151,4666,6923,2714,4750
3633,5490,3141,1483,8885
7358,9113,2078,5436,2458
9391,5836,1000,9199,1827
3195,4465,7696,7152,732
8514,570,6504,7336,265
6317,4165,7549,6725,1381
5168,3114,5317,6041,9807
7612,6295,1443,6582,1723
1857,4535,4711,4163,7802
9775,1926,9336,795,7798
6286,6333,4357,2257,2847
7222,3105,4015,5388,7151
492,1981,5762,9659,5425
9974,5010,5644,4330,1097
6332,5256,680,7827,3817
3684,2873,5441,2721,5502
2568,4912,1414,8166,5802
9327,951,7461,2230,2424
1164,1900,6935,7961,5322
1970,6623,7369,4619,5194
5921,2632,1205,8275,6051
6566,2114,3390,6272,8838
4494,4945,5793,2888,5974
4753,152,7326,1550,8868
2719,5184,8020,5567,4615
6308,3631,7557,403,7126
7504,3733,8444,4640,1059
1814,5886,5690,4298,6779
2457,2744,3209,8176,4397
3788,6867,3132,3413,4503
6700,3710,5845,7251,2787
4120,7090,2566,3909,6690
5882,6756,5906,4519,248
2845,7787,3726,7583,1416
4611,4598,1202,8506,3502
2602,3415,7549,4511,4482
5946,6939,210,7911,3413
6807,6973,2252,6497,5616
1391,9859,6870,5580,6033
2291,9512,376,9233,5973
2718,1251,3787,8130,8477
4594,7344,4544,4181,4005
662,9002,6799,163,9003
3562,7371,7655,5325,2733
981,9345,4925,1235,6169
6811,3431,8789,6948,1155
2513,5850,3161,1737,8280
7498,1682,6972,286,9068
1569,5346,6674,7754,4231
3195,5386,4788,4913,3670
78,8736,5866,6893,2937
2820,3782,4705,4808,5697
3443,4374,6551,6317,2265
5590,4944,6077,2747,3827
8592,1062,7798,6116,4359
4703,966,7267,7578,5973
2197,8676,6524,6860,1238
2724,7495,7318,2349,3529
835,3913,6267,5211,6432
6801,1244,5551,5830,1851
4361,3530,6764,3191,8316
2081,7858,4141,530,8423
1196,2525,8142,8866,1638
2906,6999,2109,8455,3369
746,5456,8393,4340,9594
2287,2321,5274,6007,9964
6484,2891,5896,9221,5371
985,4485,9250,5211,4477
7838,1546,1430,5195,7739
666,6406,3724,7177,6816
3736,6022,3906,2044,8969
3818,1775,6659,9150,5363
3596,6635,7029,5909,3647
2398,7210,5625,5669,1572
1353,6455,6312,2578,6201
9586,8149,1468,4652,1350
1596,2638,7762,7983,3075
3373,5177,7392,4345,1603
4167,8505,8273,184,5922
9517,2897,2986,5701,2384
7447,5161,5879,6526,205
6598,5897,3625,6954,1317
4564,3175,4875,1511,9446
5426,8596,1884,8021,7137
5764,6619,4125,3991,5324
8806,519,5100,5804,2600
4925,5728,2356,7641,761
8168,485,4253,8938,52
7802,8888,1332,6212,2591
6527,759,7614,7629,4331
3134,7417,2463,5025,8943
5762,5327,5842,4092,2516
2828,7659,7958,50,6177
5017,7664,3622,1136,6751
3357,7391,6194,2227,4035
9758,2979,4737,743,4673
9190,3923,1952,912,8081
4930,2979,6659,3578,6449
7307,4021,2350,8575,842
7237,2776,8714,1304,4469
2624,6955,4112,7416,6214
2779,2071,3083,3883,8322
5547,974,5001,7126,9403
6520,5112,6099,3471,5152
7503,7365,6336,3914,3333
882,9587,4890,4073,2028
5929,9015,8274,698,2333
8322,6352,1169,8574,2023
3250,7898,8811,1494,5692
1227,4566,8810,486,8340
1617,6214,5892,2909,6912
8499,3943,3480,3707,4269
3486,8091,8088,3370,4226
6127,7062,2296,5575,4764
394,7991,5150,9462,4490
194,5436,7132,1609,8215
1909,4757,6551,4486,5804
7658,6076,2542,8790,71
2489,597,3295,5872,9537
2726,6316,9696,7385,3887
1011,3707,8576,9597,3003
6352,2762,7085,6241,3792
8913,8786,1998,1567,2741
9428,3182,7631,9372,503
3218,7012,6490,6937,2427
8000,4303,4627,8546,2041
2455,3206,557,5949,9998
1783,1535,5697,3753,7502
9681,5354,1100,6624,3592
403,7369,5479,2560,6115
4122,4079,8626,4378,2296
7442,82,7809,5882,5779
5494,9654,6283,3933,101
2344,5652,2760,7463,5955
4886,2948,7326,930,7351
8705,1039,6461,5820,5298
4762,5400,1953,7108,5992
3894,7338,6112,1434,6814
3361,6623,1639,1387,9979
900,6482,6178,6797,1869
9472,85,5943,7255,1482
9639,3301,989,9606,791
5757,1875,6168,5172,9927
4162,6393,8009,1204,5676
5401,1356,4287,7730,6004
6089,8846,3226,6964,1769
7736,4854,6239,3319,2843
4758,5207,5082,1362,7397
8311,5191,3474,9398,3172
7992,2639,7479,5589,4286
3376,5175,4371,8386,3875
9949,8066,4746,1718,64
5007,2793,4422,1744,8489
5637,5610,7299,5796,2176
6284,6640,5673,3183,3376
4238,1396,8397,3336,6374
5550,2509,9892,3978,3429
7158,7368,1362,1993,7244
3784,8807,6837,450,6812
4496,5594,1780,6527,6531
2277,8972,2389,1173,7385
2904,6260,4845,8104,5149
2106,9716,892,2433,3462
9078,3707,5563,749,3429
2897,5533,5692,7319,4023
4750,3417,9356,5483,2323
6451,3336,5326,6106,2394
5425,4468,1006,4587,8410
7350,545,5152,8105,1078
2075,8481,2466,9924,5099
1463,3532,9909,3406,7946
4188,7552,3768,2157,7451
2050,4316,6857,7166,3047
5810,6228,3127,4266,5263
4688,1079,9551,2776,3506
3619,4480,6356,8534,1863
7908,5061,3667,8121,1848
3831,2510,8811,5570,7360
6676,2347,5957,4188,800
3206,4008,5484,9399,4579
6659,666,3403,6296,1636
1649,7348,5508,6092,4103
4839,7997,7512,5288,4868
4159,8965,1586,2685,9751
1527,4401,9704,3091,8380
9355,5272,3051,9787,2619
8486,6244,7355,4775,3825
1068,5328,8470,6342,4288
9695,2827,8570,2121,2024
6063,50,8452,8049,4451
5691,6607,7313,2185,2595
4673,5368,4289,8050,1440
7667,3676,730,4808,7869
7560,2003,8903,6437,3524
6451,6790,2398,4277,5619
4446,6728,3560,7663,4222
5779,1572,2525,8711,5666
1868,5001,4617,5384,8877
9215,3548,6724,4650,465
2804,7764,4308,4620,2103
4485,2800,7809,6185,4546
2817,8546,7085,3715,412
3258,4993,7435,6353,1621
2453,8165,4851,431,5193
6972,387,5242,6100,3549
5572,3574,7980,8770,997
4643,9853,4535,94,6878
4322,5229,7423,4736,5282
7085,4748,6059,6912,6179
5223,2807,3285,5196,7805
2391,5629,6663,5583,9076
2079,1830,5901,6873,9030
8887,4363,1531,4297,6750
5691,4453,2246,6245,2761
2106,7862,2465,8331,5759
2339,2214,5896,7100,1826
5150,3231,6260,1334,8297
899,1528,5866,9894,5451
980,6586,5265,1094,5683
494,5688,5618,5693,3536
3663,5983,7554,2771,4379
6371,2954,9006,5021,3716
4574,4961,9676,3936,5272
6120,6554,1385,3585,6986
6056,6350,8919,1978,12
6625,3954,4247,3057,9823
4751,9289,4196,3109,3531
7752,7954,3915,2658,407
7242,6302,1714,986,8333
6191,5622,2001,4360,7339
7871,614,8756,2482,6602
6281,6862,6933,414,2788
4973,5046,3422,7031,5554
1306,5675,7208,5018,6625
6646,2699,8307,2567,7628
3452,173,2966,8208,5698
5085,3601,4915,5530,3104
4273,563,7021,2204,9107
3776,5797,6734,7067,1743
2266,8033,4407,6528,1542
2141,5637,3948,7144,5237
4483,7178,2917,6573,6490
2724,5241,2757,2707,9832
7744,5928,3226,3259,5925
8893,3801,1676,7796,5394
7538,5807,807,7103,4835
3198,2125,7144,3708,6570
4675,3147,5058,567,6844
3633,7380,1572,3167,9499
442,6115,4469,6441,4931
3815,2551,6559,6126,4242
4737,7912,1728,9788,5019
2865,2381,6848,4309,5756
7346,1617,1276,7520,2376
1566,5735,1411,5949,5018
7384,7221,6136,512,2093
9556,3937,820,9425,3258
5289,8397,4684,3849,2729
4419,8287,4078,5595,2746
4977,2192,6744,8526,3879
4114,5081,6549,5795,4896
9634,3392,9389,3309,890
768,1606,4941,8798,6000
572,9422,6352,5096,2135
6174,9927,2174,3455,1854
4904,5677,1202,9776,1135
6280,5841,5589,1284,7711
7844,6030,5933,3148,4778
9073,2139,2934,7423,3385
3514,5229,5953,8037,68
5151,3806,2478,8858,3311
1102,6503,1421,7744,7652
1988,5202,4313,9275,6325
1907,5524,5135,5153,2711
8021,2232,7032,515,9675
9578,4189,2913,8734,3168
7796,6800,2433,419,6239
4729,96,8809,7053,6027
7737,3393,1563,3964,5780
4473,7756,4661,7888,6271
7454,5687,1832,6524,285
2715,523,6000,7793,5364
3242,3286,1514,9870,5829
7393,4422,8058,3443,2574
3902,3751,5021,6175,7085
1591,2227,9758,2505,8433
8500,1386,4163,3698,4780
4695,6121,7422,4028,6100
580,8624,5071,4557,5484
6206,489,8865,4172,4712
4591,4355,8791,9232,2507
5328,6972,6155,4233,2148
2616,2277,2277,7681,8173
3071,8859,5090,1899,5092
470,6612,8945,4971,6492
6309,4001,8386,3204,789
2187,2653,8764,9342,2064
1094,5223,8829,2044,7145
3618,2823,7976,1706,9176
7024,707,8040,2928,8365
6226,4528,6634,467,5051
7743,6368,3377,7524,926
3078,5753,7253,4724,2097
7255,5636,3821,6523,728
7107,5429,491,4183,7646
4734,7928,4056,3119,5888
2905,1245,8088,7339,4413
6851,1729,9311,948,7504
5321,5259,9615,4298,10
7213,6128,829,6852,2597
6784,6883,6534,3783,3774
6527,8706,5220,7799,2974
4302,9287,3063,5608,2767
7381,2325,5056,1783,5298
5452,2118,5040,2543,4323
9951,1179,3247,4574,5842
3899,4068,5750,3113,7191
3621,6043,1824,9501,2303
6153,309,8446,7640,2151
4444,2382,5108,7717,5962
3033,3701,4012,5868,8474
7701,3021,8400,5299,4892
2370,4071,3929,3970,9080
4632,8419,373,9236,158
4727,3685,3082,5270,8295
4834,1435,6795,5072,5008
3275,5791,3901,6393,6726
3010,6008,2619,7301,2231
4516,7840,4439,7686,446
7666,6048,688,6484,1617
3101,9922,2135,4629,6885
70,5759,6038,2521,7929
5708,3765,3471,4880,6145
2284,3188,8147,5674,2997
1552,5398,4973,5936,8557
5179,3611,8971,4785,4568
235,6677,6144,7265,9042
4427,1184,192,9970,8630
676,3875,8167,6161,8514
5743,6934,3226,2500,3618
8442,2134,5795,8164,2036
398,8059,5994,5856,1879
5779,1391,7705,1560,8387
1404,8138,9804,4572,361
5241,3207,7976,2585,3682
8546,1378,4825,6056,4933
6578,7448,6383,5162,2322
7443,4873,419,5338,3469
3032,3923,7975,6166,5548
5928,5280,3659,4798,4670
7216,9370,1934,4635,3754
5343,5405,5060,5625,4472
9476,2652,2626,2993,4830
1608,8363,6474,3384,4163
7014,8032,5179,4281,1237
6159,5463,2916,3147,7177
2741,9157,4188,2253,3373
1284,3303,5968,6941,3843
5075,3899,5224,3687,4293
1853,6283,2845,6794,3585
2533,6549,1492,7614,5986
971,3843,7810,7273,5698
6253,6257,300,7549,5455
1590,8166,1252,7099,7241
5575,3758,2236,7735,6910
7648,3023,3054,4162,5586
5243,3988,4760,7049,7439
4732,5786,2014,7124,3527
3648,5370,3163,1380,7389
5416,7361,327,1820,9577
8572,4048,3737,4957,3442
3957,9032,2009,8126,1064
3508,7357,1833,2759,7478
4120,8663,7877,5393,1057
7196,6241,6375,6138,1390
7339,381,6767,9932,1098
7128,7417,5660,3813,6843
3316,7698,9281,6435,766
3368,7302,1812,8444,8246
2114,9070,3867,3672,6136
1088,4789,4290,5230,9267
4084,7778,140,7641,2854
6337,2685,3080,6832,5014
2982,7294,4517,4194,2623
3957,6724,7286,2689,6144
8890,3482,8083,3958,3340
8969,6184,3841,1589,1946
5846,5289,7315,2829,2781
5483,2879,2197,7298,4388
5194,5654,3938,4957,5075
6566,7138,9096,2418,4447
8335,6338,7067,2756,3415
7415,4117,7112,757,9405
5956,7097,5665,3333,657
5031,4132,1940,6193,4737
9544,6188,2187,7990,2041
2310,9224,4799,1444,9589
8756,2857,1009,3720,5725
2680,7704,4179,5496,2007
8989,4377,7223,4909,1248
4563,5729,5092,3780,6258
3942,7249,149,4366,7079
5282,8958,325,5713,2506
360,8095,4025,3130,7869
8135,6861,3740,5063,3499
4098,2639,6558,4461,5072
7887,8955,1055,1667,6864
3334,6405,3342,5719,4382
8863,4768,3820,1397,4983
3610,7388,2750,6037,4557
6354,7900,4524,58,6720
8897,6070,5408,3600,2208
1449,8062,2348,8896,3940
235,6494,6815,6475,5471
3159,4477,6404,7814,5168
2041,1425,9260,4927,3971
1206,3865,9570,2949,6808
5360,1364,8771,588,5599
6876,3375,4074,171,5393
8696,2785,8859,3769,868
6950,2907,5829,6539,3982
2958,3878,6513,3498,9583
7529,2824,5275,4277,3546
4274,9556,4347,1849,2775
1502,3003,6845,3764,8832
2281,3711,4339,8143,3182
9829,1711,5982,627,4687
5112,5379,3992,2561,5900
6965,2519,8370,6552,3308
7611,4886,1016,5959,8242
6139,4975,1350,7549,6170
6871,8826,2087,5075,5111
2339,4279,7691,7664,5559
3772,2941,8881,6603,134
6073,1070,3287,4943,8602
4843,3035,6094,6589,3480
3466,6426,7793,6641,4522
3801,617,8444,5652,3310
7648,3487,963,9342,6996
4101,5520,3456,3245,7464
688,8606,6442,4692,6533
7064,735,5294,8819,5426
9644,25,3699,8415,2609
273,9433,4442,1323,9341
7327,6659,2812,6140,3932
8138,2462,4585,3875,2249
8921,6340,3359,602,6064
6702,2337,3181,5914,5630
8296,6699,215,9958,283
8926,1176,6145,8291,2106
8808,4555,5297,6445,4254
5336,4868,6709,1070,5263
6296,3980,7364,7271,1166
6562,3793,3791,5909,3887
8159,5267,2756,2528,8229
3673,3239,5526,7159,4226
5999,1540,4150,8333,8069
4770,6197,5384,8070,1846
2613,7731,5669,5369,6760
9691,3312,7188,5075,2083
4444,2347,1443,5293,7556
2755,8264,6846,1808,4960
849,8627,695,4139,9529
740,3698,8605,4802,3947
8519,9953,4119,1700,497
6880,4322,609,3078,9708
147,4614,7593,1899,9052
7989,3741,5020,7126,2146
6369,5979,1997,5927,3345
9413,4655,2241,1963,3820
3869,7010,1296,9206,2550
6900,6331,3264,5386,2546
4807,2871,8204,3855,7307
7305,1799,1039,7684,5558
3797,7658,6487,1184,7500
1419,5365,6445,9984,1166
5483,3573,3927,4147,6047
2726,6863,1750,5062,6731
1497,4599,2118,8780,7923
9718,664,8987,2892,2484
6067,8843,1102,7152,4684
2519,3389,7915,2063,5982
1019,6403,5724,7730,5431
603,8138,1423,3978,8769
4451,1514,6268,6409,4217
4722,2129,8390,5745,3800
4978,9040,3495,1859,1938
576,272,7817,2625,9701
5395,6468,2033,8740,4181
6201,4809,6356,5337,3932
8359,3232,7735,208,4200
6648,7704,4415,6613,1949
1086,6301,4513,2746,7530
7313,8187,4535,7373,668
9973,3060,1649,8328,4918
3133,4829,5852,4749,3713
3718,8441,3728,4455,2951
5172,7056,6425,7708,1227
4849,3007,4052,3272,9576
5068,7890,5806,2672,4484
1647,8475,6316,7277,6240
7839,2561,7179,3958,3232
2381,1174,3595,5941,5694
7146,4093,2013,4789,6761
5512,8656,5509,1949,4102
7783,1801,2738,6522,837
1473,4736,836,9540,4410
2831,5195,986,7685,5320
566,8109,3683,5974,7405
3238,5588,810,8386,5499
2832,6506,1072,9057,3090
4337,6157,7979,3706,4250
104,9533,3289,4612,4253
3982,3113,9959,2185,6890
7455,3028,7075,1287,2751
3914,5302,8070,3855,4989
6998,2186,3147,7168,3724
3572,2864,5355,7038,5322
6651,4074,2280,8379,3512
2902,7877,1774,6267,4472
4357,6782,386,6219,4780
8234,5397,7374,4,4869
3903,6159,9227,535,4441
4009,5455,2332,8047,3534
4935,2032,4764,7470,6319
7740,2900,4892,9990,1943
1941,5664,5509,6264,2637
8144,5526,3835,5863,566
2839,8860,3996,804,5734
7046,3694,3879,5116,2542
5573,4943,5936,6932,557
3986,4430,8991,2626,1954
2998,2746,8703,6095,3246
5378,5026,7087,3498,4743
8138,628,2180,7184,5761
7579,5209,3251,3186,623
4554,2646,614,7779,8815
7809,7182,2928,4686,4840
7365,4964,7605,166,5344
7238,2960,4545,5038,3162
9859,3461,9000,2898,2993
6322,97,5793,1832,5571
7135,8973,7598,2370,1851
7782,1708,9167,4423,963
6222,440,4920,9649,1892
7310,5977,3513,3444,2973
476,8475,1031,7305,6239
5281,9836,5861,2019,2288
2125,5863,3687,7278,4968
6136,2760,8743,838,8994
4638,7644,4241,1076,6788
8902,7691,4454,5173,648
3827,7309,5129,3437,2559
3331,6827,2151,8773,5469
9601,1007,6111,8278,3012
9524,5028,1338,4181,2922
6955,4834,5134,2800,7766
3712,6784,3481,8121,2525
3246,4444,9136,5454,525
5474,425,6774,5808,2921
2810,4946,3885,7000,4501
6781,2525,5203,8953,1885
3512,8925,1520,4741,8433
3324,4195,7039,3191,5307
5034,8755,7192,1153,4784
5935,5792,743,5054,8682
6375,5693,41,4520,7391
8263,1738,9169,4497,1177
6877,1501,8517,4291,7810
7223,3391,821,8192,599
1884,6567,5307,5522,4937
7354,989,6635,5276,4878
2685,7591,7430,706,7430
1147,6841,8282,7452,2448
8327,806,8515,399,6918
1314,3645,9289,5237,4507
2799,6246,3364,3209,6381
7074,841,6407,4285,5418
2464,4541,1984,6235,9879
1115,6104,7191,4244,7928
5547,7676,36,9656,3530
4651,4448,3489,7745,6060
6679,6335,968,5321,3064
6830,9805,5062,24,4518
6363,6242,4095,89,6366
6739,4140,3446,5176,7973
1763,9453,2450,8058,334
1339,7711,5275,6906,5252
1041,5167,9823,5715,2741
9101,4420,3224,7437,3344
6073,2014,8172,1267,7333
4871,2184,4370,2625,9700
2449,8456,3346,3861,7080
1655,3390,5494,5697,7988
5891,817,8358,3465,6712
4807,5778,5824,6043,7514
5052,5765,2902,7134,5709
6727,2729,6154,3671,6264
5591,2963,7419,1675,6517
7615,1682,8845,1356,8819
7415,4748,2198,8500,4374
6983,607,7796,4475,3561
865,4021,7857,7691,4999
4640,5244,6918,6849,2088
9428,472,1766,7423,4446
5431,4990,3677,9039,4595
8552,2724,8758,1202,4162
7515,7027,2555,3426,4285
3092,6629,5432,576,8232
3438,4920,2928,1520,9506
9952,2436,2343,6475,4867
6020,7635,2511,4942,6551
3119,6799,6991,1567,4979
5898,8579,5432,864,3182
6335,6127,254,9240,3918
2045,9035,5572,4655,6426
5337,8648,3685,5923,6931
2984,6435,7973,3413,3867
8879,2681,6937,4632,3260
1853,6811,7205,986,9032
4733,1322,5467,2734,9325
7610,7273,450,7345,741
3561,6888,3373,4559,9549
6198,7441,5346,2454,5417
4412,3630,6337,1202,8907
4101,2201,3850,7386,5517
546,3623,8562,7015,2826
6770,8255,914,7573,3602
5429,4529,2202,3210,8207
4839,859,9562,1269,5723
6039,7930,9338,2423,3813
5497,7668,4606,6355,4298
4429,440,6862,5562,7082
4758,3495,4806,6245,2770
7178,3337,8704,8625,1016
8897,6001,7418,3,6602
7285,4864,1317,7297,3156
1707,4905,8425,3964,7391
4,7421,1400,4189,9714
6545,1789,9333,346,7774
8594,2321,5219,875,4635
7230,3406,5849,4443,360
7632,6505,1348,4234,7445
6738,5204,3247,6157,4571
3702,7739,3414,6249,5467
3084,7243,2481,2942,9709
5263,7592,938,6282,5659
7114,3263,6983,3931,6076
4641,985,5827,9558,1893
7431,1479,9130,4829,643
8139,5201,2661,6492,1454
3749,1676,4094,4863,8252
5514,5824,469,3753,8632
4987,4703,2509,6169,8435
3985,2744,4405,8041,4668
1967,4642,4824,2936,6355
3618,2237,8061,7533,3409
4273,8559,2678,1168,6998
6781,6978,2667,3824,4767
3288,9008,6804,3024,4146
951,1323,2775,6487,8888
6947,3745,6878,3332,3289
9824,525,3403,3393,6572
6470,6485,4026,2918,3128
3154,576,4940,8715,7043
6815,3344,1031,7827,6773
7403,1271,475,5031,8599
5667,1501,8425,6048,157
3995,7168,2643,9376,4471
7979,6243,4980,4564,3755
7492,4003,478,9635,1967
6272,4542,7727,296,1276
4957,6785,2425,7058,2000
2584,9201,1533,3739,9518
4608,5178,2628,952,9909
1094,7356,7131,8562,2523
6064,1594,2763,4967,7289
2054,5442,3712,8736,3620
6750,5252,3781,6638,6588
3180,6042,4533,3388,4116
4161,1594,4908,1174,9353
128,8662,184,7156,9548
3141,4483,9654,3037,4711
4445,5239,6773,2124,5541
7674,5506,2728,7120,5199
1719,7672,1297,6770,4259
7453,4587,3361,5968,6087
6701,3612,5140,5021,4896
5092,9376,2570,472,6741
8779,3980,5544,9252,1757
5586,4281,9239,1472,9803
5569,5191,6422,2373,7086
8132,7820,4406,2150,1154
5857,4220,5162,6293,5258
5946,5726,1853,6355,6576
7314,4800,4699,179,7735
7434,3903,8468,4585,573
3097,7353,526,8584,4424
5775,4537,4906,348,9149
2548,7978,5451,3458,6031
8809,3114,7027,1173,3814
4859,9067,2175,935,3574
6570,1618,4680,9317,122
3196,3006,9147,5939,6468
6443,1284,9080,7582,3118
7760,1209,9012,3540,3401
5802,7555,1321,4724,1759
4714,9705,2161,9808,1410
9063,3363,5374,1689,6379
7247,8903,2520,2499,2974
193,5108,5528,6726,8337
9838,394,5999,7862,2269
7299,8474,83,2937,8567
9241,3510,5123,6216,7192
3167,9323,2762,1542,8257
1678,4973,8905,1391,5514
2180,8137,698,7739,7062
4191,5156,4409,4530,6654
6926,463,5382,7440,1993
3024,8563,5391,7395,482
6729,7698,7185,4309,743
4985,3929,9552,2214,7820
8461,7061,4063,2966,5607
7532,8429,2260,2286,3763
8749,5895,1992,2040,7160
4613,7673,626,7153,1557
1711,1145,9997,4296,5827
1654,5059,7572,2591,8714
2418,7190,6463,4124,5683
5384,8280,7253,545,6690
3964,8456,5471,5512,2023
4125,5638,3012,6217,4752
1190,8131,3638,2450,8413
9152,5932,1959,298,6673
3589,9065,5438,3117,3106
3770,1680,8737,7770,1987
6125,5501,3669,4681,8638
7446,2300,8189,5204,4141
2041,4094,8036,753,9154
6183,9250,1606,1152,6640
8290,3982,5252,4186,3499
8817,1157,6038,7440,2532
5250,7539,2722,4348,5803
6094,3762,5309,5390,2068
4353,6865,5895,7947,888
22,6916,7278,2377,7671
2120,5638,8469,3503,3951
3796,5243,5022,2066,7871
5552,1645,6649,3635,7720
8521,5600,1418,2348,4883
6414,3519,6903,1597,7443
7979,259,6183,3733,2095
6725,725,8513,169,9176
6527,4578,7782,3602,4154
1970,6579,6586,1327,7027
9410,2439,4118,9015,403
6042,5584,2533,2232,7825
8104,4323,4773,4276,4617
3582,7688,6293,1195,9892
9560,5173,5811,4219,4572
8169,7899,5366,779,1555
4945,5058,6360,5903,2706
3239,7663,4026,2526,4803
603,9537,6564,864,6272
8188,8148,3409,4837,668
5121,2169,6140,2227,7380
6446,1607,6456,6535,2867
6696,4651,4903,5641,2187
4701,5607,8079,1647,6935
2058,2430,9981,7077,4782
8366,3756,3118,5454,3226
7185,9137,494,7846,951
7709,3842,3394,3328,7368
2958,5994,4191,8098,3726
9301,3029,1102,9131,1439
6715,5477,6639,401,4208
6689,9043,3227,5510,4401
1121,7997,6255,4048,6700
5149,5899,6375,2803,2605
5150,6783,1215,5943,3182
581,7837,5429,3800,4710
7686,7590,9865,1274,4668
8620,255,7734,7278,2649
2367,2500,7238,3743,5776
9937,2856,4516,4064,5416
3820,5926,6544,4617,5483
5415,4224,3751,5757,3567
6366,7974,1407,5774,6232
7993,9538,5611,2160,2496
6678,1267,5266,6698,7360
633,4716,3533,8437,7606
6650,6571,5258,7481,996
3650,2590,9894,6938,1439
8415,9383,3321,611,4453
4088,6920,5951,141,7610
4963,3351,8009,26,6215
5360,8821,5159,2607,4441
6475,6871,4829,1943,3938
7774,5174,1825,5493,3434
4549,6020,7188,8397,4326
3365,331,2541,8039,8228
5996,7744,3070,5119,1641
9586,4728,6048,1597,2603
1153,8416,7795,2906,4931
3110,8043,5530,2971,4534
789,6245,3494,9895,6178
3583,3575,664,5684,8495
3118,3141,6965,8261,5286
2904,4016,3488,7511,8628
9437,5292,4533,4299,2292
3765,8441,5062,5789,4510
9998,6292,3678,3206,1915
5476,1756,5456,2506,7262
684,7188,7887,2385,9197
9894,5281,4280,3176,1230
9610,1702,3345,3043,8348
8420,2614,8929,225,4204
4371,9213,2681,1923,7405
4976,7688,1071,8690,2334
8524,2550,5506,4567,6168
4457,3439,696,4531,7917
8621,40,4263,8864,1377
5978,3134,9867,7797,2552
4023,3228,7738,93,7405
4993,1099,7654,5695,4166
6458,6490,774,5853,4016
6352,6101,6457,3005,5999
929,9318,8288,2431,8436
6844,8657,3541,6413,748
1981,3982,8630,565,9912
6225,7667,5748,814,4864
5340,3731,8479,6107,1868
7859,1964,3302,4169,5019
4755,2952,8195,3198,6356
8833,3460,717,4864,9685
4643,4048,6146,7471,2446
1754,6605,1040,8954,3351
8152,6325,2937,447,7528
1270,6066,2388,3090,7466
6859,2406,9646,1509,3422
8910,3453,7881,1031,1497
4710,5694,7963,3280,5499
9393,3985,6444,7178,2705
3292,2844,6327,7039,2298
3973,6417,3920,5235,6812
5961,1144,8054,3200,2739
3835,8133,4223,5527,6118
1107,6569,4021,4909,9694
2853,559,6303,4090,9376
5797,3255,3086,2442,6019
1541,6080,5640,1953,6285
6516,2589,1073,5955,6065
2504,3355,8552,6675,6550
7870,3472,4918,6876,2686
4307,4646,8699,3597,4769
7741,1010,8305,8189,2223
9560,5273,1606,5796,4505
9690,8207,2911,248,6193
6991,563,6302,783,9433
4038,6264,4356,7562,2068
4748,6657,1806,5338,4513
2884,6010,4984,2492,8913
6921,356,7901,1375,8968
7242,449,8842,4510,7649
8671,7109,98,6752,2342
5808,3981,4371,2011,9953
6815,4524,945,5789,3568
4842,9543,6641,646,2972
5127,687,5055,9431,6141
1914,4657,2945,3575,9870
4635,4705,6984,5842,3838
2480,7964,2994,6448,7972
9839,4598,4660,2404,4013
104,2732,5674,7757,7154
5091,7844,3901,9743,906
6886,3599,3108,2513,6550
3130,5528,1848,7876,5369
9010,4658,2059,2873,4242
1670,8514,8577,2752,5402
2825,7312,6804,2674,4958
7229,1284,3892,7313,7873
506,3460,8438,6049,4485
708,9095,6189,6624,1495
3216,4556,268,5569,9019
5401,4251,6246,7241,3963
1601,7940,7893,1947,8989
4858,5786,3611,5199,4759
5436,7312,6864,1938,5422
5851,3244,4663,4328,7411
5587,4025,5825,5664,3934
6026,7035,1988,5262,5417
2441,7475,5448,4396,8718
9333,1884,9300,1322,5771
3878,7083,4226,5345,3932
3956,3686,7688,1808,8243
3814,8354,4817,1713,6744
6658,4405,7288,2898,6613
5852,5147,8346,2286,2535
7222,8570,2373,1628,2457
4550,2804,3383,7203,3887
9830,4596,5380,5399,374
4623,4077,3284,432,8086
2586,2347,7656,3392,4860
1457,6201,6387,6446,4603
6474,3589,384,2033,8379
6435,2037,5254,8320,3753
5139,4861,1828,5981,6902
3935,8367,1631,5247,3507
3935,7150,6481,938,8688
6460,3823,3483,6411,3622
7151,8099,4094,5635,3045
4900,5125,1389,2395,9841
2834,6944,2047,7603,3028
3939,9945,1894,5651,1525
2193,9834,2072,3693,9230
4170,8438,177,7845,3198
2644,7901,6638,3383,689
3734,9850,3331,6891,4101
5781,8334,7499,198,6289
9071,1661,7485,3346,5293
8030,201,6520,3819,6529
9499,2842,5719,4570,2026
6812,5427,4747,3471,7246
2993,7222,6506,598,8631
1478,4843,8008,3919,6737
1486,9399,2960,4546,5692
417,5300,6068,8498,5417
3973,6100,2493,3313,8818
8917,1179,7309,2415,3525
3611,5909,6617,7063,2569
2993,6336,4309,9137,4862
7202,3729,4035,3258,3795
4123,6018,4692,5665,1212
4093,6107,3776,7459,2909
4696,5566,3818,8486,761
2741,5444,4316,9162,4214
3522,5390,4287,4436,8587
1020,5764,9056,2778,5319
2650,8371,5217,3206,4437
1864,7512,4886,2424,5222
8066,5638,3271,4386,623
8801,6491,7790,971,4858
7856,6762,6264,1713,5984
4499,5070,2361,6286,6364
1738,5902,6620,7329,4269
4582,3908,3887,8820,3583
2908,2263,1286,5140,9848
5303,7884,3056,6567,2583
9220,1379,5559,3357,1816
3131,2956,9225,805,6271
3639,2181,6723,1922,7362
3565,2504,1023,7170,8613
4824,1903,4119,6723,6401
8018,5934,4933,2424,1382
2453,8530,6794,1065,3816
8566,1858,6234,7981,2283
1256,2335,7996,4198,8249
2303,4070,7221,215,9408
614,8974,1250,6713,5341
7946,5535,6176,6329,396
9589,7198,1058,2443,2248
4066,9152,3807,2531,9374
8203,4285,3594,7493,1565
9803,6022,1759,9774,898
8203,5346,3146,7650,518
9298,2435,8424,6188,936
7098,422,4671,4337,7048
3565,8281,2291,5228,7380
3556,3995,7031,8303,4579
4311,6696,5224,8889,3519
721,4284,9047,6957,4371
904,8928,4822,1589,4603
1341,6426,5526,9706,2786
2555,8816,3606,1927,7941
6703,7353,1857,7236,3386
633,6779,4218,9216,4588
7031,1075,3409,9709,941
7035,3506,2928,2825,7465
4255,9202,1975,6328,4317
7553,1808,2496,6011,2499
9980,3743,1639,8846,3310
3689,8874,2787,1730,5653
2269,2880,7604,2575,8116
2393,9773,3719,6357,459
839,8962,6157,2517,7331
280,9629,8648,4413,4350
28,8542,2081,4265,5937
7552,4081,2313,6665,1478
2985,4797,7256,5651,3702
6108,8201,7432,162,5593
417,3776,3797,8164,5426
4066,1570,6043,2675,7332
5003,4269,2783,6967,3556
5703,561,5146,6976,8651
597,9434,86,6532,5125
9553,3632,3249,5664,4605
1383,4348,7603,3815,5930
9804,3199,2761,1917,3003
5901,1304,8229,4159,1887
6386,3224,4843,1253,8095
7376,7059,4188,1484,7383
8957,5296,7649,83,2620
6021,4534,8666,1676,4886
2893,9196,2171,5542,2087
7310,2192,7286,4599,1176
4764,1865,8994,622,8932
5499,4776,3965,3217,6275
3897,1213,3708,8993,6462
3030,8739,4340,1147,8554
6639,7343,2226,7893,3176
4121,3387,6359,1242,7899
4931,9170,5519,1353,2846
685,6940,3417,8550,2921
1311,4618,4705,4114,7464
2217,7991,5056,2585,7050
5794,6787,4193,2900,8078
2500,8891,2933,7395,4116
8657,5802,8147,2875,2333
6037,7869,3389,2465,7877
3581,9065,7642,2116,3825
4533,6774,7583,3169,5221
1735,7803,2491,3338,9249
8853,6645,4485,2011,4681
9329,5257,6248,4596,1979
8244,2712,4073,7784,3916
7059,5928,3011,6751,4996
3208,8055,6813,4595,1773
8634,1227,7529,4313,5319
2290,7763,7202,2002,8257
9157,5090,1723,3398,6746
7155,5536,4632,2081,6282
8701,7138,3198,2581,3494
4099,4251,1915,7823,5846
3639,6143,6566,4354,6479
2573,8897,2838,5342,6383
9647,1297,713,6423,4358
7120,6659,5360,1779,5202
6272,5201,356,6945,6086
489,2695,5486,8998,5922
6919,6581,1482,4935,4279
8378,3431,5865,5732,596
5459,7243,787,7125,4411
6389,8648,177,9812,2017
8632,6771,1283,2582,2622
2103,6968,2253,4612,6961
6192,6507,1941,9021,4504
6036,1323,945,8903,5111
6406,1970,8858,3326,2667
6287,8365,2352,4715,885
4590,4762,7686,5027,2770
5017,6498,8178,1670,5892
6444,7930,9297,320,2042
6792,5265,4992,5540,3638
4912,7379,306,6313,7804
5509,4141,3504,6942,4456
111,9069,6149,2981,7263
3876,9924,2047,2138,6134
3410,8545,1628,6603,7800
1921,4866,9178,5332,6783
2365,5815,1062,8991,2052
7633,7828,627,6152,1779
8046,3293,2753,9066,887
4393,5752,7157,2745,7576
5522,5746,7172,4737,3634
1970,6146,6596,2594,4963
2049,7451,1079,6877,9639
2464,1566,8178,3619,9652
4319,3077,9406,7821,2144
4323,9537,4198,2420,5005
4197,3759,9750,3294,1537
2236,3113,1152,7243,8175
4648,2770,4372,5186,6610
5311,3060,8249,1502,6107
6017,2179,6761,5798,7177
1195,371,8809,7113,5167
7857,8633,5758,307,2485
6478,1375,6298,3587,9290
6483,5760,2118,6982,4943
1229,4256,2446,6537,6847
5751,708,4995,8309,8003
7182,5474,2709,4988,5966
1926,5774,9676,952,8794
2188,8806,6696,5220,6785
3976,7007,6828,3026,7694
9677,1463,2203,6613,3939
2814,3994,9337,8418,514
8429,649,2128,9793,2263
1808,7553,1645,8639,2970
7479,2511,2338,7442,4420
7271,1876,9798,1230,4096
2785,9406,318,6426,6438
3746,3510,7193,3940,7125
5700,3678,5506,475,6546
3248,7517,5457,2621,3061
6123,6837,2022,6387,7080
7859,4238,3341,6855,4791
9843,2498,4947,6015,452
3248,4555,7831,8288,1766
2789,7788,4188,4201,4492
6449,5736,386,4894,5033
4823,1865,3267,4949,8078
6176,9134,1718,2699,3941
1207,8824,2328,8370,4753
1785,9990,4995,3002,7785
7939,6243,619,6679,3866
1196,2669,8905,6856,6920
8292,2220,362,7345,8345
8506,4420,6006,737,2788
2055,7984,6346,5914,4608
5613,2979,1962,7038,5839
7725,3983,2431,6149,5890
349,4698,4226,9801,6276
8394,5062,3075,2850,3108
3378,1033,8010,6374,4471
5673,5626,4224,622,6217
6030,1019,4539,7397,1073
2295,5667,4009,6284,4338
4189,5161,477,5219,9377
2834,2103,2788,9807,7356
2806,9241,4715,332,9016
2350,3040,8571,176,8866
3891,4030,1454,2888,8712
1782,6569,2599,2807,9400
6350,5565,5771,7248,501
8137,2761,4437,4088,4610
3831,5550,1243,5734,9743
1293,7301,8702,3119,6074
6930,5926,7113,4310,3681
6030,1497,3180,8561,7949
791,7545,4485,5670,8744
9381,1577,6060,5030,5190
3061,2122,7600,1808,4984
3674,9352,391,3586,6814
4409,2994,8107,7625,3045
2786,1906,8112,2818,6611
9650,5325,515,9612,1154
5707,5744,2231,7201,7307
4561,1706,4287,6523,3600
9126,2964,7471,7473,2607
3700,7886,3179,4141,6651
8105,4110,1219,8625,4720
2774,7637,9129,2987,2569
4970,4868,5232,5572,8956
9942,841,7181,7948,1650
3947,6735,3598,6740,3691
7309,4955,2179,2465,6185
2490,685,9247,6507,4662
5292,4299,8839,2667,4739
4722,3357,9979,2032,1789
5605,7258,2877,1358,9089
7435,1208,2994,8041,3970
6244,8520,2728,3836,2831
3198,6887,2694,4155,9533
3192,9643,6887,5081,2580
9459,3905,4572,3382,3771
4714,2585,3344,5041,6451
8726,5138,3394,752,5310
4862,4100,7538,5691,2983
7547,2768,6371,6850,2370
4079,6737,5942,2924,4351
9108,977,4621,6018,4015
7856,1343,3056,6846,7884
5788,5537,7475,916,4470
7395,8183,2880,524,5047
2408,5236,9863,1608,6781
7176,2834,6674,4462,8119
3534,8041,2659,7055,4066
2131,8446,642,7174,9270
9142,1484,6348,1374,2453
6217,8880,3552,5618,4422
4310,609,8459,881,5536
3224,5742,6781,906,7583
3853,5213,7459,362,7548
3703,3471,5322,6809,4719
2372,6574,795,8076,5057
7102,7130,5398,2483,9119
7169,2193,7638,1534,2444
6042,786,3994,8986,2853
2845,5399,6213,1299,9692
5453,2860,5783,9256,2461
4834,5266,5959,5956,6041
7571,3904,8027,1085,3780
979,699,4972,7356,9642
9388,4760,6120,4562,2045
4516,3584,3645,8042,1827
8567,964,6893,1544,6935
2180,4095,4899,5186,5101
5663,306,6246,4045,8144
7849,348,8382,6799,3211
9607,2373,4227,4650,7944
2018,1089,8084,8193,4000
4741,2223,9845,3404,4326
5435,1772,3118,7409,5413
5507,2687,8158,3323,4744
9782,1274,7906,5612,570
8068,9320,3266,3679,3331
1372,5073,5229,2643,7820
846,9823,7041,7475,1965
5200,5839,1466,5990,4194
2906,1132,7797,3966,8362
3658,4718,4747,6201,6585
3136,4500,718,7624,7771
3319,3599,5852,2135,8378
1473,2740,6396,7429,6229
4967,4561,5111,3162,6755
7702,5433,714,5559,7620
5655,5781,9382,3508,6013
7460,5918,2250,6712,4822
2529,1851,9295,5407,5031
7287,4425,2012,6713,1938
82,8673,4932,6585,8790
2205,4001,5913,6730,7822
7548,334,2961,7381,6415
1955,8089,5910,7489,3635
7252,7280,503,4290,5931
8842,4696,3324,2355,8013
8844,6679,1432,745,4367
1396,9424,4580,9895,3178
9158,2161,485,6355,4827
2664,4627,4661,3059,8170
1515,8774,8015,4634,902
7937,9220,307,6324,3067
6640,148,4817,7611,5003
7574,2682,7322,2886,4218
7160,6580,2761,4740,277
3102,4109,1238,8680,5376
6381,2595,7023,589,9078
4726,6688,1282,4942,9392
2060,4774,8064,474,9501
2137,4623,9511,6499,5796
6969,3168,3240,7000,2323
5942,2846,6007,4036,7032
6160,7645,5978,1572,5008
6078,8350,3839,3954,2096
5044,1077,7835,6024,4910
8103,8147,2602,3668,2060
174,5921,5431,6183,8251
9131,8425,2923,3761,2402
5488,5020,3455,8828,192
4192,3251,4225,4507,2799
2403,3602,4245,5128,6235
4093,9137,3531,4862,2607
7016,4170,7079,5124,3272
2510,3397,5123,7138,9045
7313,7376,8032,3337,522
7079,3849,9911,6189,2480
7013,4704,3286,4643,5686
9550,3300,1113,2722,5787
1686,9594,3579,6414,4591
3130,7742,8228,2791,3717
8115,373,8463,3738,2133
7413,7403,5050,1227,2895
1044,2263,9709,5204,5163
5075,7915,4879,3906,2122
3723,5234,8705,1214,7528
7667,4154,8848,3535,2019
517,8779,3702,2916,6370
1844,6086,3057,6108,6168
5726,1360,8287,2054,7455
6523,5348,3949,3470,7622
4965,6195,4076,8681,665
8447,5656,793,5303,6146
6418,5180,4662,5498,2377
7138,8087,3521,6056,1256
4394,1689,8862,6149,7702
7586,1786,3490,5377,6911
2879,4693,7588,2426,9268
8157,4145,5925,5286,4217
1945,8743,8602,785,7568
2414,9301,6806,4757,3841
1699,9971,5252,4113,1154
918,7988,5622,7217,1032
5235,5728,5311,8612,1244
4288,4646,3092,887,8170
2136,7176,2678,9578,4275
1180,9035,4955,4648,5357
8796,9377,2260,5331,2469
5951,6143,8980,2604,1940
2029,5945,4942,8406,6192
7550,5427,7012,1067,1724
4445,1779,3397,5442,3916
3157,4539,5082,4451,5840
1611,1948,6060,9765,6720
3888,1842,3881,7485,8913
4358,5873,4949,1663,3443
5587,169,4193,6682,9269
4363,9602,3647,4620,4645
4013,7832,6501,4541,1526
350,6663,7555,5942,1678
9898,4669,272,4518,2493
6849,2166,5466,2832,9719
5297,2083,3708,6672,8262
3396,6188,5691,1744,5112
458,9216,9128,4104,3998
4388,7213,5294,3682,4653
9340,2596,7314,2346,1172
5784,6530,3504,3345,5291
3918,4454,5485,8155,810
7392,7089,2558,1120,9788
7301,5655,5715,2089,6627
8932,5011,1975,4228,7270
5697,321,2204,7464,9673
8237,6124,4393,6041,494
5294,4257,134,6215,4590
4349,2195,2960,3588,7312
503,6891,9417,5657,1445
4005,7812,8298,5959,1842
9642,2044,8785,1581,1670
1588,538,8896,3478,7293
4354,7964,4708,4602,3046
4959,3851,2558,8951,6682
2050,6846,8547,974,8877
939,3420,8916,3512,6562
8491,3613,4405,3123,3027
9498,1732,1511,9075,112
6338,885,8576,1086,9039
5065,7213,2557,3674,3960
8874,8495,1608,5737,2375
777,7527,1965,7400,6307
2969,4594,4934,6255,7433
2196,9130,7116,6317,2456
6422,5070,355,8875,5229
5334,2500,4411,5731,9688
9917,2286,2748,5523,4792
1803,1406,8549,6752,5221
2881,2375,7437,4488,2954
7184,2672,5148,9588,3007
6133,1165,9683,4589,4380
4483,533,4149,6870,8323
2677,4283,3891,8918,4295
3573,8163,6589,5602,1947
7988,3313,6949,4263,4087
7372,3802,7846,8105,239
4880,5460,563,2304,8700
6794,7694,1743,6941,3666
8843,4819,2910,6235,296
3754,4370,7181,4568,6426
6391,3514,4492,6554,1357
994,3282,4942,8747,3625
4586,1681,2300,8546,6550
7016,4000,844,5710,7893
9806,324,5357,5475,2916
6135,5782,7230,4000,3080
5812,3695,9193,6017,968
8871,8252,4378,4920,1358
6115,8272,7347,2503,2075
6954,7141,5848,2946,5348
1318,9270,2839,4257,7276
2464,9325,2578,6847,2397
4137,8292,3196,8441,783
432,5378,4901,4787,7770
3670,8028,7566,2282,3468
4829,8851,2202,7217,6664
2939,4668,3479,5111,8038
4513,3530,5479,6381,4276
7424,1683,8295,5055,1756
8253,985,7243,2794,6231
6819,3014,6044,4826,6089
3378,4240,3278,7229,6604
4328,8534,1132,6680,4994
682,8151,8318,2754,8397
5176,5987,2839,8174,4767
8329,982,3867,9684,3323
4814,2041,1213,4097,8926
2257,9552,3094,7134,4977
4708,9759,4305,157,8810
9352,2394,1905,1415,5518
9979,3310,3011,4793,3759
2144,6620,2749,6853,7838
9311,5976,704,5197,1046
9239,5095,3795,148,7856
7914,3987,266,9937,3275
9624,2285,1839,4523,5270
6517,710,7402,1052,8205
4236,3833,6020,8446,3938
3106,9321,2180,6805,297
3717,4820,6095,3588,5301
4632,8497,860,8676,1385
8119,7794,3780,3135,412
8698,1733,2238,4143,6471
742,9564,4956,8237,2718
5283,8863,243,1116,6952
7304,5074,5496,5525,1422
7483,6940,1065,5689,8992
5315,5333,7190,989,6389
7489,8428,2402,2662,3166
9455,4607,110,9698,5157
5919,2704,6097,4012,6043
4316,3223,4838,5674,5990
9547,1987,4312,6509,3156
5181,2950,2819,5579,9078
7071,1414,6694,4976,3859
4968,909,6196,3273,4063
1457,6446,8127,4163,5432
6546,4818,6509,3449,6332
6149,3593,1416,9033,4446
5644,2229,7888,7412,4366
1348,4131,8248,1546,8675
8969,913,5027,1865,3355
2953,8561,1791,7632,3295
8025,3463,3735,6427,3727
4896,5958,4874,6693,3174
6565,3312,4906,2380,4961
4603,227,4201,4168,7329
9126,4720,2401,1646,7207
5320,1580,3155,5141,9689
3648,6368,2054,7025,8949
5979,625,6290,8607,1083
3160,8739,6517,1038,5750
5715,9897,1269,2095,6777
3323,2538,8956,4809,7508
9677,4705,107,6420,5963
4966,7543,737,4604,5692
3731,7635,7000,3092,6620
283,9063,3795,4179,3901
6547,3871,8339,2925,4643
6484,2627,7495,2432,6208
6207,2926,3018,3155,9042
1390,8259,1826,6890,4671
8466,8425,2511,1713,5413
9556,2550,6341,5140,974
7095,3962,8184,5097,1690
7677,4896,7862,1507,5882
4714,6267,7809,8018,2854
272,8341,7354,5068,3961
3318,2048,6794,9009,4487
1739,5420,3232,9719,5539
4495,6353,1370,5572,5069
3543,2068,9302,2437,4792
7633,3849,5135,9820,1874
2765,8239,5176,644,8078
2345,3766,9756,5775,4570
7247,430,3530,9158,8894
2980,8581,3915,1686,9352
1442,8760,7782,1869,9835
4032,1059,2471,9884,7743
2880,1079,6437,2462,8056
5711,9247,2983,4851,5182
2853,7494,3729,4967,5690
1171,3972,7787,7678,5931
3868,3042,7395,4499,7538
5663,3221,4675,7452,4862
1737,4177,5617,8369,1152
7450,2574,9255,6755,637
4767,1599,956,8829,7777
1215,2509,6051,8515,8086
5274,8070,6591,1088,4735
6516,5144,2868,3621,9358
1893,1392,8921,2533,9186
6498,7113,3071,2456,4494
8156,3725,8513,5940,1140
272,8227,6577,2206,5557
2293,9555,965,6797,6313
5507,4680,930,7029,4550
5246,3676,4300,7548,5588
5141,9746,2432,106,4359
2909,3916,7828,2295,5711
7496,210,2919,4899,9900
4644,5618,6580,1612,8258
7227,3571,1110,2399,7920
7931,7485,3550,6002,2629
6258,5900,1666,7035,4943
5022,6071,2837,5921,7359
4937,6122,2088,6809,6906
9451,5484,2361,3119,3333
263,5814,7445,3229,7740
1874,4352,9170,4573,6388
5861,5129,989,8507,3185
8892,2392,3363,3728,5107
2961,4005,8673,5052,7728
1770,2384,6785,3194,8341
5740,3908,1652,7563,4115
5363,5814,2567,8019,3717
7106,1783,6616,1818,7231
3931,7633,9940,1352,586
4464,7409,3154,3325,6987
3156,6591,6927,1532,7985
7105,8233,5925,3936,2401
5946,6797,696,6678,5026
3191,6221,9014,8561,429
929,3203,4654,6454,5860
2282,5909,7930,3126,4520
2802,6050,5532,9157,1546
2713,6387,6015,4629,6665
1933,6094,6431,7055,6789
5288,7654,1374,5065,7187
494,5283,9429,6871,6321
9000,5609,1831,3651,7242
6620,2100,9595,8998,260
8125,3384,3337,9667,2127
5999,2680,7134,3504,3537
5175,3714,9418,1148,6176
8240,1605,5440,4236,3690
5929,8901,202,9798,1317
8288,5205,3906,3772,277
6576,98,3866,9246,4765
9469,5019,2037,7149,102
8920,2663,8398,1551,2492
5615,3700,2846,3237,7174
4671,3424,4870,8157,87
8005,9148,4971,976,3651
973,9946,624,8762,6137
3675,1245,4082,7104,5928
5243,1805,9399,4825,4711
6964,3750,1917,4975,6748
3570,2774,8693,4093,4427
6563,3737,7354,5801,1755
5132,3886,4220,1903,8888
7230,4484,2058,9625,5610
6211,6272,4384,2020,6597
2908,5529,7996,109,9867
8099,7558,6143,192,6676
6144,8351,82,6745,2689
3155,1269,9709,5110,4884
5955,6847,3716,850,5555
5735,8701,7467,3184,1791
6244,5003,3289,6880,7794
9301,2967,4139,8340,3237
7252,7847,4029,3273,6228
3917,2659,7791,9552,959
1959,6428,7400,5785,4415
7511,297,4374,8889,4631
7109,6176,5750,3998,3058
3552,4743,3098,2899,7645
7541,5770,6995,6293,448
1984,7270,4256,8887,4910
7478,4429,2267,5947,2290
5091,3226,8712,3708,5762
4996,2842,5936,6647,6434
3259,4118,7794,3194,9590
9866,1202,6727,6920,1081
2268,4445,8328,6943,20
6290,6773,2725,7934,1876
3068,5157,1236,9987,7045
8379,6202,1515,1298,6656
1988,9125,5055,5396,3890
5651,8253,4402,1565,4387
6210,9614,3990,5326,3542
7710,1133,2686,7895,2013
6004,4647,6208,2563,3201
4411,3899,5266,1835,9059
3335,7621,3734,770,5214
4704,8587,3133,110,8923
9486,4780,738,9232,3017
4846,3562,5275,7630,3665
5447,8391,9050,272,5249
216,9232,4406,2589,9006
2711,7461,2534,5349,6197
2044,6896,7694,2929,8087
1447,7310,5464,9380,4801
2053,6654,7920,1235,7161
6473,7044,4264,5769,5221
4610,4762,145,3012,9182
788,8906,4581,7466,7798
3084,4044,4937,1469,8409
226,6649,3371,5735,8351
2571,8706,1918,5373,8049
2546,9779,3695,732,5397
619,9970,7045,3880,6616
5551,3173,898,6658,8310
7925,7341,5794,2982,2038
5299,685,4979,6439,7956
7170,3943,4800,2436,8109
8321,7569,7142,2665,18
9638,4698,4136,5970,88
8733,4115,5066,2674,4504
4350,79,7738,8654,6055
5153,4520,8130,1292,8094
2072,5610,4118,341,9907
3347,5471,3962,9746,3020
6291,5790,3053,4312,9155
1773,6667,1977,9810,3688
1265,923,8861,6460,9282
3642,8676,3186,6025,3235
964,5611,8229,5795,6078
1726,8992,3773,1672,5042
1303,2848,8915,4900,7491
6451,6578,7668,3764,1460
2442,9628,393,4237,9406
3135,1999,7721,2890,6295
7041,4745,6577,1423,4667
1493,3654,8207,5747,4075
4648,6279,2155,7252,9095
3769,6589,1423,9116,6763
1390,8258,2796,8286,1430
3422,6029,3723,7708,6896
4294,5468,4799,6504,617
1495,5661,2337,9313,7655
3191,7507,5341,1505,9459
8364,8452,2387,4178,2830
2325,9763,3861,2943,7090
9920,3127,4568,7588,285
3942,8427,2232,2059,8073
7509,9347,2761,3745,4718
3149,4278,5281,9651,4166
3572,5451,3294,7262,8150
481,4827,1573,8098,5914
4401,4594,8177,3322,2096
6640,1606,241,6317,7766
7587,2966,3700,766,7272
8030,233,6486,6693,7147
4690,700,5821,9300,8244
4153,6045,3010,5863,6390
5378,5846,4618,5731,8350
8965,1983,5395,7036,886
7865,7034,200,2114,7232
3273,5075,8633,3865,4577
325,5899,7350,1877,8869
7631,1347,7870,4357,7766
5647,5237,845,9270,4698
5331,9079,2144,6068,1893
3679,5812,5733,2121,8397
4146,1209,5481,8429,1954
2317,6069,1447,6782,7346
3453,7425,3424,3759,5783
5073,3660,3605,7080,6419
5433,5260,4686,6690,1404
1818,7431,4395,5937,5098
2915,1021,3176,9897,7608
4216,9744,235,6864,3073
1448,9178,4407,5436,8628
7062,4797,1241,6810,6987
6035,2450,5060,3005,8413
4452,2109,6378,5769,5500
838,6893,896,7734,9300
7591,3344,1662,6289,4210
703,8933,2502,5722,8485
9744,1672,5647,5469,3741
8769,3557,982,5177,7273
5562,4706,3169,6144,2450
5930,2763,1956,7960,6082
3748,7778,6355,5396,1693
6319,6423,4573,4581,5187
2452,4672,4290,9119,6875
5372,873,9427,986,9207
5185,2902,7433,4333,2521
777,9212,8057,6476,3204
2540,8857,3251,7926,4119
7917,75,7094,758,5005
3192,4081,6279,7091,3342
8826,3988,1283,8502,291
4245,8238,2899,4346,5718
2943,9514,695,2246,8337
74,6694,7864,7256,1213
1442,7477,4994,6143,3493
986,8914,4365,7890,2247
1733,1140,8933,3231,8600
2651,8796,3994,1625,9820
8249,3414,7974,97,4371
7578,2890,535,9251,6662
5315,865,6929,6877,4595
2187,4582,7545,6212,5855
6717,8930,3553,1439,4404
5832,1823,7686,3319,5781
5192,5922,9706,2143,4267
9681,1732,188,7799,4287
2651,4717,6855,8283,3495
4606,5512,5218,3946,6735
4226,9366,5412,2066,2622
2639,2997,7036,9523,2712
2270,5722,3886,7530,1882
3399,1446,6486,7102,4426
9111,3433,7343,7366,1575
3279,1259,9999,4496,3375
2630,6820,5814,7590,2745
7853,8047,2578,7556,2463
4703,632,8525,7443,7302
1898,9066,7070,6234,409
7309,8058,4186,7164,108
1202,8163,2743,6346,7780
6323,730,8053,2525,4982
7832,4586,3968,4425,271
5379,8839,898,4909,1780
3169,6872,2571,9690,3274
2439,5238,8220,3168,6664
7247,3118,337,5268,8738
4472,5713,3314,6418,5904
1543,8375,7860,1046,3385
482,2780,8291,7885,1667
2670,9841,6085,1172,6516
4524,9260,5390,944,8293
8072,5059,5106,2286,4598
5537,5755,819,9078,608
5176,3095,1688,7201,6785
9468,7609,1884,2341,4788
214,1631,8365,5889,5561
6715,2082,7682,5978,3397
1719,5086,3577,6189,9214
9313,1270,7021,2654,3521
4352,7496,3237,1415,9635
8312,1829,816,7661,5385
5220,3991,2584,6116,7094
4542,3976,5742,8561,2339
5193,6298,3880,1944,2904
119,7821,4202,4835,7734
6265,1093,768,8687,8253
8827,2979,7179,3854,4561
9215,1696,5526,3805,2246
4568,3379,7665,8393,728
5232,4862,8619,770,4404
8964,2099,2196,6315,5076
3909,5166,5484,9482,351
6375,7426,4746,7500,1652
5799,874,8603,2813,8247
4827,4195,6675,8162,2286
3031,5101,6757,5708,3103
1118,5964,7823,5512,5385
7238,853,5443,6306,2905
9509,3342,3349,8911,2838
8297,3425,4076,5782,4567
3821,9748,1137,1376,8608
5819,709,1756,7761,8453
1173,4965,4167,5570,8460
4342,1162,7045,6945,7323
3661,5204,5319,4548,6895
7310,2643,6390,538,8102
7569,5677,4195,780,6014
3304,5475,3952,6015,4400
1952,6928,1154,7831,5271
4182,1231,5025,3681,7436
2575,2432,4138,6918,2816
4061,8315,7839,1102,4999
3850,7259,1745,8116,2830
3084,1618,6728,8577,5032
6452,1521,7032,2702,4918
9857,8143,3444,5411,1062
2301,9930,2158,1788,6910
120,9402,7683,1157,6630
8149,7494,5902,22,5694
3838,8885,5333,482,5610
4567,6468,6681,7483,1651
2019,696,7591,4649,9384
3205,4706,3298,8832,553
6549,4744,4984,5283,7866
5479,2020,5038,2290,8798
4582,2226,5194,2423,7254
1546,7795,4677,3761,5213
2781,9378,5902,1399,4866
4232,7550,1412,4706,4955
9352,5729,4023,5770,987
168,7369,7702,6671,231
5321,8546,3356,6919,742
6189,5787,7624,6613,217
4933,8832,4349,4114,4471
5013,4366,9719,4079,7786
9385,2895,7285,5113,2071
3597,4810,6748,6857,1640
718,7462,3358,8000,1533
3195,3718,7762,1689,8913
773,4206,5548,5169,7364
2095,7225,1959,6843,5950
6943,4283,6444,1878,7068
4234,8331,525,4887,6824
5265,257,8371,3466,9063
5258,8567,6135,4602,2357
3732,5280,1792,5780,9334
9675,1287,7386,8594,1757
6415,3386,4250,4167,6732
7627,3283,3826,1899,5475
5058,5549,112,9803,8070
3719,3127,6296,8248,4775
4267,8867,3806,5930,4530
5150,6341,7172,512,4652
6198,3539,8981,8515,318
5022,3867,7051,1021,4829
8032,6948,1208,4482,3321
8123,5238,1750,6399,4031
2854,6100,1963,8538,6729
5151,6752,2667,7694,694
2988,5441,4962,7509,3985
5728,5312,7350,5423,5513
1286,5089,8279,3772,5171
7751,5195,354,8355,4485
8814,6676,7622,4576,1297
9965,5840,2296,2538,3084
1903,2499,7755,2881,3611
2262,5920,6961,8318,1114
2569,8361,2386,1187,8267
1977,4047,5300,3467,9689
2462,8311,4757,547,8614
2858,3332,3915,7687,7908
2343,7130,5808,6793,1807
7007,1371,7249,3296,7749
5519,4248,7111,5033,2701
8295,1402,8896,4734,4769
6204,5419,6494,1603,9290
7049,5189,2135,8578,3827
2287,497,9904,5837,8855
9334,4848,4217,8251,2065
7997,1356,8679,1638,1037
1939,3666,8228,5477,4459
7625,2910,5217,4935,6526
2073,1356,9083,4321,6075
4718,9204,6185,710,4455
6235,3572,3799,5799,5878
2312,3377,7038,9471,3020
5780,1675,3413,9555,4241
8850,1695,8285,3268,272
9137,1839,1114,8334,5942
2943,5361,3234,6452,7656
1452,7955,2125,9461,3084
3336,9547,1679,6148,7131
7461,2264,4267,4451,8629
4008,559,9007,8333,1210
3832,5635,5386,2603,9416
7523,5288,36,8098,5495
7611,2790,5170,7698,3354
8889,3389,5854,6797,1903
2401,7068,4449,7427,741
4576,696,9650,3232,7177
7102,3164,4232,7901,3876
6400,2215,5494,1539,9783
2974,5313,6666,8620,4570
5676,7902,2289,8378,4506
6603,8612,2978,2804,6711
5952,5155,8719,366,3910
4339,7631,3232,7345,2739
3459,2710,7721,3697,7750
6842,4287,3856,6392,6402
5863,8868,2312,8198,2354
7016,2444,5919,2586,8731
5671,4500,5663,7539,1313
5467,5148,2617,2403,4549
1912,8871,8036,966,5186
7638,9160,3094,3725,3646
9392,4090,1969,5795,2975
4589,6203,7539,5365,2488
6072,8484,3528,1903,4192
5369,5114,2241,3015,6631
1093,5066,5411,5453,6660
5485,676,7497,6264,4300
5087,5503,2535,7391,4393
4737,4517,4526,5462,8286
5707,6588,7245,739,3662
9392,155,2584,7672,3916
6801,9630,3133,3662,5895
2951,6334,314,9020,1810
6179,2557,7724,7741,1754
4696,2137,1692,7742,8719
4209,3412,1609,6583,9476
8336,5602,329,3692,4748
889,4758,8966,279,8233
2968,1771,6251,2929,6675
8277,3568,2017,8097,3516
5485,6580,5129,5197,3434
6419,6980,3614,450,7066
5278,7537,6044,5029,3606
6984,7935,6824,1443,2257
4994,8446,2421,5851,868
8268,5565,702,4455,5372
8536,7645,808,7575,841
8733,2090,3451,8095,1800
6803,6166,2890,9264,12
899,8121,3074,6388,9210
397,5195,7327,2386,8912
113,6809,5397,6560,8146
275,9148,5967,3242,9744
4007,8866,4281,6938,181
8120,2560,571,3550,9993
1839,9488,1284,5498,8619
1476,4394,3485,8913,6065
2757,7456,4975,4628,3406
8943,3348,320,8665,2305
1606,7512,7345,4547,6648
3318,4290,4528,4826,9057
5864,5151,2673,5366,6957
9798,5796,5119,4011,2551
8230,1964,4524,8978,2785
2764,6004,6960,5885,5943
6067,6645,2601,5321,4353
6922,6045,5523,5580,2045
4931,6671,7624,2767,4985
8944,1992,4209,5185,4767
8490,9532,1535,4116,4664
9620,6808,4160,2025,2585
9112,66,9380,5429,141
3126,7550,9480,5278,1902
611,8596,9301,7333,1387
5177,3044,6805,5355,9391
3349,2975,3201,9567,7870
6781,1936,8111,5123,4953
8031,2735,198,3703,6297
4300,8197,5039,1749,4703
7506,966,7457,1841,5562
145,8315,2783,2859,7862
4806,1897,3773,2100,5147
5406,3049,2586,1506,6462
6840,7268,2790,3742,46
5211,4098,4629,5326,8942
3825,4372,1716,8471,3818
4372,3005,6903,3915,2618
3879,4480,8841,3163,4255
2610,6043,3421,9046,2044
9102,7322,4856,2259,1461
9855,4064,2422,4034,5823
575,4721,7306,3909,9670
5025,3658,3425,7334,5442
7389,3675,6577,2478,4439
8595,5500,5525,4561,4946
4368,8042,5082,170,7030
1113,5758,4622,5555,9720
4966,3524,5887,7483,2789
6898,5727,4944,8223,1810
6846,1446,4874,7146,2639
6340,3326,4967,9255,1469
4588,5375,7866,7632,639
7102,8642,1035,7900,3866
3480,8176,5554,938,8020
7184,2776,6334,4589,5054
6450,2596,3168,759,8813
5187,2920,9796,1130,2413
781,3985,6153,5038,8146
538,4990,7305,1105,9644
3906,5089,8074,1259,9094
3578,9053,1197,4770,4620
4585,4853,4429,2062,9705
6302,1008,2542,8747,6868
4479,3258,8412,7982,2560
2418,8470,2525,8724,5380
2091,3556,1812,5597,7211
1749,7372,7615,4935,5918
2508,5120,3843,2788,6689
3724,3352,5897,5253,4126
1916,1885,8387,9797,5423
4155,5496,5077,3892,9296
8667,962,6694,2446,5253
8093,3505,1298,4214,6242
7414,4337,7738,2889,475
6017,64,4945,7174,4352
4059,3519,1034,8659,6789
7390,751,3785,4224,9737
8160,9337,3132,2275,918
7641,4053,2849,3282,2636
8501,6435,3179,8230,3229
1915,8750,4627,4489,4579
4687,8595,3833,5388,1446
1937,5353,2952,7293,9366
1313,8599,221,8357,3319
2572,7896,2895,2875,5415
5860,5388,1479,5353,3258
5156,7109,4079,7648,2195
2847,7366,2426,2604,6292
7356,2769,4378,6564,4169
6291,4178,2499,7026,7556
934,7643,8642,5826,3766
7086,6835,7116,4897,649
8186,6916,2445,4438,4003
4003,4248,352,2777,8799
7767,3899,3606,2469,4331
6687,3539,4830,9243,2310
6030,5936,2285,3671,5855
4247,2979,6131,3176,5167
4373,9982,1289,5531,4880
2877,5742,3534,7276,6384
8970,375,5273,8891,1660
2331,6945,3062,8963,1232
9027,7904,1670,4613,4456
3464,3164,5544,3621,8732
6053,2826,4015,7493,8156
9863,1047,6544,2023,6938
9655,708,7326,579,4715
6416,309,2494,7910,5161
5912,3867,5890,7093,4070
5544,6915,3280,7396,2290
5324,1368,8119,4750,3730
4420,4928,1658,8368,7811
8993,6547,5134,7996,424
5276,2722,3220,8043,3742
3230,847,8101,9071,6519
2045,2984,7992,8223,3793
2221,1983,5897,7916,7291
856,6740,8969,6111,3538
358,9286,5358,6166,6637
7774,4539,3403,437,7316
2304,4490,7400,2852,8383
8268,1518,4013,6155,6069
7759,9553,3728,4562,1388
3438,8095,380,4093,7806
4624,4568,2865,3131,8019
1758,6328,3449,5948,5774
4050,8612,4078,2903,1556
6881,2336,5623,382,9063
6386,6078,2191,3507,3834
9474,675,6718,9257,504
9161,3873,2574,4415,4657
8272,967,3875,3009,6501
5290,1432,8057,7156,4613
9912,1331,7447,2627,3075
2856,4391,6185,8983,3408
5704,3722,3180,6148,6296
812,4598,4938,8796,8103
3523,1286,3519,7442,7496
583,6291,8497,1755,7896
5692,4456,4173,3136,9852
7282,2070,5693,5222,1946
7591,1987,7084,5392,6002
2052,8056,3823,2848,7632
8498,2225,4769,7868,1577
7532,1737,2266,7944,2840
9464,2934,3375,7071,799
3371,710,9473,4428,8585
2185,5284,2907,9048,3005
9157,3820,3444,7536,2502
3685,8642,5563,4842,3297
3789,7622,874,5801,8249
2858,911,1816,8198,5555
1032,7439,2342,6885,5604
1957,5910,4299,4989,6119
2599,3979,5929,3686,5562
4421,3932,5373,9522,3481
9479,4925,5923,1908,2024
5256,7210,4380,5241,1287
741,9975,4569,6773,980
4899,4493,4839,7498,4939
5527,8417,3847,4813,2127
1629,2783,6018,5732,9741
3653,4884,3102,2794,8469
4496,3670,3758,8097,4713
3271,5657,2262,7708,5653
5889,4116,8456,486,3274
5050,3101,7213,4823,3970
5307,7355,5186,5694,3608
7369,6122,1056,4009,5477
8800,5524,7169,54,4779
2660,6063,7208,919,5592
2490,8772,3215,7915,5475
3396,2048,9241,5608,8400
1106,9095,1200,4842,9169
3793,759,9769,5979,1567
3081,2242,6621,7460,4991
6011,760,8357,2244,2695
205,8213,6525,7564,7717
5009,7236,1189,8864,2671
2165,2493,4539,8832,3728
1567,4240,6182,4915,6720
9755,3906,2415,4889,6395
1378,7324,7477,2174,6144
9031,1882,266,9469,59
5562,6587,5186,1118,5327
4657,4987,5738,8159,2861
3435,7757,4536,2718,4859
4918,5767,4633,701,7816
8582,2294,1401,2035,9454
5020,5638,176,5618,6361
238,5552,4479,4250,6892
7116,4498,4288,6842,657
6180,2021,8009,259,4181
2564,8314,3496,9423,2937
3107,9637,7082,2489,4203
724,8378,3273,7086,5507
2302,4735,6808,5232,2317
4015,5641,8017,7253,23
357,6295,7463,3743,9237
6536,4720,2797,1731,7853
5766,1828,4307,3707,9199
4269,9958,24,9014,1482
8782,7990,2576,4322,307
1283,6560,9957,4448,3578
9414,1381,291,4309,6404
5927,214,9886,4352,4216
5850,346,2148,7316,9602
9142,5830,2922,3704,810
5934,3437,5657,4400,5964
6958,1048,4962,5320,7014
4624,7173,3098,9714,1698
1207,4095,7128,2236,6926
6432,6702,5809,1982,4816
2825,9058,1245,9899,4353
3373,8551,1209,5901,9060
8482,4306,1466,5118,4856
5912,4063,2395,4991,5898
6043,2989,3613,3851,9646
4087,4205,7023,4611,5716
5564,4687,1461,6227,8550
2372,7720,6542,2047,5990
6870,2108,6872,7586,4801
7780,2932,3710,5645,2110
8101,1340,3641,7493,1448
3948,8749,4958,2926,3961
2596,4739,7924,8316,2520
3573,4660,6236,3009,8298
7595,5649,820,8543,1922
6063,3552,7593,8774,503
5244,2327,7767,2196,7142
6247,3397,8856,3786,4143
1376,7983,2701,8759,6783
7130,749,5629,8800,5735
6083,711,7543,4276,9082
5806,517,6029,5187,9451
4389,4661,4320,374,8059
7309,26,7800,9564,1946
4199,8329,1859,7568,1226
3735,2217,4556,9196,5083
1048,8687,5165,4607,6950
4708,3743,7106,2336,8147
265,4898,5333,5915,8192
7026,202,3387,3291,8950
1631,7050,4848,4472,6053
6465,853,8627,1107,8037
7835,633,6098,4506,8669
5484,810,4503,7936,5878
5089,4161,6401,1629,7719
6439,4042,3846,5222,5637
4564,1365,6222,2776,8692
8610,2639,9671,1544,1783
4250,9152,2614,4750,6310
7572,4720,4853,5072,4124
3370,9183,3763,7353,1946
8948,3394,2681,5740,3167
9900,6214,2734,3649,6090
3371,7692,7525,6817,229
4684,9251,382,3005,2083
1119,5760,1138,8425,6729
2374,916,5738,8658,6505
4106,5406,7377,6359,1681
1965,7988,3793,5936,3387
2890,6363,8456,6793,1794
6367,6632,6546,6038,498
5907,8706,5381,3682,5538
3174,9470,2806,4375,5508
9680,5517,3369,2531,1988
1094,5999,2960,6721,5931
8412,6104,1913,1075,7086
934,4018,6353,7170,5969
2999,1381,4181,6966,9080
3290,6165,5713,8154,1345
290,4637,9462,6287,4450
4588,5427,2515,6116,7680
7676,2919,7998,3193,830
2928,4909,6147,6531,6155
7470,1241,4747,8664,5612
3066,4940,3607,4553,3519
3294,9997,5523,1671,2097
7863,413,6721,5049,2573
7758,7834,4844,5870,755
2613,9860,5223,6327,8073
6013,1512,7973,2598,7941
7659,681,4152,7635,8209
9321,7214,1593,9398,2520
7619,4031,6095,6329,3814
7508,5301,5304,5618,3496
538,6078,4525,4949,8757
2282,3997,9968,5744,1780
8619,2977,8636,1804,5793
3112,4132,5697,3391,8351
8543,7114,3620,2254,3759
4499,3654,8593,1346,7479
1079,2410,7825,7425,4906
7101,5780,4527,5477,5128
3945,1581,8981,5748,6220
9641,4813,285,5707,3310
8147,535,8664,5238,600
4727,4471,5836,2658,4992
2446,8178,6107,3617,6227
2712,3875,8796,3792,6501
2748,3537,6072,4422,4169
6218,2580,2553,6025,8072
1081,4812,9654,3753,6608
5338,9831,2612,4445,533
3848,5587,5492,6293,4627
8273,4230,2452,5666,3909
3171,5752,5439,7991,51
7382,1691,4204,567,9496
1076,9259,318,8649,6534
1655,7513,8158,942,6563
5771,1767,6070,3664,8643
8040,5378,2525,732,6053
3305,6795,4018,7305,1984
1370,7135,5521,7166,7427
5713,8124,3294,6040,2608
977,4379,1217,5226,9662
3232,7725,8491,498,7228
6587,4266,4423,4009,5002
7939,7300,478,1579,9513
3764,5805,4664,4762,7344
2127,4834,826,5766,9158
8430,2340,6451,2516,2047
1978,4368,2946,6751,6988
7683,2043,1495,7675,3001
7319,4658,1705,3020,5250
4954,3807,6936,3705,7802
4787,7876,4924,3974,2802
5830,2282,5532,5195,7800
1528,8403,3937,1945,7548
8227,2599,3258,7678,2742
7995,4884,7859,1889,470
8551,1532,6963,1751,6766
5084,2386,11,8829,7270
440,7183,1408,9713,5847
6752,7288,4091,2502,6565
3339,3284,512,9569,2829
5852,6240,4707,3705,3194
2995,9915,226,9945,4340
4347,5875,5430,148,6538
4690,8243,1171,3381,6539
336,5031,6347,6701,5436
9979,1115,7343,2726,4500
4304,6826,3136,6799,5026
2725,7605,7946,5525,40
5332,5140,2093,3150,8541
7076,5299,3886,4563,7371
6753,5872,4473,3743,4063
8024,3995,6429,1932,7135
3832,9038,6022,1519,3941
1664,5996,1024,5788,8298
5540,6842,755,6969,6031
3881,3035,5503,2498,7959
8416,5291,7595,1876,2913
714,1189,8719,7704,5645
9547,3227,4988,3674,4213
5530,5870,4524,3930,2326
9661,3071,3801,7019,4044
6720,9607,1735,7097,3279
1896,7763,5767,4394,4331
7398,2087,8472,5509,4202
5555,2351,4190,6040,8299
9249,3809,7121,1538,4648
6124,5639,6357,6482,3284
7375,2256,4977,3259,4364
2076,9394,5969,3534,5766
5202,4098,2984,5596,5499
4838,3527,609,6424,6546
3248,444,3401,7706,9008
2199,8258,9155,4468,191
1987,8301,5751,1275,6712
6545,5914,1927,8465,2211
4554,5487,1107,8750,7072
3660,4728,3516,7762,6128
4381,2826,6594,4538,5684
2550,212,4182,6341,9866
7694,6362,7590,593,5572
1136,9143,629,5289,7865
2010,7578,1551,3782,9449
2064,8646,4268,643,8192
2574,2466,8941,5261,5558
3349,5896,7301,3123,6913
3772,5689,7614,3347,6919
6864,5172,7769,2559,4033
8294,1090,4671,8034,4552
3595,8897,3915,3328,4637
1823,5938,6965,2147,8041
5350,3757,8990,6074,6496
9116,2523,6307,4071,3670
7369,397,5347,9683,4393
3353,6641,2133,4487,4503
7051,6507,1302,9563,2683
7605,3001,7483,5294,725
657,122,7050,9731,5319
8739,3698,2807,9173,732
4848,5892,6780,5166,2145
2064,6189,6064,210,9473
9979,2933,3913,106,8907
5097,4556,5612,2231,9929
8186,5293,3927,5078,2980
7237,8146,3442,5305,2008
3965,6610,1153,9757,3425
5038,8293,2034,1785,9673
4028,3346,8533,3571,6524
6418,2749,8777,4046,4568
6191,832,8643,4079,8670
4595,6420,3464,4812,6155
4801,5939,4802,6351,4168
3140,2658,4514,6116,5613
6764,8910,1423,6700,3608
9165,5043,601,6992,3959
1481,1640,9591,4096,7732
4949,8098,979,6891,8685
7687,2095,5241,6353,1281
46,6503,8107,6254,8467
4783,6397,4412,3416,8786
5505,7933,3758,2401,3938
2329,7115,3216,7753,5155
6212,3471,4092,4058,6537
3920,6259,5322,2998,5211
3182,4159,195,8370,4575
1418,2444,5707,9382,8635
1733,8498,3869,5882,7832
2342,5782,7240,7047,58
6337,5807,796,5028,6891
6689,5625,2238,7045,4407
3855,8943,2333,6126,6116
1048,3255,7476,7337,3025
9607,4891,4497,1335,6531
2413,6474,8498,1973,4564
3743,7200,9398,1186,3859
359,8582,6181,3820,4113
6887,4715,5924,3381,1833
6549,7699,6280,4665,2568
3185,9161,2755,7000,3650
4930,769,5918,2679,6979
5232,7877,1347,7317,1978
7030,4856,5170,4970,1255
9189,5769,1732,5390,2600
2222,5278,8012,4294,9368
2631,5059,8504,826,5283
5473,8961,4211,1079,3281
6337,1140,6156,3823,8385
1908,6795,5366,1704,8816
4654,740,6695,3700,7681
2776,3331,6224,2925,9703
3852,7448,5832,8213,1997
7533,1558,4281,4357,8445
5758,332,9508,2466,3340
2254,9401,1090,4997,4852
2672,9070,1024,3465,4584
9825,7471,213,7420,198
5554,7488,7966,1264,4537
1021,7411,8675,1140,7925
610,3355,5778,7646,7712
8273,8832,1853,5626,6241
5894,5447,2514,7356,5717
7869,6920,191,5669,1095
4846,6268,6606,1023,3421
3840,970,9844,5294,4614
9703,1037,9331,2880,2540
4534,6079,4679,2447,5183
5093,4553,3257,5672,2924
5464,3333,8062,1600,9092
7670,8672,2653,398,1488
6846,646,6894,2621,4717
6430,3799,2053,9600,3052
7067,4705,6079,8430,1022
1290,4549,9168,2737,5269
5632,3072,4232,2102,7896
8345,5674,3887,2410,7229
8205,3012,1828,9506,2344
4524,7109,2149,4343,4481
724,2532,7455,5213,7085
4585,5004,4640,7039,3817
6085,1264,5337,3138,7144
2560,1583,7195,7861,4243
5053,9110,7764,2403,6195
4623,2279,2480,8269,8776
7796,776,9387,1419,3763
5011,5619,5071,6555,4464
2451,4517,7596,6318,5511
799,4455,3478,8144,7004
3459,7175,4181,3073,5646
3783,5445,4989,1347,8691
5739,5000,2992,673,7216
5485,4204,5158,6442,5617
8339,829,9231,118,2524
8823,4427,7459,2172,1384
3107,9351,9283,2752,2434
825,4996,2882,7326,9634
2487,6845,3298,4813,8784
5455,3148,3738,2797,4709
5409,8651,1791,6202,6240
3067,7948,6548,8344,1326
3529,7339,1047,9317,3605
1145,5238,8377,3174,9078
2656,3740,5690,4240,6021
1906,7844,5576,5969,3746
5021,3409,4432,3908,9892
4097,8580,994,8773,7729
2303,8481,605,4168,8446
394,6157,8085,2480,7844
2444,4437,5539,9688,115
1997,5400,4084,4805,8222
2667,5242,9884,432,5763
5507,4439,641,4998,9900
416,5823,4903,4208,5950
7809,5202,3871,7976,2649
1986,7310,4999,3758,5153
8775,682,7993,1779,3055
5057,3146,3382,4975,9111
5727,4363,3004,2661,6224
9115,2894,1548,9995,2738
9318,501,1330,6609,5119
5870,6179,3008,9755,362
7768,5033,6807,5585,2145
3573,6896,4713,3875,5091
8266,4157,1235,2657,7617
1741,5330,7668,9171,672
6282,7278,4280,3209,4305
4188,9419,5086,2015,4334
7564,2122,7799,5870,2193
9212,2341,2975,5598,4589
7989,189,5759,6005,5995
2690,9134,3388,4349,8128
5179,1595,6931,3960,3870
7572,3408,4829,1763,7664
7800,775,4050,9097,482
8066,5090,4923,4727,6324
6527,2646,2915,8173,2656
9387,7228,1514,5688,2081
4954,4836,8452,5212,2893
3801,8213,8881,6461,1651
5056,2102,8618,6971,606
9570,2435,307,4381,7327
5204,2012,9190,1639,8871
1914,4438,4716,6206,8690
5134,1947,2650,8545,6324
4691,4750,6827,1144,6923
1796,3992,6478,4532,9202
6896,7283,3241,2893,3258
8589,7723,6178,3146,833
4906,9463,205,6526,4279
4952,7962,8341,2674,3610
8184,3479,2839,7133,6301
4917,7953,5088,4049,7880
4957,5897,8365,5365,1030
1641,7830,486,7482,7380
4756,9878,3099,3791,3068
6220,9569,1100,4620,755
7459,5992,1403,4160,4072
3733,4674,8612,1454,7295
4370,2350,7217,5882,5381
1483,8531,3269,4270,8161
7102,3104,9398,4171,1408
2436,5794,5837,8330,3024
8470,5208,2073,3203,6940
1965,9956,2018,6991,5009
1592,9527,3141,8029,4591
5182,894,7780,7094,6593
5984,2898,3161,6004,5367
4552,2886,7808,4368,3254
2101,9140,7330,6297,5398
6953,9567,6606,3599,2452
1178,8795,196,8842,5071
7734,1250,9268,1588,6323
5929,2970,6669,1562,5525
4667,4972,2190,6840,6390
4557,6572,4966,9270,1441
3772,3720,8649,5276,137
1753,7963,1414,6755,8185
5672,6912,7975,137,4730
3235,6464,6894,657,8619
3528,3746,3372,5030,6727
8446,2310,3641,6325,1711
4256,3463,5597,5796,7728
2764,8441,8310,3314,3740
7236,2326,5169,4163,3806
7357,7199,3923,5162,1395
8828,3581,4042,5153,6847
8496,5298,3881,7123,1722
9963,73,4973,4143,2682
6704,6371,4177,842,4711
5828,2378,1803,6961,3850
2257,3164,9925,2199,4544
8237,794,8485,3278,7889
1541,6233,5495,9765,4414
619,4998,6201,6885,7652
4657,9484,410,7762,5620
5034,8552,2806,1561,9477
9191,3112,2926,9968,1987
2024,2249,2562,9247,6627
2145,9230,5362,4710,5065
3283,4956,2893,2134,9352
5132,2615,3048,9554,4218
1930,6927,8975,3049,2591
8318,3839,5791,5060,4009
4796,1677,6226,4035,8782
8067,861,5757,621,9857
9728,3953,1940,4367,4736
8575,2189,1127,5462,7823
1031,5857,502,9471,7540
1239,5938,7149,2391,9729
8596,4148,3574,810,9667
5824,5308,2797,7263,4971
4410,4073,4900,2035,4997
7050,199,6994,9090,1047
4772,8551,5318,5605,2415
5451,4079,7192,5017,5953
4836,6603,1240,2749,6924
3309,3462,2953,4031,8779
1808,6056,7506,3527,4975
6519,1653,1966,6010,9850
6159,7565,5495,685,4556
3939,8521,5542,2711,997
4711,3532,4382,7580,3466
4085,5714,8133,5324,1171
1817,5818,7766,3443,3390
5764,3024,2537,5017,7912
4520,6353,4773,5107,5426
3750,5648,2849,8481,5106
308,3898,7495,9195,3749
8884,6614,7592,676,3578
3227,5503,5702,2019,5613
7714,4850,6961,3157,7966
2413,7696,4232,7779,5689
6846,5737,2526,2313,5063
9013,1105,7608,330,7943
196,9465,6533,1792,3970
2569,8124,992,6639,4206
4374,7270,7658,1246,4942
6068,4950,7430,6130,2906
7433,1095,5577,1738,7202
4430,6719,5069,3930,6162
3842,7288,4538,6048,3216
6818,7335,2952,3100,7987
829,7083,4493,6252,9520
1453,3114,8626,3468,7479
1926,3318,6893,9158,2890
6427,2065,5039,2072,8945
2413,6042,6286,3103,5615
9633,3307,5610,3064,4301
3893,2423,5845,8141,5164
1402,8145,8530,3044,2645
4577,5373,6958,5859,2475
4583,9027,457,3947,4009
4951,2431,3010,4234,8485
6386,3451,6274,5934,6725
6437,3708,8129,4401,859
1054,4819,7084,3845,7186
7410,5530,6182,7020,2876
6265,7590,5852,5166,156
4845,6751,6410,3793,3943
4180,2809,5489,6896,9519
6864,2196,4766,8250,4259
3957,4707,5656,9573,1078
4022,2390,4723,1817,9235
6238,3327,5950,5128,1322
1165,3805,9787,5387,5123
4896,6903,5514,6105,2776
5062,2702,5248,1300,8487
8209,7141,2913,6212,1106
7694,2798,7278,7561,728
4208,1945,9503,5339,4390
1831,2083,6545,8777,4293
3420,6018,609,8263,5211
479,6528,5027,9196,4865
4542,6792,4972,7647,5585
9782,4106,711,7061,3865
1126,3685,9736,2699,4938
9306,1621,5277,6891,1417
6031,3138,5984,6988,6009
2979,7356,4822,2583,5404
3843,7124,4120,3861,5340
2589,4197,6099,5198,8901
9645,458,6099,8525,1890
9752,204,9094,6423,2856
6960,8770,2030,1533,7277
3201,4539,5258,1765,8794
3679,2097,3289,3192,8408
3307,3689,4560,6739,8856
6764,3709,5899,3431,7015
9969,1852,3055,6197,221
2182,2516,5001,6939,4221
9995,8810,2340,1111,3959
2141,5296,4767,2662,9022
7145,4332,5212,4983,5635
6737,8929,740,2097,5396
5145,1336,8496,8833,6095
8446,3821,3977,2008,6529
5673,3162,6466,1160,6709
9036,2054,6345,5165,1934
7166,4357,3009,1545,6854
1659,8271,1806,5050,9701
7310,2032,4884,3867,4890
8118,7145,3854,1240,3430
7047,7719,7651,2147,2644
8787,1300,5496,4690,3413
5393,4365,6566,3423,6243
7643,3397,2827,9864,172
3981,8680,7301,1338,6321
3710,5263,7291,9282,1917
5404,3647,8010,5226,5077
7501,4623,3465,2138,6608
2184,8794,842,2829,8226
6640,2465,5029,1373,7654
3031,2912,8132,5772,6619
7100,7170,2710,7620,606
3117,9759,3662,4532,2658
4625,5603,7197,2021,6494
4043,5460,3848,7356,1478
3082,8064,5615,3790,5265
8104,6776,8931,4434,1260
9802,2628,2923,7238,4392
5475,4571,2530,5168,1889
2496,5396,7418,3965,9048
7010,9070,1527,7201,2834
2972,6847,2931,7987,207
4228,716,3036,5862,9190
9114,5438,6461,5790,356
1918,1320,6486,9155,5922
5919,1732,6824,7493,2477
9110,3714,5088,4774,4155
9649,2476,3572,6982,4509
5636,4851,4614,9560,1334
3564,6942,7371,4726,4402
3822,7449,1696,8994,7471
2442,6880,3092,6974,5529
2497,8892,6277,965,7871
1225,5414,8672,7229,2475
2342,8610,3558,5379,5999
7587,2598,4680,4848,9274
4677,8191,2900,5990,2107
6125,6530,4311,5870,5165
7276,2792,7429,4728,2548
2817,720,9250,3513,8060
6152,1916,4533,7741,3949
4931,4325,3731,5388,5273
5351,9488,5547,2620,2560
6786,4592,4122,5946,5646
1793,6470,7308,6148,3888
7684,3828,6322,5225,1163
5265,3308,7617,2650,4856
7029,7968,2757,1611,8538
3657,3978,6383,5518,4578
749,7069,4061,8031,4286
1975,7230,5835,9335,2104
3005,6095,8275,2772,7582
4865,4854,4583,2770,7202
467,2471,6355,3903,9543
3885,6209,1423,4230,5229
3703,7177,5866,2612,5232
6914,6256,1615,4595,3147
7864,2562,9251,7376,1121
5925,6679,2353,5279,4553
5026,6296,2143,3299,7018
6342,4576,2753,395,8569
2813,6734,6240,2194,6819
4381,1874,3787,3303,8054
2641,7465,2333,3003,7418
4464,2724,1717,7892,6283
6754,1734,5388,5740,7794
7764,82,5269,7386,1193
5716,5272,5382,363,4359
1985,4778,8310,3459,2112
4162,5079,7855,5377,3353
2512,6771,3302,2432,9271
6174,194,9066,3343,5545
3019,2807,9614,4863,3834
466,1532,6044,7444,7096
3836,3316,6436,3886,3654
4334,7565,5925,1427,2907
1289,5547,7092,4719,5494
4068,5100,3303,5048,7878
5218,5602,381,6583,5029
9233,3005,195,8670,3062
7777,3930,4102,755,5254
4857,5586,2659,7728,4706
7373,3064,5080,5589,4430
9402,5984,685,2189,8589
9855,1970,4326,5774,3467
3344,382,9679,8242,5762
6768,5492,3072,7960,6087
3070,5622,4317,9053,3402
5567,925,9583,1072,9630
8299,953,9255,4610,185
5286,6890,5625,6393,2266
5489,5508,4054,6481,2002
4771,3982,6131,4911,9079
2740,7028,7032,4011,1490
7586,1999,3199,3983,8344
7067,4247,8530,4476,646
1471,4103,8154,6615,4352
2423,3022,7486,2961,8009
7784,6512,4048,7516,898
2493,6944,2935,1882,8107
7080,3494,6387,7487,818
4411,9651,5284,2478,1053
2774,2894,9154,2832,7569
303,7878,4464,2449,9871
8793,3416,6341,4764,3828
7353,7294,3101,9784,1671
5726,1174,5245,8181,3676
7331,7794,4020,8734,350
3595,7473,1072,5966,7242
6117,1314,6295,7657,5596
3797,9462,1200,8347,3867
3466,5334,5043,299,9022
719,5757,8309,763,7956
6290,2717,9022,5433,3106
9497,2090,3570,1034,6333
2350,5687,8277,3428,3597
171,5538,7026,5926,7055
8203,538,3562,1879,6663
3524,8393,4764,2154,7122
8501,4202,8167,3831,1450
4885,6066,4700,681,5621
3407,3658,8001,2834,7398
9493,5544,4603,6638,1452
2587,5200,5648,5579,2025
6345,5845,5057,3896,4127
6315,5872,4218,1135,9613
4557,3615,6992,7578,4822
7992,1606,6465,3520,4727
5185,72,6896,4729,7738
9083,3513,6242,6302,1546
3140,9797,2944,6196,4402
2586,6256,4435,6150,8539
3230,5632,2047,5109,8207
8447,1257,6433,8772,2339
6322,7532,4822,3908,1441
2655,2159,6445,9316,7990
8893,6117,2128,3217,2703
8840,8371,6104,4629,271
1955,5243,7175,5583,4086
7020,3931,993,6907,5960
1393,3147,7757,6818,6681
8104,7748,3983,8483,172
5719,743,4569,4754,8539
4001,6794,6994,2674,4602
2918,3692,9076,7973,2248
4311,2941,6742,6471,7940
5261,1044,6634,7985,8083
9712,469,6020,6656,57
762,8638,2566,7771,6349
8439,2839,5117,3269,5755
7528,5556,3432,874,5521
4647,3571,5108,995,9049
4782,3717,5909,6425,2637
2897,4389,1651,8948,8873
2922,6709,3383,1747,7842
5373,2420,6096,7402,5576
5332,8210,8566,1909,532
2379,9811,1456,5834,5190
713,4656,2750,8454,7444
6239,1083,6183,6834,2603
2952,6876,835,7854,5402
4886,7407,9593,4537,1013
8744,7487,2889,6523,1067
3116,3240,3732,7041,5352
6254,9056,813,5165,3718
7880,1079,6204,2756,6868
4588,6078,4947,5639,7238
8732,7338,2003,1356,5556
7244,760,3019,4228,9219
7839,1417,2298,7673,1504
2786,3594,7063,5587,7738
448,8548,347,8263,5090
9530,2762,6123,7353,5
6662,5541,6236,1784,1095
4985,7837,7335,3687,344
7819,969,9957,5377,2118
6135,2142,8194,2003,7646
8366,1961,2473,6962,7478
3159,2743,4119,7754,6742
5306,7389,2770,8247,5572
6728,3592,351,7345,7476
7669,7511,897,4851,7841
9776,309,7226,7518,4335
4254,4966,4451,4065,3757
1551,8044,3080,4605,7212
6688,22,8019,4601,7806
2169,9969,5456,1529,6291
7064,1401,2551,9169,6121
5233,8813,5789,5710,2513
8026,7032,1783,2659,5007
2345,6493,3766,4438,4252
331,9603,4070,7582,6277
1302,764,5787,5435,8503
6505,9943,5367,28,4390
6005,7410,2886,9714,555
5497,7740,4045,6226,2978
2760,9022,3668,3780,1480
4613,2487,1453,6499,9634
3058,5800,6272,1071,8526
3292,6112,4376,3319,7803
3406,8320,2377,9037,4595
4612,6600,5814,6322,3029
1433,5196,877,8959,5890
4794,4176,7675,2643,6970
8860,2608,5798,3681,2005
9945,3763,1742,5856,2788
5635,3136,5871,4989,6611
5270,4735,6041,4950,4032
7163,6195,1941,2429,6193
5999,6229,2541,8718,5134
4574,1376,9382,4066,3032
2563,9582,1755,8054,6095
438,8427,6691,1961,7709
9352,5746,2023,3213,4487
5768,9354,3991,5197,20
3913,1978,2902,8525,8735
5200,8501,6941,219,9208
5834,1964,4154,7186,6659
3751,6950,4660,2235,5316
6360,3487,4038,2575,4602
7461,1887,6143,2472,7020
8217,6425,3529,6946,3147
2638,5785,3649,3324,6349
5439,6409,3556,7719,5501
9146,1487,6058,8625,2513
842,6580,1143,7615,8345
4405,6176,6159,3907,2930
5094,1262,8849,2457,7623
1978,9412,7066,1250,5149
7733,1551,5792,9932,403
3051,6217,8245,5379,4939
7659,3576,1384,7298,3977
7331,5132,5456,9164,220
8650,1839,3812,7494,4852
1923,7767,2873,3140,4511
6235,1530,7132,4700,5793
9350,2351,1958,7136,808
2499,4954,3005,9648,363
3093,796,9851,8351,5789
8008,6059,7552,3472,3312
6518,9635,4050,2276,5309
5017,5457,168,9347,6208
3248,3844,9755,5177,6075
7539,6195,680,6997,2454
6344,140,6142,3654,7987
2392,5346,4044,6452,3336
7436,3610,5766,5383,5192
6872,3589,9463,3935,4154
8400,6791,2935,4125,970
8314,1236,6619,996,6953
163,8919,2505,7566,3674
8299,1120,6155,9240,2433
8734,9683,1394,924,4169
7289,3129,540,6780,8101
3900,5169,9265,5089,3050
5821,8501,6035,2095,2278
4295,1836,2038,5549,7461
2216,5133,6502,5161,9373
5069,637,5240,5036,8167
5955,3192,5997,5554,8945
793,9019,3020,5027,8224
3980,2926,2768,9677,7042
1764,9141,3155,2803,8898
4464,9578,3539,2402,4022
9957,3762,2190,2890,8280
5300,7315,1460,9537,5930
6979,657,9177,597,6385
7936,4587,5769,1904,1964
4260,4514,6607,4093,4608
3523,3575,3255,5988,8859
3361,4760,3399,9728,5524
9577,3725,6994,5738,1534
9075,8626,4371,1081,2607
4405,8546,269,4992,3927
4932,4961,5438,9893,1814
1340,3639,2245,5295,8577
2250,3071,7541,7929,5642
740,4650,6411,8546,5092
4762,6171,2413,2133,8726
9027,3305,4134,673,5247
3201,4129,9002,1890,4525
3894,7434,7113,707,5718
4948,3297,3523,6824,6383
1872,3860,9744,6933,5055
5623,7899,1855,3967,4394
6805,4520,4275,5162,2629
3908,7624,4289,6809,2696
3665,6459,5052,4753,3031
591,8973,6827,988,8242
3560,3129,9694,4287,6206
4657,4909,3169,6131,4593
5886,5856,2324,5146,9084
4496,9699,1062,544,7565
4032,3674,2255,8746,4520
2700,7493,1306,3795,5069
7629,1630,7190,2069,6273
2337,2272,4442,8537,3751
7773,4052,1329,4134,4839
5097,1861,6342,8286,3103
6682,2827,4437,3107,5552
7188,1942,5842,1601,2889
2889,3356,3098,7683,6082
4877,1964,8172,8601,4073
9386,1066,3147,7427,5901
1340,3040,3594,8338,8399
3035,6205,3518,6500,3002
5128,9556,4571,2140,4391
3250,4474,8827,2246,6999
8953,4380,1017,7278,754
9066,1939,5100,1689,6398
377,9534,2652,7326,5961
8325,8248,3796,3339,1952
6785,3767,3259,8598,3190
7216,1833,8134,2056,3634
6269,2626,3638,6837,5711
3859,7000,2609,9944,3435
3711,6480,7418,8687,798
7254,119,4753,4464,8819
4439,5170,1711,7179,3847
6438,5234,5979,650,4505
8731,1900,9841,3530,1977
4005,8257,724,7797,7828
4098,563,8317,1427,8429
7019,1504,2633,9993,3668
6932,899,2970,7275,9586
4690,7865,2495,5593,8674
1181,8534,1179,9673,4129
979,5985,5303,7617,3373
8780,4795,8736,1618,408
2473,8657,3765,4935,3091
3922,5297,6120,3928,5002
3120,8312,6472,6146,2183
1450,7847,5970,5799,2537
7647,3696,584,9226,1118
8225,8804,245,8490,6037
6078,9382,4210,1307,5303
1873,6893,4594,8866,4899
3892,2628,7106,6545,6181
3314,4662,3889,1016,9562
9085,3765,4550,3854,5781
3961,7831,1101,2827,9945
6134,8074,4162,2132,3067
4824,4025,7600,2924,6698
7488,9338,535,4773,3452
2352,5603,7964,981,3219
4729,5877,3038,4615,6393
4256,2461,5106,5272,7321
5648,2705,8595,2462,5053
9419,1001,8019,810,8632
7835,7084,5105,4996,2250
3035,1943,6557,8311,6242
3647,7193,1668,8383,4099
6070,4353,1991,4333,6524
6648,3884,6924,2293,4555
3240,4732,4601,5228,5761
3836,6827,4188,9499,5971
2132,8743,2884,8176,3235
1658,9415,5460,2286,8987
7122,4666,2762,3096,9949
8627,3581,2263,9560,2881
5703,159,2620,5650,6915
3277,1767,6812,8557,4428
2016,7269,2553,6718,4154
9045,2993,9710,1219,3069
4075,1634,3149,3271,9783
5751,1505,4485,8677,5896
5434,5231,9612,4533,2432
6885,1941,6437,4999,2054
1550,6459,8022,2599,7524
3234,4143,3484,9381,5127
3501,9253,2346,2077,8401
6991,7051,817,3320,6212
2604,7762,1919,5746,7768
3178,6698,4616,439,8101
3234,7182,7854,7909,2146
7674,5031,5172,1666,7159
1396,8500,2166,7108,7034
7571,2706,8310,5086,1212
1888,6747,2778,2909,8420
5450,6545,5307,769,4125
3842,5278,147,7376,6823
5872,7360,2328,8634,839
9398,3915,3110,4112,5668
1444,1019,8148,8978,3222
1829,5247,2748,6694,6988
1226,7954,4822,1372,9559
6280,5246,4633,2970,4818
8312,6924,1069,6073,523
962,4184,6949,4863,7411
4079,4820,7594,2716,7662
3145,8141,3532,2239,8950
8592,1485,7391,3074,4669
5288,3905,6762,2488,6481
7237,4600,9540,2426,6638
6197,5207,4408,1642,8136
1822,6923,2131,1392,9546
6027,956,8542,7739,2616
5075,7674,1352,8142,655
5037,7111,2936,6166,4046
5870,5553,6658,6949,1787
8215,336,5409,8854,3851
6648,3318,3308,6425,274
9096,1055,2510,2692,8272
4245,6652,6854,1412,4425
4187,5161,8064,7954,3894
5718,953,4681,5218,9980
2332,9344,220,6409,6848
6487,4025,3454,2696,7973
3972,8458,450,6089,980
9590,3086,4153,7652,3760
2928,6993,8679,8392,2707
7473,7307,3104,5996,4260
8536,444,3918,4186,5367
9390,359,7871,2012,7153
9332,2534,9538,870,6601
7372,266,6609,3555,7114
991,5932,7819,4798,4986
3047,2187,6023,5377,8447
6195,4876,4692,5059,8466
3885,3720,4559,5171,3888
8608,5065,3794,5644,3443
2102,1017,4542,7833,6370
6019,6025,4106,5731,4081
6117,1065,1154,9399,6019
3821,4228,1260,7453,3940
5733,3038,2400,3984,7519
6654,5009,4536,8637,72
454,4039,8955,755,9830
7134,2642,7713,1359,1797
3787,1334,5113,8106,7830
724,5306,5993,5384,4802
6028,8390,1669,6881,4397
8444,3327,8825,1018,3020
7847,6252,2589,4751,4985
1579,8490,4290,7922,5935
7882,9778,855,5965,2056
3266,9077,1150,6935,6767
5886,6511,2160,8890,724
6869,3863,4290,3122,3908
4722,6585,3245,8232,7539
1428,8056,9227,5084,4646
447,5960,9719,5987,5255
2658,7339,4115,5994,4665
7017,4415,3301,4106,5325
9242,2759,9027,3866,56
2542,5748,5915,5459,2687
7684,504,8394,2040,5442
5903,8139,2874,6994,4292
5008,4845,6365,6377,5502
7861,1047,9956,3120,5905
8635,2612,3680,3713,7681
6711,3774,6241,4641,6631
8760,1636,3234,6404,2581
2488,3335,8615,5995,4241
7610,5634,4573,4676,4302
5727,1685,7374,5588,6827
3504,9274,4212,2008,5006
3076,1119,8794,6511,6214
3305,5732,4402,998,7695
8168,8876,1705,156,7068
4013,1824,8503,3587,3792
6645,1054,4192,4241,9026
2240,2929,6499,5462,8153
3334,1223,9905,8300,5778
5278,9303,3014,5297,5824
4375,4615,1760,9071,3594
3211,1928,4733,9255,7446
6319,1210,2688,5567,9578
6597,7926,930,4959,5642
9360,4566,9006,2409,1837
2289,8812,4111,7077,5284
1960,5509,6263,8278,1636
781,6288,7872,4830,5106
2074,2518,3452,5499,8290
3036,5440,5579,6457,5546
5575,3349,7296,17,6185
3625,9486,5087,5996,926
1824,5465,9282,6936,3983
4836,7239,7335,2577,6765
255,7141,2379,8115,4677
6620,3531,3303,4057,3788
7426,5885,4985,258,7543
5862,602,7557,9888,3059
4464,2367,9904,2206,7205
2928,3906,1189,6995,7740
7168,2241,5954,2401,5547
5240,2635,8944,2165,4845
1683,9538,3593,2188,7733
5403,4610,7540,3041,4360
9431,1843,3173,4567,8057
3321,2772,9133,8772,3177
8815,1756,6590,6527,3246
6135,8188,1952,1566,5727
4570,3576,9576,3894,3878
7713,4888,4720,8143,1183
3503,2575,9083,7087,1927
8986,255,4380,7760,5602
3147,727,4783,6541,5426
2199,5510,1089,8655,4008
5218,5555,2320,9229,4746
3855,5266,1787,1871,9966
9673,4225,4449,6245,2317
584,2466,6665,5118,9086
6797,424,1060,7397,6843
8779,2477,4207,9493,1563
7956,7688,6100,347,5998
7051,1788,3343,5885,7121
7102,7174,2243,5027,7471
6452,2703,6412,5537,4045
2484,5413,8278,5146,5256
6883,6944,3929,2240,1729
9094,474,2436,4959,3961
5622,3703,3438,3727,9461
3119,4419,3889,8795,810
6826,8347,4371,9552,440
4223,4372,3478,4629,9286
4412,2362,5950,9577,2244
7859,3003,8705,2108,721
6232,1771,6197,8039,5831
8746,4733,6959,4705,2433
6129,4151,3644,4528,6912
2207,9874,3749,1874,7289
2210,3803,7141,3376,9944
2896,5893,3476,7678,6879
4698,7492,3484,632,3968
6824,1401,5920,9972,831
536,4606,9686,3339,9262
2726,8794,6904,6658,2981
4731,1281,6529,2823,7522
4500,6672,9356,742,5987
6311,3621,4572,3333,5602
9967,3490,3118,4332,2303
7690,6032,5982,1382,5767
7393,5164,5858,2554,7074
3943,4724,1806,2219,7399
4198,5021,3310,8959,5219
3752,9641,3620,2731,8083
1019,9628,1965,7423,4394
6148,9031,3392,6540,1309
257,4143,8432,2672,8297
4222,1460,4445,9352,5682
1514,3240,8436,8989,1378
7269,6670,5175,3774,2441
501,7379,5976,5043,2859
5368,303,7209,6908,6997
8292,2797,4930,4646,4218
6035,5273,737,3648,6899
1342,5699,7092,5455,5318
5206,2565,8848,2315,5104
4614,712,7759,1407,8682
750,7810,3428,5565,9981
4816,3813,6208,1488,6313
5816,6544,5346,6167,3269
3527,5356,8410,2249,4094
5306,782,4519,4923,7131
6179,8187,1321,4705,2829
7949,2772,4210,7656,2597
1602,7047,5797,6620,3063
5839,3401,3593,5850,7276
9266,4136,6010,1010,6392
8394,4658,1564,3322,5196
9397,2482,3789,1230,6777
2474,4871,2108,5324,5876
251,5792,3587,3126,7826
9681,1995,7037,461,6743
3447,4439,4105,5168,8295
4409,5966,2453,7302,2588
4386,3963,9770,3219,4113
5525,2239,7194,3419,8069
7846,6499,7474,3673,1039
2540,4915,2103,3745,8816
7385,7114,4174,54,5249
492,9710,2633,6512,8660
3954,1443,2636,6973,9178
8377,668,4719,3236,5688
4902,5789,4473,935,8205
395,5405,1424,9023,8016
9274,8231,4980,1164,5254
6129,4277,2872,6270,6092
6357,3917,6179,246,7735
1131,209,6380,8032,8829
111,6924,7453,1072,9680
9143,221,7482,5354,1828
6139,9400,4474,6723,441
5626,2628,5293,6132,5180
4692,7956,1768,5290,2160
8090,4703,2980,4095,3915
4421,4256,7613,5101,1432
1854,4487,2641,5143,9284
2099,3996,4401,4852,8945
3460,6589,2577,3078,7649
6676,8461,874,5928,5265
6923,2618,2602,3185,5618
928,5914,7174,3253,9445
7230,21,4650,8000,8819
9220,2182,4963,7312,2442
4836,2528,6125,6385,3091
8642,8167,1089,6419,6722
5144,5124,5925,4986,3459
5538,2161,6452,6266,2234
8509,5120,2010,4988,8103
8731,2969,9282,2169,4762
2706,5260,4658,2384,8514
9807,6894,3989,1262,2221
9640,2717,5984,2842,3575
4402,3152,8093,5081,5656
5779,2582,4545,7233,2044
6250,7448,5071,241,4916
9825,3855,423,3282,7536
6078,4664,1309,6616,3441
6102,9821,7190,1891,3832
6949,9360,321,8084,1440
6213,8632,3945,7392,1226
1156,7990,3333,8762,8435
6948,4338,5034,3148,7636
8038,4931,2830,4409,6263
4978,7927,1128,6007,6255
4763,8611,3663,7872,491
5268,5411,1310,9635,3460
443,7869,483,4783,8516
4651,7651,1993,1848,8556
4990,576,6987,2745,9784
8595,1207,475,9136,3944
6238,7324,2781,1406,5114
7372,2737,465,9568,3398
4279,9624,2146,6824,6346
7065,4109,4003,1594,7056
5949,962,7236,3679,8366
861,874,6390,5822,8067
3472,6677,5514,4654,6762
1976,4277,6015,6656,4093
8279,3687,6625,7076,3096
8153,4690,6604,4427,3111
6358,8516,3886,3140,4123
8323,1524,4066,4846,3057
1181,8174,3094,4198,8943
6920,2766,6312,7891,1438
5602,8394,2179,8203,3352
2963,1104,7091,9659,6369
3500,9222,9819,3040,1099
2068,8349,4247,8675,4693
3207,2061,6333,9282,5077
9924,1051,1150,5638,2930
7491,8049,2835,1242,2417
663,5954,4673,6009,5115
2923,2935,2947,5209,7749
2148,6608,63,8184,7300
3837,7394,7357,7283,1078
3621,5318,3271,8598,3994
3194,2434,7173,5874,8776
4719,6058,8937,907,4952
7542,5797,2317,9326,69
5061,3450,6311,8449,3077
6300,5444,3208,4111,5564
5749,8960,2216,6037,546
9627,4597,391,5131,2744
9616,2742,7721,6050,4393
2595,6347,6495,4769,490
5491,5654,8401,7037,958
1377,6843,1987,7862,7403
4714,6555,8342,305,5679
5336,4716,8342,2491,8146
7347,4911,6711,2064,1954
3763,2638,1828,7555,8836
5597,2427,6843,6486,6268
3832,6039,5750,4248,6919
4606,7408,221,7933,5669
6179,4704,7791,8282,1541
8675,3614,222,5515,5875
6864,4851,3312,1908,5835
2786,678,6673,5445,4939
3234,3063,2058,6965,9244
5769,7308,6709,903,2870
8589,8296,1947,742,5808
3784,7129,8809,3614,5818
9476,1311,7613,2437,1834
2011,7432,6632,4115,7034
247,4879,7462,8886,5738
5319,8200,5200,4549,632
6010,1948,7792,5620,4292
1616,1694,7156,3468,8759
5762,2777,5329,9030,1500
5108,5289,4930,4953,5501
5717,5631,3512,8849,1963
4729,5119,3781,6788,7762
6098,2546,1338,9065,6070
9103,4261,3381,2912,4823
3719,6238,5792,7577,1627
1967,4966,2572,7923,3219
7203,8412,4418,3991,1843
4849,9029,4621,1010,3347
1124,8433,3879,1693,9938
9748,5424,4012,6543,2029
3100,2308,4886,3012,7511
1646,7736,3079,4799,3171
3251,1369,3263,3702,9689
1871,7516,5919,1871,6492
6877,2574,8363,6613,1605
4927,1903,4338,2948,8223
6548,8000,1546,9025,1624
4515,1236,8888,3804,5142
8713,8418,690,5585,2505
3930,8637,1604,5021,3758
1707,374,7087,8155,6944
93,7713,4849,5910,6872
7480,2595,534,9661,3108
1748,6785,3795,332,9233
3767,4735,917,8956,2990
162,9354,1173,3915,9456
6979,3855,8507,92,3772
8534,8629,5218,2542,103
9488,1100,2399,5611,6147
257,4988,6743,1399,9538
1238,5175,5214,5530,7235
4183,7873,5691,664,7733
8383,3108,4915,6229,2719
2286,4815,4090,9429,5411
4678,6485,3443,9401,1127
1727,6823,7649,7083,2725
4800,6314,1876,5107,7197
6004,1471,8302,8166,502
5448,4111,3004,7524,5286
9476,727,9352,1241,1281
1523,4530,1984,8140,8444
6776,6660,6410,5719,2310
854,8110,4137,1997,8333
4086,5427,6023,6941,1356
974,5666,9566,2659,4489
7668,1178,9144,7780,234
7338,2622,7795,7086,4041
3101,7440,2846,6156,5389
4222,7644,510,6877,2806
3940,760,2781,7875,7537
9268,4032,1944,7550,5667
8466,3525,6318,7650,1341
9549,3844,2223,8610,2992
3671,5766,3583,8484,3974
2155,4526,4792,7924,5596
3300,714,6745,7908,5254
9210,6070,4708,2211,3606
6154,9142,656,8810,1998
6067,3441,5975,6453,6351
5568,6185,7357,540,7071
2723,8487,4188,8219,2635
3623,8059,3763,101,3756
2932,1880,2330,3765,9909
4179,9514,6770,4031,2904
1385,4208,5809,1392,7483
48,5679,5522,4918,9004
8910,3377,5120,1430,5631
4546,8793,1100,3709,9083
4561,75,5724,9632,6227
5235,5050,7081,5061,3704
487,3220,7362,5716,5020
3216,3485,1359,7395,6166
5006,7095,1752,7492,3481
6055,3895,9925,2908,3870
3908,7569,5626,5440,3930
3064,8924,5799,3796,134
2123,4212,6874,2525,8828
472,9583,6067,3991,6546
5170,5885,2574,7315,5934
9078,6728,2679,5384,4610
2308,2697,8279,5991,4253
9695,4569,9707,3868,1063
9864,1340,6168,8219,1964
3138,5181,8474,5845,942
8619,1601,8312,534,6801
3079,1898,8056,4232,8809
8867,4746,2776,2951,3399
8119,2177,6800,198,9986
3897,5805,506,9440,6806
5257,2950,6208,3521,5601
4052,1873,5403,3685,7573
239,6693,9037,7146,2680
4101,3025,8233,1450,8047
6250,1923,4359,5625,3952
5302,4478,6215,753,6972
2698,8600,3388,9197,4391
4973,6741,2094,6123,5882
2592,7694,3405,6464,7380
8167,3897,8967,5232,2867
3840,4966,6473,9362,4352
9615,4222,8102,4390,3782
5740,829,3552,7206,5793
8139,820,954,4198,7631
2353,4401,4093,6509,8703
3998,5675,6061,7046,437
314,6980,6172,8784,4067
7291,1123,1996,9193,2849
6650,7052,2044,5182,2911
3401,8301,8528,5103,229
5808,5305,6761,1873,2371
7303,7657,2643,5207,1280
7086,2367,4863,4793,3514
7973,7471,157,5539,1640
1877,5826,4513,6681,7396
6855,5057,4363,2732,5696
4244,4730,8929,6932,977
5707,1778,4299,8414,8531
2347,5896,4169,4951,9234
2629,7506,5852,4691,3734
2908,2198,4291,5454,9418
3134,554,8616,5492,7512
8195,4405,6922,6507,4017
6755,4384,1706,5911,6417
7362,4242,2990,2961,1860
1715,7317,7752,268,6969
4178,3919,2963,3980,7456
1463,4673,5675,5046,8652
2542,5215,4861,1839,8477
1173,3996,7031,310,9879
1105,4709,5316,4850,8513
3722,233,7970,5505,7581
4261,6211,719,7859,3673
2236,9849,5215,943,7308
9707,8148,3824,2464,1238
1026,7872,7629,4851,4424
4089,5969,4613,6973,4253
2919,8476,4225,4381,3295
2227,6900,5588,7817,2410
3783,6593,2974,759,9456
7814,6815,6450,884,1946
4750,8108,2219,6142,6052
5478,5132,3251,7599,3348
4041,3244,218,6610,8963
8894,3802,9645,3956,3374
5579,263,2604,6554,9260
3419,5532,4729,5092,5069
7333,2491,8910,5043,3813
4769,5515,1593,6079,1662
8712,429,9357,4487,2407
9123,2746,5640,5437,2542
4101,1952,872,8236,8066
31,6089,5905,2431,6741
3292,6552,6713,4537,8463
3653,5196,7971,3731,1541
3508,5125,6036,6390,8035
4947,6588,2984,5367,5333
6879,473,4102,8956,2562
6879,1880,5684,354,9399
3610,3744,562,6583,9742
9857,5319,5622,4709,1388
5229,4852,3272,3129,4669
2307,4862,5043,4448,9098
2254,7701,3861,2612,6908
2680,6586,7254,4092,3723
7293,8322,2059,5161,578
4200,2403,1220,8285,8377
5689,3931,4468,7339,1388
6270,4505,474,3695,8487
4216,3856,9026,4987,2989
7035,3167,4798,6982,5226
1409,9963,879,1089,8522
4565,5686,4489,4776,6496
5874,2537,3935,8340,5933
6266,237,4783,5845,6709
2486,5318,5806,4460,5650
4644,7567,5781,4270,390
8508,1678,2391,6970,1072
8463,1291,6985,7961,751
3053,3614,9514,1731,8978
6061,4676,8014,3614,1460
7367,2917,5713,1797,8067
9327,1025,1625,8577,2628
4543,5824,8448,2188,4590
8953,2233,3216,1331,6491
6962,5146,1884,1960,7662
3163,2034,1967,4666,9543
8696,2079,6185,8647,1519
5551,9307,3651,7730,177
4993,1548,7171,1799,8037
5896,3326,9245,1065,6249
1273,3452,9304,5999,3897
1457,485,7981,5581,8023
9815,7175,2273,2261,6776
6869,4418,946,7858,4964
7135,3654,6099,1466,7440
325,5148,7614,1993,6877
4268,908,5976,9026,6391
4250,720,4198,7560,8677
5227,7739,2099,4839,2766
7780,4764,2217,4888,5342
3449,4420,1827,6965,4645
465,2248,7618,6419,6921
4042,1336,9486,508,9504
5135,9171,2744,8292,1724
1074,4362,7243,4516,9490
3338,2065,7938,7133,7140
7729,3335,8789,12,4325
6340,3237,6475,6451,6900
4212,2434,8805,7446,1928
4056,7972,6828,5370,2567
5441,883,6282,1315,9657
8255,4478,3958,7994,1786
4404,405,7504,4899,7013
8465,5835,3371,8829,812
3525,3519,6371,2147,7319
6619,6205,4168,5667,4183
7907,1642,8199,6290,1208
5441,6049,3532,561,9573
7673,1136,7582,4768,1689
4760,6072,4774,286,7533
8713,9375,4295,1408,2658
2978,9446,6779,5749,1490
6901,2829,7736,1964,7759
9463,807,5526,956,5165
3813,5203,9345,3836,2219
1636,2806,2918,6640,9347
8698,6828,2341,6800,2179
3454,5455,3341,7046,6065
5965,9015,2707,6105,907
664,1469,7472,5878,5726
5249,614,3089,4328,4316
6952,2895,7156,5813,2822
8081,2076,3196,2164,8886
5561,4648,6205,4787,2496
5170,4813,696,6349,4002
992,3950,2165,9321,8034
7923,156,7720,9445,1772
3967,9218,2309,46,4995
4899,4990,5877,8912,1569
6010,9197,4462,2034,5082
4397,1140,8256,1447,5966
1260,7355,4415,6763,7698
6864,5577,5708,2941,2852
8985,2259,2907,7975,2738
5675,7804,674,7035,2905
2867,4417,2722,6254,7962
7703,4572,6182,3321,5499
5711,6,5009,4804,4832
4440,1707,4934,7227,6562
4790,4084,3209,2103,8184
7208,9773,7556,3990,687
3850,6162,1652,5737,5300
642,8295,5960,1578,8474
3181,6998,950,6561,3336
2884,8003,1637,6113,6500
1585,5414,9029,7383,4271
6089,9126,1233,6166,6951
3475,4940,3702,5602,7982
3895,1552,2726,9698,5834
7708,1158,7149,4766,843
5562,3085,8573,2466,5212
6212,7071,4561,5012,3052
7788,9186,4532,308,4288
4821,1608,6585,2976,6469
6973,5631,3676,4907,8539
5057,4709,1579,8570,5346
805,5828,4044,3136,9938
3538,8481,5505,5393,512
1444,6908,2915,3972,9977
5118,7433,8097,5503,75
8991,78,3517,8959,6366
7029,8005,682,2525,8111
9272,2105,4941,2884,9678
9933,2018,4957,7871,1122
9040,4092,2052,8132,4355
5579,6684,4819,3415,6795
8790,3065,2055,7585,4030
6455,3500,641,6034,7461
8403,1555,5487,8359,736
9419,6187,4328,606,7148
1464,9020,542,6880,6857
4862,1702,4171,5224,7478
3374,8320,6408,8716,2717
3480,7318,3230,6280,4473
4544,5868,1093,7710,2814
2415,7503,3070,8355,6071
7290,3697,586,9060,2838
4637,5314,4819,6352,2518
4700,5100,4194,6999,4878
5026,2200,6636,8961,1011
6284,7689,5306,1747,6679
5025,1518,6847,5159,6389
7593,1289,7417,2232,4889
3663,3397,5426,2943,8185
2513,7862,5831,428,9473
3634,8236,3476,7051,1248
9357,1166,3545,8998,915
9869,7175,109,2193,6068
719,9144,6160,6289,1328
9007,5641,2570,4603,3514
6843,94,4735,9482,5984
9834,316,7683,3186,6361
1923,3096,6942,6154,3826
8808,4419,5417,268,6536
2388,6506,8011,4919,1808
9434,5119,1176,5780,875
6794,403,6337,2817,5825
5512,5717,621,7122,2707
7721,4885,7206,3696,2028
5512,6626,6012,1631,1823
1210,5975,9952,3504,4147
4205,3926,6031,6828,7376
2057,7009,6366,6240,6683
665,4462,8666,6863,3861
7129,6260,3090,1152,5331
3123,6782,7045,4063,5420
5078,4555,7073,2956,5280
6434,4473,2196,3987,7138
9831,872,4295,6369,6739
4597,4325,5789,6488,8275
1262,8358,5329,305,8616
3817,3272,3089,7027,3635
4158,4555,5954,5853,5015
3838,4720,3392,2960,7943
5169,2371,7181,1211,5380
3296,6456,7401,5985,6273
8183,4807,4267,2701,3830
3821,5869,5550,6189,4414
9878,3956,3057,6275,1022
2245,5313,7050,4294,7464
3595,1963,5901,9275,5367
7321,2667,3501,3405,8266
369,3969,7914,6174,6692
6900,7742,1883,5597,3688
8753,4815,5503,5419,2144
2885,6768,7669,6049,3941
9168,2944,4286,3650,6849
8910,6436,4240,5820,3001
7253,3188,6088,1034,7313
1203,7978,5720,1828,6900
7440,6192,3103,4736,873
1381,7036,3319,5922,7637
1138,6365,6926,8269,1049
3062,6830,735,7812,5568
5973,4092,610,9223,4553
8397,2559,6885,5481,5082
4663,7253,8081,1862,5843
4386,5966,4090,2092,7306
4029,9158,7245,114,9399
5710,2244,8789,8198,162
8209,6484,6185,1508,135
2875,3619,5353,4026,7486
1340,3857,7320,1764,7201
707,4793,7155,1916,7545
1649,5157,5824,6069,4313
6365,321,5647,5265,7768
9090,4159,8026,3262,1204
5887,4135,4677,8894,621
7991,4917,2119,5227,4166
8295,2663,5708,9707,817
5440,3694,8867,4926,1493
1410,7514,4383,9590,2483
7274,6213,4398,4452,414
5466,3892,3310,1510,6172
2630,8326,600,7691,2597
3548,4102,3426,7303,7322
6676,2447,5368,7519,2442
6010,6868,401,3068,8465
462,6351,5875,3924,9296
2554,4835,5866,8627,4203
7687,2507,9533,215,3218
5733,775,9907,5661,1545
7681,2275,3725,3609,7983
8214,3787,4767,3416,4365
6677,6354,747,4864,8399
5092,8720,2453,1908,2818
5254,7667,3802,64,9501
4347,9703,915,5318,2927
6450,1648,6604,28,5671
6830,2640,7830,2098,9207
6941,7835,1672,3974,3947
6043,3494,3383,9043,3549
9148,2082,4923,1776,9358
2159,3775,7476,5844,7811
8368,1339,2522,6788,6917
6182,5394,9515,3223,4338
9676,3390,5003,5645,2110
6442,6691,6299,1223,4405
4861,9977,2554,2423,4178
3703,7204,1,8351,6438
5401,5276,992,4239,6860
8230,4043,501,6733,8271
5595,6761,6811,820,4092
1828,6297,7893,2965,7215
4195,4732,7882,701,8925
6108,340,6783,4703,6637
8943,3892,4400,1277,4703
4319,5043,3972,8433,4730
5401,6309,7135,4035,5053
3548,1145,6694,2244,8751
2228,7731,3507,4108,9616
5638,5766,4598,4608,5217
6678,7012,507,7113,1642
5953,4986,121,4437,6709
7409,8692,6060,990,5980
6476,1465,9082,6009,1037
94,9841,2305,1255,8264
4332,2042,5934,3370,9138
7965,3420,5765,723,5425
1609,2050,6687,7378,8770
4620,4091,4998,5709,9139
9085,4557,3397,8881,2246
3376,857,3825,7779,8187
3460,6240,6298,6442,6383
5354,3550,5524,3599,5330
5204,7409,3504,5838,3809
6528,8991,699,9405,4960
277,4877,2389,3464,9773
9233,3365,7339,618,4254
5981,2906,7443,5220,6223
9387,1022,7833,476,4551
3683,4852,4943,3447,9425
3841,6792,4629,2681,3775
2126,6215,3837,6527,8663
4446,8744,1932,7781,2681
7134,6774,4948,2063,220
5797,3028,6336,6191,3972
8337,2170,4912,6791,413
3482,8130,4914,9286,751
2607,3845,7843,7582,6108
6042,6182,1578,5088,4191
5266,7532,3270,2152,5027
4969,2860,4979,2468,8200
3518,5195,770,8907,7223
9040,3684,5984,5915,1253
5199,8422,870,4285,1821
459,3758,6833,3293,8775
2663,6446,9224,2679,4626
864,5230,9074,3259,9238
7063,3771,5020,7507,3207
4904,5751,163,7421,5149
5255,5500,4534,339,7555
9793,3866,4393,4888,4098
5768,2017,3967,9606,1198
3845,7986,2626,6878,2169
3798,3139,5390,5103,6598
5159,3381,2824,5749,7567
4653,5874,775,9916,4836
2400,7703,5437,4358,6075
1976,5568,5139,4333,9541
475,4207,3083,6089,9086
9063,2784,8475,4586,801
14,6906,2058,7523,9966
8421,5848,6172,3777,99
8803,11,9916,1271,5801
9142,697,6399,4597,6917
3788,5928,4232,4313,8853
7251,2963,4954,4240,5060
6192,4583,6840,3640,5029
7343,9096,1193,2515,6090
3021,6484,1940,5366,8681
1540,8402,6924,6758,3156
3190,6921,1380,5656,7906
5302,6903,1380,6010,3652
1477,7368,6410,7118,2322
1295,6602,4604,5293,9782
8242,997,4467,4313,7788
