4000 5
3283,3074,2511,3653,2613
8247,8492,8434,8782,7977
3667,3722,6832,5114,6131
8313,7182,5582,7252,7111
6761,6176,5776,7460,7124
3797,3786,2002,4945,2704
7329,5276,7268,6931,6695
5964,5039,6077,3299,4836
5359,7264,4980,6053,5853
1907,986,2250,2537,2145
3002,4473,5267,4753,4997
6772,4066,6252,8255,4879
5620,5836,6587,4815,7223
4094,2105,3319,4955,3355
5028,4052,3873,3546,2841
1964,2979,1592,4023,1842
2409,3576,2480,3143,3541
4603,4928,7484,4758,5786
2024,4152,3703,3740,5520
5602,5753,4193,6661,2553
5213,2159,4014,5186,1434
5722,6492,6085,5075,5421
2264,6148,5415,6204,6244
6077,4535,5536,7922,4400
5395,2228,4740,2839,3868
7894,7349,7345,7614,7196
4107,3043,4234,4556,3607
3209,3359,3346,6230,4204
4058,6276,5594,5006,6786
5043,5755,7054,4160,7530
6879,6841,6452,7740,6133
7501,3232,5213,1873,7249
2314,4624,3700,2983,4442
3997,5892,5217,7157,5472
4787,6547,6363,5524,5555
5314,4069,4146,6612,4491
6031,5961,6737,7588,5798
5247,9282,4770,6880,7402
7831,7052,7584,7773,6748
4447,4646,5865,4098,4810
5134,4944,3553,6005,4711
4726,5373,4292,2954,4980
6776,6682,6197,6662,6041
6225,3828,3114,6538,3860
6630,7153,4413,4648,5954
7493,6194,4457,5153,2329
4562,7157,4373,5393,4905
5334,3455,5784,3070,5533
4444,3293,6180,2915,6854
6411,4406,5687,5565,6604
4614,3662,3369,5697,3509
7365,4801,5200,7290,4022
3590,5357,3417,4964,4508
6125,5091,4687,5138,5540
5852,4873,6914,4894,3418
5369,5314,2034,5407,2709
6383,4577,6256,5480,7064
1821,3483,1497,1942,1894
7398,7785,6509,7977,6097
7713,7871,6834,7968,7068
5147,8609,5145,5847,5662
6545,5510,6149,5650,6223
5495,6483,7513,4852,6205
2739,1183,2829,2255,2882
2680,3399,2816,2373,4145
5709,5933,6433,6181,6540
5309,3830,4585,4912,3113
2618,2464,2691,2783,1376
6589,3645,4769,4996,6343
5487,4617,8496,4109,6959
6193,5362,2365,5027,4784
2689,2542,1696,1732,1820
7460,5857,7721,7115,4966
5448,6779,5533,7524,7363
8720,8014,7688,8959,7999
2706,6852,4967,4787,7442
3850,5719,3261,3403,4554
5952,5315,6732,3452,4610
5833,4812,5269,5473,4730
4499,4460,3510,5931,1298
4540,4363,5635,5984,5661
6883,3486,6014,4163,5975
4696,6909,7163,4412,5966
6424,3754,4672,4362,5678
3508,2942,2858,2824,2141
3965,7548,4168,4777,7005
3176,4911,5753,4322,6489
3159,1080,5487,4541,4327
7159,4698,6343,5790,5294
4791,4877,4713,4513,4476
3672,3636,3991,3604,3690
4052,2061,4141,3163,3250
2622,2350,3364,994,2738
6724,5056,6899,5493,5929
4126,5035,5472,4730,4927
4977,5061,4913,4116,6628
6241,5379,8024,5781,5366
6452,4342,4890,5932,2319
3852,2297,2573,3658,2198
6125,2931,4601,4265,3555
3429,4861,2718,5533,3242
6675,3729,5376,6639,3721
3693,1874,3087,2448,1323
4813,5228,6438,4976,5066
4240,4119,4345,5453,3751
6459,6448,6553,6373,7854
6301,4922,4697,6546,2744
7319,8494,7835,7863,8009
5137,5485,5232,7516,6437
4876,5160,4214,4178,2798
6200,6960,5966,6479,5497
4220,5196,3311,7199,3166
5582,7618,5264,5995,7039
7159,5946,6598,6270,6264
5022,4559,6395,5447,5323
6900,4966,6311,7346,5133
4616,4458,6371,5040,3845
6969,7311,6626,6809,6358
5732,6072,5197,6688,5789
5123,4789,2481,5013,4354
4664,4624,5400,6572,4959
4318,5336,4129,4535,3818
7735,4484,5022,5297,3699
3579,4683,3810,4783,5553
4708,5219,3620,5019,4379
3925,5439,5621,4796,7097
6671,6522,5751,6200,4809
6561,6394,7524,6231,8459
2697,3051,4572,3633,4012
7113,5776,6928,4745,7754
5287,3394,4264,5411,2565
5846,5057,5893,3351,5417
7127,6081,5443,4774,6606
2588,1832,3358,2404,3505
4852,7098,5834,5243,5234
7979,8477,8773,7952,9171
6677,4688,6161,6097,4579
6406,5944,6370,4212,8312
3430,5857,4643,4542,6041
4618,5283,3825,2902,4001
5691,4995,4441,6237,5917
3813,2365,2491,2693,1812
4546,6421,7794,4998,7134
6020,4943,5746,7024,5889
5865,7736,5131,7293,7549
4396,6206,5858,5511,5295
4044,5567,5368,4931,5324
4166,7270,2607,5207,4903
5528,7035,4689,6729,6844
6299,7333,7348,6796,8400
8857,6316,6508,7222,6529
5714,5665,2397,6623,3968
8521,8466,8178,8863,7777
6807,5516,6497,5582,6502
6558,8635,6393,6285,7037
5596,3809,6714,6208,3680
3953,3263,2152,2895,2851
1973,2184,3461,2298,3477
4109,5009,5267,2658,6571
5002,4080,3090,5469,3118
3701,4496,4304,3506,3857
4550,6550,6091,5852,5804
4151,6725,2896,6022,5089
8249,7386,7957,8569,7744
9046,7403,7811,7495,6742
4027,3817,3941,4889,4613
3746,3048,5164,4190,2716
3856,4786,1820,4033,3517
7458,4872,6233,5981,5834
7121,7054,6307,6940,7039
5914,5203,4740,4902,3988
4811,4631,4057,5177,3876
2303,3992,2654,4361,3049
4278,3975,2926,2843,4621
7080,6461,5757,6878,6462
8048,8341,8229,8538,8119
5055,4580,2798,5605,3521
4320,4648,3644,2832,3903
4805,2573,6656,3072,7434
969,3663,2025,4123,1707
2119,4415,4111,3182,4637
1648,3567,2860,3635,3176
6193,5934,4244,6956,3774
5347,4728,3353,1957,3257
1348,4253,3214,4459,5010
6408,5646,6532,4842,5641
6001,7920,6858,8233,6771
8206,7123,8147,6752,7491
3744,5207,4748,6118,6045
3634,5548,3695,4755,3422
2943,3920,3867,6112,3413
6812,7733,5600,8006,6388
4640,2906,4525,3900,1741
4750,5286,3269,5099,2787
2016,2779,2209,3057,1893
7524,8571,7356,8155,8477
3360,5083,3517,3366,3601
1607,2563,710,2261,1220
5320,4643,5108,4765,4657
3295,6495,5289,4667,7795
2688,3471,4394,4327,2910
4218,6100,5665,5584,7935
6957,5541,5242,6818,4466
5383,3016,4828,4928,4827
4769,4348,4926,5028,4936
7260,6734,5496,6960,4642
6921,3601,6689,5101,4581
4210,3266,5166,3600,4212
3927,3422,6283,2491,6956
3676,2072,4254,4300,3332
4387,3262,3501,2890,3254
2805,4983,3066,3573,3366
7134,5998,8177,5040,8558
4516,6261,4688,5209,4308
3782,2781,4130,3683,3815
3979,2533,4395,3489,4866
5161,4604,3650,5322,3818
4319,7399,4622,4616,4788
5254,5708,6373,6282,6408
4753,3112,3936,2607,2801
2237,3570,3154,2897,2310
5677,6640,7403,6689,5734
3256,4175,3443,6048,4838
5442,6953,8219,5491,5985
6363,6548,6044,7610,5942
2921,2014,4067,1711,3060
3524,3367,2434,4132,3923
3385,3696,4158,4025,7599
4784,3762,3806,4085,3899
1912,4377,1983,3711,2707
3207,3114,4624,3821,4986
6692,7361,7570,7613,7010
4767,1972,2612,4860,1514
5589,3176,7299,3124,5797
3975,3749,5926,2709,5033
4554,6759,2390,5683,5230
3781,7249,6411,5588,5191
6545,5457,7208,4994,6972
5444,2711,4444,3779,4544
5230,7801,4568,7369,5852
6120,6809,7497,5652,7190
2573,6017,3226,6685,4167
4978,3729,4309,4164,4499
5134,6972,6276,4998,6086
5475,4943,6014,4455,4240
3394,5265,5042,4239,5054
5503,6086,7288,6370,7327
5550,5964,6920,6258,5353
3499,6104,5226,3558,5364
3061,5076,4314,4962,5226
1964,2316,1847,1609,977
4446,5802,6410,6564,7068
4957,5721,5322,6142,6755
4247,7801,4152,6073,5744
4148,3946,4647,4298,3376
5095,2775,1643,3565,2172
5491,3532,6298,5628,5799
5075,4494,2384,4049,3848
3026,3517,2740,4573,3839
4054,4720,5139,3310,5462
5626,3076,3630,4835,3877
4838,4205,4251,1646,4100
2246,3092,2925,1921,3279
4401,3142,3543,4911,3503
4762,4740,4311,5533,3218
4698,4353,4704,3879,5954
4956,5200,6517,5274,6893
5468,5223,5196,6693,5412
2805,2955,2256,2142,4151
1290,2515,1449,2077,2022
5258,5483,4634,4748,4201
2287,2317,3914,2721,3596
5304,7766,4358,6145,6383
4782,3303,5247,4154,3884
5363,4259,3241,3676,5317
6884,5233,7359,5142,6068
5580,6438,6549,3586,5628
3792,2306,4431,2809,3825
4381,5890,4074,7783,5618
2671,6227,3027,5489,6322
3179,3731,3065,3539,3051
3330,5123,4749,3726,5016
1994,3492,4898,3359,3508
5237,6626,5889,6916,6008
5247,3944,4273,5492,5750
4273,4858,4242,4588,7249
5356,4599,4806,3450,4520
7364,4852,5582,3518,3105
4823,5168,6382,4148,4997
3218,4831,6988,3328,6474
7037,6715,7211,7545,5705
3279,3925,3508,3011,4394
5331,4295,4124,3325,6594
5915,5404,7176,6794,6118
4872,5282,7312,5162,4834
2697,3739,2213,5050,4448
4768,4016,4547,5585,3029
7726,3950,4430,6808,2891
3961,4975,4416,4300,4626
6658,8010,6102,6681,6795
2386,3662,4395,3201,3906
7675,5656,6832,6143,5564
4357,2503,4195,4249,4879
4786,4175,6929,4929,5860
4487,4641,4943,6139,4143
7588,2715,6544,4881,4215
4842,5255,3241,5254,5746
5664,4736,6257,5583,5450
4183,6749,2130,5883,4732
4893,6102,3979,5384,4951
7920,6549,8114,6932,8273
6579,5124,4515,6006,5488
4233,4103,5329,3660,6621
4406,3174,5731,3152,4031
3804,3306,6881,3818,6339
4073,5499,6095,3438,7195
6113,6225,4658,6338,4424
4224,5018,4610,3111,3853
6328,5900,4531,6119,5842
2940,5093,5905,5250,5156
4931,3259,3580,5366,3723
2032,3009,2405,2567,2474
5866,5027,3931,7897,5847
7671,6488,7716,6895,6490
6050,5249,6247,5868,6697
5984,4019,3836,4916,4378
5192,4745,4741,5315,7705
2404,4038,5227,3093,6644
4232,5303,6261,6407,4952
5389,6392,3195,6888,6676
6442,6032,4911,5014,4839
3877,3040,2846,4013,4068
2986,3546,3023,3819,2490
4126,2082,4731,2798,3223
8060,5991,5886,6984,5698
3760,4499,2159,5052,1980
7694,6433,7831,6250,8337
5275,1714,4432,3559,2670
6120,2630,5837,5545,3565
4123,7165,5478,4657,4594
6138,5308,5259,5461,4963
7187,5010,5919,6396,5488
5205,5413,4927,3489,3654
3791,6121,6040,4480,5832
3778,2891,2907,3016,3316
5013,4483,4939,4836,6184
4173,4513,5422,5254,3691
6511,4541,6105,4103,4368
4851,4210,4970,4729,6070
4924,3479,6933,4030,5026
2329,1364,1122,2488,598
4254,2401,5673,3361,3435
5507,6312,5584,7093,5527
3242,3646,2272,3732,4333
2862,3563,5570,3569,5590
4902,3861,5541,2858,4883
4137,3536,7746,3696,5634
7246,7884,4951,6901,6433
7622,7300,5168,5762,4930
3377,3063,3613,3425,2972
5322,5648,5528,2944,4332
3633,4756,3798,4291,4018
6509,6533,5643,7548,7707
8349,7639,8280,7988,7389
5949,4938,6246,6749,3383
4566,6734,5794,4776,5479
4922,5375,4435,6148,3454
6083,6741,5740,3921,6550
2671,6309,3469,5298,5730
5851,5341,3485,4969,5377
5758,7610,6501,4836,7257
2843,4375,1220,5450,4117
3768,2369,2952,3205,1694
5626,4736,4196,4552,4660
7082,5107,5088,7380,4228
4657,2752,3809,3317,2688
4680,3543,5825,2791,4714
6314,6866,4694,7611,4110
6764,6126,6694,7065,4762
5162,4659,4663,6508,4620
5486,5096,5111,6934,5804
5809,5386,3196,6970,2898
7443,5598,6585,7153,5557
3292,8080,2968,6973,5632
5013,5237,5399,3532,4845
8281,8563,7489,8723,8349
6415,6055,5124,8207,6401
4519,5467,5124,3947,2996
6165,6483,7521,6506,7824
5970,3669,5051,4220,6259
6079,5474,7294,5008,4225
4832,4777,6005,5270,4688
5421,4105,6555,3588,6937
5030,5083,5892,4369,3506
4285,2124,3977,987,3005
4148,4056,3178,3824,3382
5212,6505,5791,4896,4325
5957,4836,4024,5928,3912
3210,4659,2372,5520,2174
5890,6530,6241,5659,7563
4834,5443,5762,4243,6914
3612,6417,4760,4593,6044
3191,3147,2556,3324,3808
5942,5448,4578,6309,1909
6755,6556,6845,7865,5187
6941,6315,6534,7588,7548
4337,4497,3073,3671,2704
3316,3600,3621,3956,4164
2971,4011,4754,4449,6267
3470,6015,2345,5817,3461
6909,3478,6005,5313,4709
4699,4094,3077,5403,2205
2754,4563,2900,3410,5530
5513,4700,6404,5383,6976
4975,4543,6580,6629,4001
7439,4622,6120,5242,6646
7172,6202,5502,6784,2944
6161,3685,3002,6989,3111
2390,4068,3804,3456,4705
5210,5556,5061,4471,5293
3671,6318,3575,5432,5420
4802,4059,4804,3535,4051
6019,6385,7166,6624,6151
6379,5262,6309,6638,5644
5752,6628,4226,5791,7278
5274,4424,4051,4521,5579
5078,3660,3931,2998,5232
6930,6392,6598,6081,7005
3513,4236,6114,6321,4251
6665,5114,7784,5464,5834
4778,3206,7115,5860,4375
8597,9067,9029,9107,9082
6268,6869,6528,5158,7836
5604,2863,5220,4150,3718
3024,2583,3304,2533,3515
5393,3775,6101,4294,5819
4107,4965,2493,4450,3924
6281,6439,3022,6241,6365
2310,5050,3155,5839,4184
3528,3520,3582,4570,3390
8161,6557,8053,6834,7247
3835,4836,4030,3316,3996
1109,691,1929,1698,1802
6101,5841,6277,5459,5186
5235,3444,5678,5864,2794
6942,6056,6968,5822,5556
5354,6158,5485,4816,7714
5534,6942,5912,4946,4216
6465,7141,6253,5963,7551
6063,6421,7637,5808,7344
4173,6930,2630,4134,7259
4362,3064,4609,2605,2508
6244,6472,5056,6592,5710
5169,2847,3448,4014,2607
7735,6692,4520,7534,4741
3213,5685,1596,5060,5152
4662,5798,5438,5047,6161
3732,3930,4924,2858,5392
6853,2282,4195,4038,4199
2808,4652,4339,3821,4620
4711,3225,4997,4267,3274
4401,5559,4307,5809,4252
6579,6529,4386,7128,3182
6235,6418,7143,6265,7144
3638,3300,3819,3838,3390
3369,3479,1960,3381,3919
5748,6433,3904,6739,5836
2187,5130,2859,4750,5515
3203,2066,2946,2928,2376
3329,3509,5799,2812,4152
2978,4062,1987,1656,3746
2961,4663,1991,4106,4144
1954,3118,2340,1909,2617
6135,5433,5967,6531,4587
4659,7183,4445,6679,5303
6571,4345,7151,5356,5556
4879,4129,6543,3675,3551
2029,3402,3038,2981,3994
5687,5685,3545,4706,5370
7191,4914,9393,6398,6733
7625,2822,4819,3924,3443
4163,6018,3004,4359,4890
3313,3597,3473,3241,2540
7285,4266,8015,5364,5150
7268,6076,5884,6062,6153
5152,3368,3704,4934,5808
1805,2077,1554,1872,3284
6376,2619,3864,2452,4560
2905,3128,1922,4665,3308
4456,4665,2810,4806,4593
5710,4745,4906,6277,5338
3671,3986,3439,2808,4509
4795,6904,5022,5105,7618
4815,2804,5867,4321,6408
3959,3485,3996,4939,4315
2729,4357,3369,2231,4130
2186,4899,3719,4133,4036
4868,4477,3818,4952,3374
7288,7891,7562,7874,8569
6318,6392,4830,6062,6056
3972,4515,2628,5068,3183
4975,7573,5061,7588,5343
7928,3597,5927,6308,5564
2426,1997,2108,1764,1879
4630,3555,5800,4400,6346
3568,5329,4349,4320,3164
5233,3179,4535,6608,4815
7211,5130,5562,6752,7290
5731,4117,6340,5340,4836
3124,7236,6134,1740,5601
8919,8843,9183,8627,8817
5716,4936,4200,6264,5119
4634,3395,5423,6094,3871
6279,6130,6154,5976,6557
7215,3263,4206,5199,4581
2710,3730,4399,3654,4264
5077,6183,3713,6647,3401
7217,7560,7739,6966,7632
2171,3563,2169,2207,2817
6386,5626,4435,7059,2803
6086,6441,5452,7509,7712
4129,5334,6559,4197,4365
1348,1710,1947,1857,2135
4160,4370,2662,4644,2944
4031,2320,2856,3913,2641
3507,1509,2730,4125,2321
4846,3851,6494,3378,4991
6153,5509,4369,6577,5757
4833,2726,4050,4673,4186
5022,4102,8183,4794,7274
2875,3886,3500,2339,2386
5007,5348,4523,3316,4007
6145,4814,6710,4997,6926
5630,3448,5148,2491,4125
6401,3847,5370,6179,6955
6810,7140,6514,6373,7551
2801,3739,2950,6087,4486
7033,6285,6582,5385,5409
2322,2877,3557,3474,4416
3412,4110,3362,2445,4735
5884,7669,3876,6419,4393
5643,3239,3984,4136,2683
5803,3665,4418,4573,4090
5745,3688,4272,5544,3320
3185,5328,4343,3838,5370
7063,8029,7187,7982,6232
6636,5336,4332,5702,4101
3957,6659,5702,4807,6534
4243,3580,2905,4009,2533
3520,1858,3267,2405,3759
8106,6743,7053,7782,6983
1789,3191,897,2656,1663
5816,7008,5905,5897,8275
3869,3264,5425,2877,4139
6486,6508,3955,5059,2985
3494,5988,4578,3592,5984
5147,3647,6468,6153,4681
8438,7172,7767,8192,7192
8101,6550,4261,5726,3829
5933,6126,6385,5925,5961
3119,5332,6240,3194,5593
3915,3218,4315,2824,3027
5148,7697,6682,5932,8030
5914,6409,3091,5147,3509
5135,3812,3682,4975,3839
4152,2626,5308,3374,4786
5588,4851,7555,5061,5248
7534,4653,6423,6055,5940
5237,5395,7671,5436,6221
4118,3961,4919,4312,3693
4172,5664,5641,4702,4867
5262,6736,2995,6838,5271
2540,3803,3224,3254,2284
3892,7372,3580,6843,4543
3799,5265,7485,3220,7105
2783,4812,1952,6044,3119
2590,2926,4321,2625,2132
3247,5064,4662,3517,7001
5106,7550,4393,7622,6291
3254,4208,4835,4403,3677
4779,7228,5298,6818,5773
3994,6034,3259,6193,4889
7273,3919,7345,5662,3175
6022,4716,4722,7647,3597
7160,3955,4586,3663,6065
5025,5516,4833,6203,4681
3837,5116,5959,5344,3852
3411,1758,2565,2098,2275
6594,4301,5476,4122,5550
5881,3994,3422,5704,4220
4224,3665,3533,3096,2023
6342,4598,4716,4340,4254
5009,4548,3408,4969,4125
6199,6397,5349,5060,7317
6628,2686,6586,3655,6037
3994,4666,2440,2889,3184
5158,2926,5047,3474,4206
8364,8215,8579,8841,8022
3210,2163,2753,4111,4031
2214,5239,2418,3599,3409
6524,5029,6464,6375,6159
5884,4617,7315,5391,5637
5659,5093,7020,6847,5729
5100,5390,7128,4767,4865
6017,5198,6226,6775,4150
3529,5042,6224,2514,7060
4567,3182,3726,3777,3257
6829,6817,5876,6399,5492
5606,7120,5904,6767,7619
7415,6319,6817,6733,7316
4243,4412,3666,3861,5661
4664,3486,8179,5077,5647
3653,5508,4946,4896,6342
2751,4882,4620,5155,3901
5153,5604,5998,3397,4768
6848,5293,5968,4862,3779
5120,8067,4548,6981,7079
5348,2060,6086,4330,4933
5816,3317,5869,4848,2900
6306,6527,5931,6810,6973
3502,3068,4379,3144,3455
3657,7284,6325,4838,8169
7010,4898,3731,6186,5595
4818,2844,6038,2569,3373
6462,5380,7351,6230,6462
7522,7132,7898,7478,7751
4909,5252,4433,3801,3713
4285,4906,6101,5506,4314
4636,5905,4226,5077,7270
6248,6210,6532,5852,7474
4347,3839,5342,4623,4949
3641,3435,4970,2720,4544
7555,7852,7920,7588,7587
5199,3139,5618,3856,4351
2508,3710,4105,4208,3976
4506,3965,3377,2315,4057
4793,2637,4805,2307,2597
3866,3172,4483,3765,3320
4316,4777,4253,3997,3753
4846,3930,3756,2680,5312
5309,6020,5615,7508,6432
2098,6812,2467,5061,4378
3385,3752,4005,4978,4279
4914,6056,4526,5344,5114
5201,3291,5716,4592,4589
7366,5655,6267,6088,5024
4585,3937,4818,3630,3770
5370,5755,3849,8388,3933
5173,4668,5314,3310,6484
7348,7518,6607,6708,5887
4727,5132,5044,3413,4613
7512,6124,7129,7577,6537
3357,5302,5325,3900,6035
4356,2609,3043,2677,3354
3443,1862,5285,3367,3721
3986,2996,3311,3352,2495
4577,5158,4536,3225,5025
7133,7082,6522,6077,7278
4605,5269,4784,3607,4599
2205,2034,1493,2074,1824
5864,6799,6375,5828,6854
4610,5455,7216,4610,6420
7412,6683,3417,7256,3355
5952,5656,7448,5125,5811
3753,5124,8139,3504,6753
3802,4884,2646,3941,3929
4327,3910,3391,4271,3896
4875,3840,4075,4856,4628
5995,6244,5642,6629,4530
6951,2942,7024,3992,3226
6114,7575,5204,6349,5034
4307,3512,5093,5145,3834
2557,3853,4342,2837,6705
3785,5108,3064,6228,3216
3975,2907,3682,2522,2762
3118,4910,3204,4898,2630
4504,3670,4571,5662,4294
3596,4372,3024,3218,2868
6714,4146,4008,4004,5675
2971,3740,2228,3150,3388
6266,4669,7850,4309,3638
4700,3741,4810,2484,4254
2603,3068,4830,2824,4235
6729,6493,6755,6130,6872
3532,2340,2969,2053,2609
3922,3107,3044,3265,3601
1308,2535,2051,1203,2708
6170,4287,3295,5269,4662
6093,7216,4156,5448,6731
6176,5009,4705,7078,5433
3977,5526,6200,4811,4923
3657,2313,4281,4312,3441
4869,4103,4333,3709,3916
4503,1607,4840,4564,4176
3832,3771,3381,4798,4910
6628,3557,4489,4790,3212
4878,4311,6175,5030,4326
5514,5482,2236,4878,3682
5954,6532,6392,5746,5836
7655,5777,7586,6600,5282
6220,4385,5390,5654,5508
8185,7113,8528,6252,8194
7333,7805,6535,7990,7313
4731,2244,3460,4024,2781
3911,4140,4502,2875,3505
6683,6296,7967,6029,7866
7290,7671,4518,7172,4165
2793,5255,2594,4152,5654
6079,3745,5296,3508,5130
5707,4806,5748,3928,4300
4139,6568,4367,4277,5492
4808,6018,4142,4772,4841
6598,4621,5913,6079,3696
7862,6523,7607,6884,7011
4065,4134,3752,3413,4572
3007,4232,3629,2263,3903
4700,6393,4910,5978,3975
5056,6835,6441,4388,3937
2199,4739,4308,2517,4757
4839,7716,4054,5976,6134
3775,6285,4015,3343,5424
4752,5989,5541,6298,4816
6039,2525,6961,4586,6217
8286,6950,7946,6607,6701
1517,3505,3335,3009,4064
4194,4908,3778,4327,5698
5546,2149,7711,3174,4596
5775,5489,5903,5083,4799
2760,4468,4328,3100,4839
5621,2945,6584,3193,2826
7168,6729,7016,5458,7635
5214,3458,3634,4384,1077
1623,5107,5635,3896,6245
4667,4401,2476,6343,4344
6006,5895,4302,5523,2767
5211,4240,6918,4288,5264
2931,5467,3157,3223,5651
5859,6087,6080,6223,5544
2427,3064,1842,2862,2812
6213,6841,5205,6570,7809
5718,5543,6156,4972,7051
6906,4789,5825,4621,5864
6363,6677,3703,5373,5682
5107,3215,4098,3094,4523
5924,4380,5361,4605,4140
5535,5631,2229,6758,4246
7352,7674,6887,7264,7623
5549,2893,3280,4868,4322
6321,4505,6417,4721,5474
1470,1853,1843,1584,2168
2151,2493,2333,1465,2439
7320,7043,7573,7254,7769
4207,5930,5600,6260,5264
5969,6452,6090,6995,7007
5310,3137,5500,4695,5309
6650,6462,6807,7092,5779
1681,3562,5277,1217,4161
7794,7319,7002,8220,7343
2584,3816,3438,4925,3780
3322,2547,4680,3400,2780
5168,7053,5843,6507,7645
2555,2424,2832,2838,3035
8064,4963,6742,5720,6715
4034,5709,3512,2529,6065
1772,4185,1263,4775,1823
6672,6014,6539,6400,7050
5930,5507,5426,6203,6338
4290,7213,4029,6121,4337
4305,2544,3536,3367,2613
2517,2539,5474,2632,4680
7880,7922,8253,6961,7818
1851,5160,6442,4536,8443
6019,4480,3821,3816,3941
7091,7840,7883,7682,8178
5507,5611,5799,5190,5094
4147,4908,8513,3073,5061
3106,2824,4369,2749,3318
4397,6349,5077,3949,7239
3828,6615,4057,5144,4633
3529,5277,5502,4677,3837
3177,3387,3634,2795,2166
5930,3793,6498,2770,3490
3119,4023,4764,4292,5022
4803,5506,3862,5631,5249
6482,3877,4594,5624,3003
2641,3310,3157,1967,2435
5294,4441,3944,2863,7125
4253,7377,6338,3800,6881
5954,4698,7250,3498,6595
4205,4140,5316,4170,5713
5087,5473,3452,5548,4669
5073,3229,1649,4318,1650
4699,4172,4772,4547,4012
7940,5222,3960,6938,5956
5389,5773,8474,5938,7453
6156,6127,5434,5678,4104
2891,5956,4048,2662,4582
6617,3459,5971,6037,3103
4258,6094,6099,5816,4952
7371,5868,5672,7043,4873
4755,3481,4004,5039,3289
2621,2971,2772,1953,4021
3561,4713,3243,4470,3042
2031,5266,4189,4662,4820
2191,3717,4168,3192,4101
3712,3899,3221,5274,3977
3506,4927,3916,5255,4814
6209,5581,5348,4786,6316
3332,5416,6266,4623,6480
3484,3255,2393,2889,3304
5774,5490,6669,4942,4091
4105,6821,5619,4896,6548
5083,4408,5157,3848,3586
4387,4561,2357,4823,4408
6061,6025,6522,4490,5365
4939,4224,4143,6182,5079
5593,4233,6825,2923,6537
4987,3389,5252,5439,4475
5713,4015,4782,5695,3744
4443,4217,2343,4203,3384
4906,6517,6905,5771,7225
2950,3974,2934,3815,4377
5486,2730,5231,5307,5097
6784,5605,6790,5696,6057
4015,3630,4515,3922,4687
5861,1986,5873,1752,4593
6202,3129,4990,6552,3309
3855,3191,4719,3108,3640
7717,7744,7404,6931,7291
5204,4579,7411,4474,6300
5146,4279,5644,3939,6347
5781,7708,5478,7170,6446
6549,4266,6086,7167,5052
7702,7719,8818,7402,7709
6530,3471,5951,5420,4722
5409,7600,5660,7394,5848
7133,6637,6788,5597,6266
6256,5154,4581,4345,2855
7262,6222,7704,6689,7361
4793,6555,7334,6494,5407
3541,5077,3961,2906,5502
2036,4337,4937,3657,5344
6474,6679,7227,6932,7540
5552,4846,6490,6402,5661
5227,7005,3829,6102,6689
4495,6101,4094,6962,2097
4960,5432,6905,6543,6390
3599,2860,2886,1481,2363
3693,4617,4830,2859,3999
3543,5260,5080,6129,4718
4572,3502,4200,2398,3331
7590,6077,5471,5629,4566
3311,4326,4013,2874,4379
5902,4463,6219,4246,5296
4718,4241,5511,5276,2432
5017,5952,4953,5218,5411
4763,5548,6242,5290,6621
6938,8711,7646,7026,8007
3130,4198,2616,3632,3868
4282,2271,3502,3048,2850
1792,1423,1351,1480,862
2911,5081,3906,6182,5254
7399,6382,7153,7577,6671
6839,7002,6589,7088,5721
5280,4861,4956,5112,7036
3312,4771,4750,4374,6383
7116,5247,5173,7355,5292
7490,6613,8469,6981,7752
3982,4156,4298,5336,6149
5133,4793,5633,6021,5575
5146,7109,3927,4397,7012
5679,6632,5908,4703,5440
2451,4643,6882,5613,4251
2167,4540,4522,2686,4919
3083,2647,3827,2806,4575
5212,5938,3693,3179,4379
3921,4876,4177,5159,3414
6564,6850,6547,3950,5019
5258,2274,4690,6075,4761
6088,6900,6134,6138,6713
2986,4757,3820,3566,4889
2038,4976,3628,3930,4615
2293,3138,2316,2610,2490
4862,7139,4985,7021,4422
5238,4632,5042,5627,7322
6704,7107,7974,6963,7888
6680,6622,5279,6071,3937
3825,3424,4275,5202,4801
5461,6723,7076,3254,6300
3607,3897,6015,6296,4465
5121,2350,4035,4870,5534
7274,7670,7683,6823,8186
4495,3763,3179,3948,3986
3653,5125,6213,5315,7360
4462,4597,5601,5172,3616
4652,5776,4168,4506,5403
4053,4090,3791,5389,3572
3957,3983,4084,3993,2952
4428,3240,5482,3421,4860
5407,5906,5885,5487,3505
6576,5179,5923,5735,5165
6142,5863,3744,7807,4448
5272,4057,4622,3972,3474
6693,4390,5463,5826,4099
5110,1421,7112,1733,2627
3998,6384,4979,4492,7107
3527,4446,3749,6717,5828
5796,4692,5230,3380,6619
5848,6822,5739,7237,5723
2104,2712,2366,2378,2532
7105,5227,6413,5424,5799
6465,7020,7477,7547,6581
4976,3154,4039,6748,5290
5546,4901,4873,6797,3919
6299,7123,5276,5897,6542
2625,2104,3026,2482,4076
3757,6505,5977,4187,8424
3269,5293,3649,3803,6977
3894,4573,4682,4281,2498
7350,6058,6041,7661,6200
4253,4770,4426,4738,4222
6383,8254,7925,7857,8326
3756,5140,4137,3632,4861
6653,6614,5363,6906,5060
5915,5609,8391,4768,7362
7357,7778,8574,7565,8886
5447,5241,5387,5169,6424
7092,5908,4558,5202,7057
3158,3888,4021,6970,4764
9580,6892,7634,7968,7055
5453,5561,6056,5848,4499
6099,6841,6972,7033,7084
3704,4034,4763,3039,4723
6492,3088,6030,4136,5357
4942,5239,4979,4635,5100
6612,5934,3614,6377,5654
5636,7114,5792,6834,6073
2841,4772,5393,4225,7240
4136,2950,7601,5231,3281
7159,7379,7809,7205,7426
3086,1832,2346,3476,916
4529,4440,3801,3184,2943
4412,3931,5633,3884,5635
5242,6701,5725,6451,6514
3773,4664,3880,5344,5733
4925,6182,3312,7984,3201
3725,4087,3789,4422,4923
4437,5101,3952,3954,6933
4710,5847,6174,6632,5608
4754,3584,3694,3234,4645
3380,4655,2729,3211,3155
4721,6130,6043,4672,5865
2170,5432,3704,3821,6849
3342,2958,3262,4906,4036
4603,3034,6025,3183,4676
3596,4372,3050,3413,3963
3080,2612,2422,3340,2252
5075,5394,3907,4630,6017
3916,5114,1945,5391,4214
3699,3441,2840,4197,3010
2816,3886,2146,3347,2762
4144,1355,6080,4330,4424
4749,5354,5767,4254,2645
7691,7471,7807,8214,8790
5671,7377,4589,4770,5652
2349,3995,3650,3453,5315
4141,6780,5683,4722,4740
2829,2222,3284,3326,2980
3535,1758,5009,1741,3975
1298,2877,1973,2476,2350
6040,5967,5160,5497,5533
5327,3276,3811,4373,4457
5505,7518,5304,7321,6845
4684,4765,3829,4431,3180
7195,6266,6741,6567,6421
3101,3644,2038,4222,2387
5188,6585,5970,5160,5458
1395,1788,2334,985,2165
8037,6267,6576,7429,5943
7849,3205,5959,6156,5606
7739,6767,6106,7165,6658
6882,5088,6920,5301,5367
4497,5298,6282,5471,6869
4005,6452,3363,4959,7148
3034,4966,4994,2036,5631
4469,3702,4350,3817,4025
6641,4703,4316,8012,3716
4988,6657,6367,6435,5447
3846,4857,1307,4581,4183
7061,4936,5884,2986,5915
6213,4172,4358,4348,5318
5669,6393,5182,7493,6264
2128,2562,3118,2390,2770
2030,5278,1863,2401,2958
3173,5375,1822,5056,5719
3417,3678,3788,4357,4928
5962,4833,6086,4491,5873
4473,4715,3807,4984,3201
6864,6949,5441,5714,6518
6520,6111,6683,9932,4552
6904,6366,7467,6329,7095
7334,1785,6142,3919,2830
3900,3432,2371,4272,2189
3552,2132,3363,3035,1071
7612,6717,5413,5500,4823
1778,3554,2045,3631,3518
3054,5630,3792,6046,5570
1231,1232,2181,1531,2497
4016,1690,5574,2626,4065
5030,4655,4343,3465,3875
5502,5764,5583,6146,5487
3750,2856,3788,4083,4740
4129,4067,3273,6443,3442
2218,6335,4543,3518,3321
4001,4794,2303,5171,3497
4157,3732,4743,2204,4950
3561,2697,2223,2631,2686
4377,6113,3770,6468,5365
7026,6473,5926,6352,6591
8621,7767,7972,8651,7976
5332,6564,5353,5088,7318
4306,3118,5314,4901,3591
3634,3337,2373,3163,2110
3024,4224,3324,4628,6483
5054,3380,5553,5562,3382
3620,2077,2572,3805,2140
4669,6177,5482,4533,5766
4489,5001,3083,4106,4941
2915,3870,1928,3534,4246
3370,4093,2957,3423,4427
6704,6860,5380,7858,6782
2822,5388,5750,4933,6724
3353,5720,4167,4083,4808
6147,6429,6592,6453,4583
3816,5263,5198,6927,6212
6199,4266,5550,6682,5479
3292,3151,4262,3133,3274
2110,2052,1681,2390,1758
2081,2638,2460,3094,2945
4389,4679,3157,3426,5829
3446,5484,4837,5040,5867
3496,5667,4058,5423,4067
5271,4714,6279,4996,5368
3558,6900,3449,6226,4499
2941,2106,1481,2157,2532
3094,4263,4854,2983,4447
4681,7075,5224,5269,5731
5565,3751,4253,4900,4464
7337,2943,5574,5648,3315
4646,6080,7413,5327,4294
4121,3351,3516,5725,4311
3838,4602,5465,3372,4702
4324,2536,4611,2705,1712
2396,6301,4178,3248,6399
4841,6234,6111,5990,6480
4814,6291,5145,4254,4808
3704,2964,3365,3264,4112
4318,2789,5500,3305,4224
5152,4957,5214,4883,3665
6883,6369,7533,6698,7058
2403,3660,1402,2976,2499
5969,8168,6612,7006,8873
5169,7489,4632,5829,7474
7366,5791,7276,6237,4706
4224,2950,6043,2105,4922
2747,3034,2533,2377,2278
4313,7893,3608,7472,5503
5120,4579,3939,3733,6113
7976,6204,7965,8194,6139
7408,7001,6543,6556,6287
1034,4354,4647,3446,4477
5711,4582,7410,4002,3162
5760,6463,4564,6093,4184
5464,6091,5218,6529,7562
4291,5289,6268,3426,5060
3816,4141,5032,3513,5520
5802,6458,3311,4656,6667
3574,5441,3621,6321,4595
4083,7308,4473,6423,6653
6276,6290,6663,6506,5611
6652,4689,5843,5365,3845
5221,5890,6267,4480,7232
5377,5164,7488,5654,6469
3405,3919,2375,3459,2470
5636,5924,5399,6634,6119
2205,4516,3885,3309,5187
7271,7264,7247,7604,6210
3215,5341,3550,3498,4544
6215,3751,4054,3705,3517
2892,4034,2922,2512,3641
4685,5957,3587,4325,7055
4114,3884,3539,3964,2331
3479,4447,4120,4273,3747
6467,5617,5348,6560,5665
7024,5826,5812,8333,5113
4271,4856,3196,3619,3157
7409,3464,3865,4869,3996
5174,3689,4487,4713,3477
4901,4473,5263,4531,4201
5688,6939,6500,6510,6962
1907,3593,2566,2765,2034
6755,3431,7188,5221,4507
3888,5708,4272,4636,3447
6872,2363,5559,4969,4374
6681,7148,7439,6924,6773
2143,3604,3918,2902,4860
5040,5266,6309,6142,6125
4479,7197,3746,4815,5957
3196,4337,2832,3698,3758
3944,6695,6883,4706,6113
3102,6461,2923,5952,4460
7002,6570,7865,5299,6927
4334,5711,5934,4833,5407
6085,5899,6501,7125,5361
3029,1925,4236,2372,3476
4772,3528,4450,2857,4224
6627,4413,5774,6378,6806
7171,4437,6825,6983,4690
3649,4058,3866,3310,4189
5739,5525,5520,7727,5264
6978,6897,4477,5925,4982
4074,3806,6416,3755,8067
5445,3958,4949,3285,5461
7720,4986,5325,5432,5872
6798,5115,5630,4702,3775
2709,6969,2644,4982,3969
6715,7352,7550,6126,7667
7573,8463,7489,8334,8494
2316,3076,2893,3691,3703
6700,4920,3077,3132,4427
6026,6294,6079,6698,7195
7642,5805,6672,6192,5645
6920,7684,6666,6763,7336
5838,4448,5381,6431,5750
4308,4623,5958,4247,6920
5466,5935,3926,6239,5197
1662,2607,1233,2033,2553
7127,6676,7165,7278,7171
4790,5187,6468,5107,7933
3516,3456,3767,5692,3538
6519,6111,4591,6751,4567
4698,5670,2614,6266,3774
3791,4180,2506,3335,4775
6781,7826,7185,6421,6818
5659,5165,3879,6809,2361
3169,3863,4062,3882,5297
4439,4926,4461,4813,4223
5198,6945,6761,7647,7683
4114,7263,4635,4502,4985
5137,5031,5693,3244,6643
7427,6038,6759,6233,6248
5259,5372,6719,5721,6139
4905,3529,5257,3711,2243
4858,4992,3572,5675,4345
4314,3026,5088,3506,6622
4235,2722,4500,2675,3088
2830,4217,3881,4515,4446
3302,7180,6511,5148,7988
3438,2033,3718,2733,2226
4074,5179,6784,2780,8107
6049,4417,2481,5419,3671
4921,6152,7282,4046,7023
7090,5479,7180,6503,5724
6117,5789,5509,6332,5494
5635,5038,5468,7019,4855
5041,6821,5660,6788,4562
6650,5491,7942,8290,6219
6069,6236,4518,7236,5552
6126,7113,5835,6242,7034
3597,5003,3934,4470,3691
5313,7270,5300,6452,5973
3166,4204,3373,3237,3661
2577,5582,2773,3713,4902
3006,3860,4036,3039,3073
6393,5141,7045,4279,6253
6293,6666,5165,6638,4180
5614,6207,5673,6232,6943
3519,4162,3229,5749,2537
3526,3512,4708,5253,3514
3014,7495,3693,6307,6650
6134,3717,7955,4954,5529
6047,4935,5285,6275,3062
6559,5352,3849,3823,5530
5493,6935,5327,6219,5649
786,1637,1726,1448,2254
4345,6702,5789,5106,5333
3959,3293,5065,4061,4637
2263,3697,2710,2376,3618
3960,3806,4067,4529,3943
4097,3681,1959,5110,1200
6234,6374,5448,6392,7174
4782,6437,6086,4465,6942
6982,6157,5154,7198,6114
6476,7934,4630,8535,5866
3592,2437,4698,4988,5038
4250,4210,5513,3612,4006
6347,5668,8478,5192,6781
4480,4462,5267,6588,3239
2466,3268,4603,3277,3634
3529,5989,4085,3343,5452
3990,4155,4641,5639,4039
7228,4687,7629,6390,5785
6289,6042,6172,5959,7359
4332,3928,5885,3709,4681
3367,4735,4219,2780,4678
3926,3305,4377,2822,4155
4811,4634,4525,6064,5387
5917,3908,4700,3847,2778
3412,7352,5452,3331,6776
3536,5528,3916,5170,6202
6371,4546,4314,5171,4256
4136,4701,6575,5181,5883
1880,2927,2315,2199,2066
5951,4438,6974,5694,5997
6703,5323,6235,6227,5082
2721,2242,2903,3217,2129
5059,5826,1818,6977,5087
4489,6243,7569,4745,6755
6143,3393,6164,4368,2960
3887,3757,5907,4996,5989
5922,7042,5446,5601,5121
1604,2758,2220,2068,4056
6377,4887,5038,4230,6458
7231,7497,6542,7802,7044
1907,4052,3204,2105,3337
6615,6044,6723,5472,6992
5126,4843,3682,5915,6766
6732,5590,4408,7986,4593
4655,4771,3862,5139,5279
5178,3991,3190,5516,4490
3748,3161,2529,3795,4065
7089,3797,5237,5167,4582
4832,4295,3357,4993,6259
5987,6190,7136,5893,5727
5145,4837,5950,5240,6149
2269,6704,4389,4056,5651
6687,3729,3675,6104,2175
3843,2362,3161,3403,2416
3405,7524,3127,5399,6767
4106,6514,4408,4544,6916
5897,7403,4353,5389,5820
5165,5898,6726,6120,6187
5004,3300,4126,3810,2719
6838,4085,3271,6209,3528
6182,5835,7261,6693,5336
6167,5194,5472,5194,6294
3603,6444,5723,6240,5606
5513,4211,4404,3236,3816
5639,2335,6013,4417,2884
4719,4704,6286,5094,5745
7743,5168,5749,7743,4381
7079,3798,5797,6626,4227
6665,6230,7421,6756,7343
6317,5498,5751,7321,4577
5914,6027,2866,5807,7067
4734,6593,8076,5525,6613
7257,6217,5314,5317,5213
3292,3395,6120,2126,6593
4111,7804,3585,7927,4251
8526,8088,8773,7993,8356
7198,6294,6782,7542,7580
4436,5311,3609,4419,4651
5628,5764,5158,5142,5738
6775,4963,6215,6713,3901
4878,4099,4060,6538,3155
3771,5738,3907,3815,5195
5847,5798,4648,3845,5834
4587,2745,5156,2713,6471
6936,5937,5674,6430,4889
1332,2421,1811,1739,1825
5878,2303,3872,3509,3616
5452,4365,6742,3314,6167
8121,6728,8309,7790,6670
4331,4210,4167,4035,1845
6547,4820,7390,5603,4576
6455,5201,4986,5688,5325
7282,4749,5990,5736,4834
3053,5595,1732,3933,6607
4467,3922,5404,3168,5189
6975,6542,7483,6535,8563
6547,6174,5295,5138,4971
6587,6902,6424,4883,6917
5806,5522,4354,7958,2345
3680,2242,3591,3277,2841
4824,3676,5961,4214,6340
6004,4210,3959,6148,3373
6465,5268,6517,5006,5062
6625,5449,6040,5457,6640
3405,3496,4725,2257,5915
5007,5079,4457,4285,5458
1683,3243,2440,2394,5294
6208,5140,7224,3579,5002
3942,3095,4548,3464,4392
6987,6501,7237,6194,6192
3296,6107,5407,6165,7680
4406,5337,6060,5039,5340
5642,7428,7449,7350,6788
5601,3969,4251,4432,4552
8367,4515,4318,6488,4743
7266,6528,6574,5334,6265
3410,3225,3259,4962,4077
5615,4987,5185,5657,5349
2894,3552,2837,2442,3580
3388,4221,5200,3171,6242
4709,4154,4889,4433,4420
5180,4174,4499,5282,4105
5952,7500,5266,4680,6192
3848,3849,3305,2987,4084
1803,5161,5128,5291,5766
7012,6766,7258,7656,5799
2343,3647,2832,3161,2221
4961,6788,6339,5534,7052
5344,4576,4070,6404,4447
4544,3332,5081,4183,4107
7156,8012,8012,7013,7722
3995,4217,3140,4049,6298
4249,6064,5044,6243,5197
5198,4399,5555,4056,3543
3518,3849,3533,3804,2604
4553,3848,5218,6794,4882
3562,2260,3995,4080,2992
6499,7137,4836,6546,5385
5924,4328,3533,3455,4233
6168,4272,7143,7092,6537
3889,3548,5539,3024,5600
4425,4217,3890,4929,5233
6528,6160,7376,7397,6435
4920,6697,4804,6339,3800
4664,6128,5038,4904,6918
3536,2979,4355,4449,5218
3855,6233,3846,3344,6987
4926,3140,6132,5233,4860
4312,4717,3410,4477,3249
6560,6282,6399,6485,7105
4883,6544,4421,6368,4447
5683,5013,5882,6738,6980
3782,5457,3745,6919,4641
5592,4465,4169,5240,3228
5748,6812,3617,5959,3760
4242,4995,3734,3386,2066
3487,7220,3833,6088,4331
4090,3870,5235,2884,4175
5270,3736,2344,4579,3417
5469,8439,6055,7321,7026
5801,3028,5384,4633,2718
5984,5966,6993,6830,5067
5077,3720,5166,4757,4281
5810,4935,6927,3747,5002
5079,7024,6062,4668,5292
6337,3903,7013,5467,3829
6142,6800,5991,6059,5868
7081,6392,5744,8344,4862
6372,7390,6703,7067,6198
7424,5890,6484,5885,5225
4680,2862,5876,5364,7763
1169,3796,3306,3419,3598
4067,3497,4045,3707,5297
4905,5692,7363,4107,6013
5729,5724,6256,6094,5273
6498,4549,4940,5403,6199
3800,3115,2130,3909,2148
4628,4195,4841,4247,4756
6420,5370,6647,4505,5372
3914,5583,6250,4973,5667
4192,7904,4225,5287,5731
4905,6942,3220,6137,6322
3802,2484,4933,3459,4333
5376,6804,5603,4627,6469
3597,3538,1927,2243,3798
5391,5639,3156,6087,3115
6300,5681,4319,8032,4544
3500,2269,2802,4051,2810
3464,5534,4885,6428,4985
4035,3794,3556,3383,4558
6015,5804,3880,7159,6267
5161,6873,5642,4700,7059
4141,3489,6378,3896,5761
4449,3471,6281,4311,5553
3773,4384,2619,3133,3182
3183,6033,3014,4834,3682
4613,4984,5843,4372,4285
6280,4398,3910,5430,1666
2474,2460,2473,2347,1843
3709,3243,2657,2035,2310
3862,2976,3332,3787,2370
3198,2671,2908,2422,2764
5492,3547,5172,5229,8331
6262,7670,6967,5563,4983
4940,4681,6462,5094,5143
4425,4939,3867,7274,4152
4145,4354,5801,2989,7134
5998,7284,5907,8411,5919
4661,7343,3660,5636,4614
6744,8238,6849,6967,6613
2742,4846,3949,5610,6418
1707,1694,1954,2447,1285
3748,2501,3676,4168,3233
5068,7899,5808,5584,5448
4789,4711,5415,2373,6401
4144,4513,5800,4765,3002
3402,3971,1459,4147,1711
4736,3014,5241,5780,2644
7399,7802,6609,7151,8016
6305,6503,6929,6642,4306
4755,6106,4724,5784,6774
4651,2312,3917,2477,2039
4478,4507,3897,3665,4809
3603,5646,4411,6445,6728
4329,6533,6438,5713,6795
2776,5253,5872,3444,5093
2484,4798,3542,3358,3358
2991,4323,4018,2593,2188
6746,6430,6703,5762,7938
4772,4153,2579,5025,4453
4659,4421,3944,4576,2709
4482,6037,6413,5785,6622
7401,6411,6651,6620,7059
3735,2191,3738,2680,3194
3068,2081,2843,3061,3232
6771,5348,4910,6671,5626
4804,5757,4578,5476,5159
5486,5448,5511,5271,5962
3259,5940,3297,6367,2836
5673,7158,4269,5055,4941
6521,4663,6232,3983,7769
5060,3874,6991,4381,6556
4036,4314,4683,3932,4193
2932,1976,2374,2578,2322
5399,5773,6580,4705,4915
2762,5173,3528,4940,6901
3624,4103,3504,2537,4518
6209,4886,6286,4591,6400
4632,4174,6204,2161,5782
5785,5466,7252,5676,7853
6829,4827,7232,7942,5902
3086,3458,3048,1954,2837
4353,3518,2913,4068,3259
7567,7489,7480,7881,7379
6004,4778,3420,7436,4630
4841,3089,6448,4443,4008
4975,6810,6110,4571,6746
4287,5421,4945,5190,6219
5800,2840,4755,3386,4304
4164,4975,4960,2779,6930
6594,6124,5560,7580,6900
5417,7172,3975,6181,6336
7688,4857,7188,5610,6019
2078,4757,2532,3441,3651
4973,2519,3741,3506,2653
4047,4654,4052,6124,4102
1721,6789,3082,4527,5032
7421,5107,5585,4642,5283
6738,4729,5982,4967,6840
5672,6328,8702,5895,7098
5265,5307,6018,5215,5933
2957,4292,4977,4641,6114
3250,3332,2605,2465,2511
5561,4691,3810,6844,3151
7593,7398,8194,7946,7920
5018,4299,5280,5409,4548
6481,8137,7386,6792,7445
6691,7289,7055,7368,6328
3669,3878,3444,4737,4236
4878,5002,4693,4345,7515
3292,2463,2748,2750,2368
2602,3711,3351,2433,5412
5504,4600,5954,5821,6100
4654,3460,5366,3631,5469
4053,3207,3446,4377,2714
5440,6485,5748,6730,7709
5694,6310,4925,6047,3709
4320,2947,4046,3228,5626
4631,6910,3535,3516,7285
2450,2803,5129,3348,5831
5125,5014,4870,2988,4431
5965,2285,8223,6044,5650
4341,4259,2732,4154,3513
2651,3086,3411,2032,2094
3883,2395,5898,5502,4115
7569,7501,6957,7909,7076
7210,6553,6885,7592,7362
5078,6185,4936,5775,4205
6616,5735,6097,6639,6573
5494,3145,5664,5785,5658
5262,6068,4567,4609,4592
5461,2879,5856,4288,4035
3481,3145,2401,3388,2680
4039,4003,4031,4141,3945
2507,5319,3025,4452,3368
2101,4796,2937,3127,4458
4688,3464,4670,4479,4086
5633,5096,5194,6715,5020
6978,5381,6682,5717,7826
2564,4010,5474,1696,5576
5323,5424,6068,5594,7455
4972,4438,3739,4070,6131
6461,3232,5387,4610,6608
7606,6281,6787,7103,7160
9108,7871,9131,8131,8462
7672,7935,6658,7190,7209
6653,6486,3055,7359,7435
5467,6413,5110,3159,5797
5276,5567,3751,3172,4857
6326,3446,8465,4945,4430
3596,1816,4393,4544,3150
3122,2885,3631,3074,3624
4310,4577,5324,6432,6590
5666,4641,4712,3094,5921
4764,3001,3049,4119,2303
4244,5563,4126,4396,5889
4420,4842,6006,3819,5615
5442,5603,5568,5146,5088
6112,3251,7015,1938,5985
4839,5557,4966,3722,5302
4635,6758,5895,4029,7092
4766,5773,4382,5191,5317
4261,6217,5834,6236,6147
5122,5165,8398,3410,7932
4689,6404,5375,4437,7533
6579,3971,7446,5270,8571
2397,3554,2777,1629,3848
2957,2453,4387,3322,5261
4188,1736,4830,2686,3894
5095,5393,6087,4036,3833
7113,6717,8422,6915,7563
7357,8490,7553,8003,7691
4856,4349,5155,2691,5457
6082,1895,4003,4910,4088
4820,2968,4840,3934,1621
6663,6098,6567,6563,6703
4069,4084,3795,5468,4757
6066,6717,6859,6562,7231
6863,6089,7666,6865,6364
5601,5885,5718,5389,4990
5846,5974,3071,5768,3015
6110,5391,5926,4791,6457
3078,3639,2918,4103,4961
5621,7001,7421,7017,7935
8507,2867,5967,4867,3271
3067,3498,1841,3636,3001
6505,7227,7567,6262,7472
4983,5812,4905,6157,5831
4800,3833,4779,5364,4737
5752,5546,6830,5512,3955
6295,3778,5187,4853,6349
3210,4971,2657,2185,5646
4213,4046,4957,4371,5015
4384,5170,4314,5682,4159
5692,6900,5912,7126,7458
3595,4847,2985,5172,3622
3494,3106,3242,3747,3799
2783,3843,2895,3280,2238
6500,3177,4836,5212,5511
6968,3550,5616,5562,2904
5359,4791,6597,5673,5995
4505,2934,4350,5873,5962
3789,2882,4114,3167,5167
4944,4348,4166,3573,4769
5120,6660,7190,5079,6187
5118,6039,5274,5035,5322
3598,2448,2639,2186,2400
5171,6225,6779,6586,6241
8218,8108,8027,7643,7743
4245,7060,5600,5703,7558
5518,5099,6017,5280,4690
6657,6856,5889,5409,6505
4724,5554,3523,4732,4332
6327,6978,4973,7682,7215
3329,5709,3073,3973,5473
3446,4159,4095,5020,4145
4891,3140,2983,2937,3724
4115,5822,4323,5969,4971
5079,4106,3541,5153,5008
2202,2332,3001,2716,1893
4322,5844,6614,6859,5288
8636,3011,5883,3899,3957
5289,6370,5722,6107,7001
4423,6406,3915,6532,4792
3493,4716,3564,4583,3240
2512,3922,2242,3215,2378
3816,3787,4222,1288,3660
3273,4712,4421,3513,7585
2235,4090,4703,5569,6101
2813,5189,4188,4448,4433
3825,2751,4165,3140,2669
6393,7073,6837,6916,7520
3655,5431,4445,4684,6043
7554,5246,6128,5917,4747
4998,4102,7607,5273,3780
6373,4781,4784,3737,4066
4088,2325,2750,4136,2612
5377,6615,6820,6003,5061
4296,6562,3519,4209,3261
3387,5768,3074,3567,5275
3641,3903,4946,3973,5188
3447,4126,3548,4634,3736
6097,4865,4699,5417,6236
4219,5649,9132,4382,7075
4558,903,4464,3516,4043
2989,5006,8287,2041,8294
6384,5165,5231,6239,6206
6225,5786,4520,5790,6015
7448,7671,6193,7924,6519
4331,5558,4965,5610,6997
3658,3342,3373,2664,3063
4248,4767,2858,6292,6132
6493,6020,5697,7009,4986
6960,5722,6536,4233,6490
7078,6887,6075,5034,5550
5129,6388,3144,6408,3511
5559,3005,6644,3121,5373
5949,5630,6430,5834,7267
6211,5794,5424,5330,7041
6937,3426,4485,7779,3656
5381,6157,4484,4912,6223
2690,2774,3397,3492,2686
5757,6103,6559,4522,4203
1558,4802,3062,2238,4248
5496,5621,6177,4602,4534
3145,2972,2769,4051,2817
6149,2518,3494,4290,3832
3980,5275,7077,4575,5421
5374,3600,6248,5869,4598
5297,3593,4744,4420,4624
1230,6128,3412,5877,6133
3491,7068,6506,6550,5930
4370,5985,5843,4113,3398
2684,2528,4662,3044,4697
6113,5331,7634,6209,7202
5934,4152,6100,5144,3093
4305,4083,6863,1416,7393
2995,6728,3967,5125,6472
6604,4580,5074,4815,4348
5899,7101,7336,5870,6245
3552,5499,7239,3513,5911
3525,6308,5005,5283,6804
4410,6237,3794,6532,3875
4337,4172,4048,5353,4594
5756,4647,4548,4110,6756
7724,4804,6063,7731,5084
3337,5976,3965,5894,3312
3384,3085,2850,1777,3531
4693,6088,6004,6989,5352
7212,7938,7444,6854,8323
4279,4589,2975,5080,3533
5746,5813,6919,7070,7023
6198,4546,6359,3519,5462
5374,6523,7469,6485,5946
2969,6523,2773,7129,4848
5682,2964,3778,4201,3333
4220,5520,4470,2989,3724
5451,4537,6251,6602,5668
5731,3503,6025,4269,4946
4257,6550,5550,5183,6801
3733,2828,3762,4599,4678
4554,2799,6738,2523,4474
4856,3444,5934,5925,4777
4624,7921,4987,6302,6936
5251,7890,6560,6249,7997
3051,3485,2497,2086,4885
4122,8339,5163,5130,6818
4429,3623,5741,4334,4070
4653,7698,4504,6065,6747
5567,5754,5792,7404,6952
4803,3421,7122,3434,5524
6615,3308,4473,5782,4878
3781,7036,6953,3600,6496
5251,4431,5546,4731,3186
6978,5907,7023,7282,5900
3304,5586,5938,5855,6095
2431,3113,4927,1968,4011
6155,6398,6372,7998,6449
6505,6374,7108,5149,7299
3824,3164,4763,2971,3742
3400,5268,6768,3699,6948
3233,4144,894,4795,2245
6668,7101,8438,6916,7846
4388,4028,3742,3938,2638
8565,7436,7842,8503,7470
4776,5986,3618,5796,4218
4273,2332,3222,3407,1625
5495,5831,5299,7182,6974
5219,7717,7782,6924,7633
5059,4938,7611,6136,6515
5307,3671,4672,5274,3785
4764,5457,5727,5126,6241
2683,4207,4671,2426,5411
5295,5686,7586,4019,7289
5252,5561,5164,4650,4331
6535,4257,4235,4533,6329
5650,5553,2015,4604,3842
3331,6415,4975,4298,6086
5886,3957,4967,5383,5022
2410,2316,1521,3072,1592
4279,4227,5767,6850,5916
7903,7019,6207,6378,5814
7628,8183,6685,7155,7668
2189,2380,2767,2730,2185
3463,2056,4616,2849,3454
5252,5451,7438,5101,7520
4629,5072,7682,4573,6572
4042,4359,6242,5198,5332
4901,6469,5529,4991,5866
7542,3181,4549,2701,3356
3229,2192,4354,4149,3232
6196,4444,4434,6492,5544
4984,6415,4005,5784,4804
1926,1998,1940,2153,1979
3058,4159,4454,4844,2703
3560,6434,5294,3139,5511
7306,5257,5032,7050,5097
7995,6216,6863,6952,6411
5513,4684,5297,5333,5542
6661,4472,4777,5277,3141
6287,4312,4726,5158,5132
6336,6746,5907,6587,5637
7056,7477,7749,7583,7881
4492,4805,5583,4631,6283
6978,6147,7771,6819,6863
6290,8196,6759,7120,7012
6353,7625,5907,5763,6325
6380,6046,6408,8050,6972
7843,3944,7397,5177,6429
3314,4889,3499,3865,4939
1949,2562,2300,1852,1547
4168,5183,2840,3875,3756
5632,2918,5101,4521,5010
6993,5525,6189,6535,6757
7125,6830,7481,6118,5972
4168,3555,3690,3661,2799
3463,3005,5086,3156,5432
5261,5197,4801,3690,3980
1505,1093,2134,1475,1215
7010,6435,7450,7007,4717
2741,1988,1567,2683,2531
7240,6022,7766,6251,6902
7091,6904,5250,8167,5901
3980,3437,4874,3316,4503
5170,6302,3254,7783,4484
1070,6701,4816,3963,7723
4014,5820,6346,4701,6468
3511,5206,2905,4292,2290
4100,2792,2838,3967,3232
6150,3474,3164,4961,2422
5419,4597,5165,3769,5939
3289,2794,5086,2857,3776
5580,4755,5686,3739,3605
6064,3214,5036,4340,3787
2266,2654,2856,3451,3172
5089,2577,5850,1924,5847
3024,2680,4050,1255,2867
5671,4940,3171,5552,4245
3539,4792,2578,2957,2252
4683,3367,3413,6255,3769
5788,6735,5921,7010,6349
6129,8409,7006,8160,6040
5977,7313,5627,6471,5470
3466,4694,3279,3578,4356
5630,6809,4835,5225,6068
5599,6203,6251,5579,7312
5595,6204,4724,7373,6111
7228,6485,6260,7387,5749
5547,5971,5247,5705,4363
7377,6684,6468,7707,5732
3418,5655,4937,4787,5481
8001,6824,7374,6054,7495
4524,5488,3343,5825,3778
6310,4713,4329,6729,4248
2628,5835,3821,3863,6085
7936,6594,6777,8066,6954
7382,7812,7643,7409,6365
6416,6002,5578,4328,4146
5198,5621,4233,6520,5975
4416,2600,3548,2630,1760
7045,1742,6735,3961,3380
7254,6298,7405,6181,7318
4010,3377,2473,6450,3978
5932,5914,5917,6287,5852
4090,4326,4712,3628,4187
2796,4130,2740,3650,4315
4854,6069,4825,5640,3904
5238,4039,4053,5191,1681
6102,4183,5658,4248,3424
7278,4664,8213,5795,5156
5051,4172,4010,4343,2811
6516,4409,4315,5005,4284
3130,2530,2063,2998,4035
4657,2860,5312,3655,4646
5838,3582,5301,3860,4297
8002,7023,7963,6164,7012
4219,4718,3500,3920,2622
6074,4250,4834,5614,4595
5317,4707,3584,5872,4763
7299,5952,7036,7154,6112
6529,3960,2994,6215,6000
6949,4042,4604,4503,3119
3140,4121,4088,4786,3708
6322,6507,5872,5505,6860
2721,2713,2449,2568,1882
5513,3717,5814,4691,5177
5222,3908,6087,2921,4271
1500,1993,3566,2793,3457
5921,6033,5055,3565,7334
8814,9133,8633,8689,9264
7866,7763,7447,7535,7325
4538,4232,2766,6910,1863
7136,5620,7654,6463,6236
5373,3563,5170,5894,3844
7094,5174,7952,5855,5398
4449,3506,5181,4172,5949
3127,6292,2612,5294,3044
3516,2462,3251,3143,4591
6029,7240,5701,5662,7008
5765,4783,5208,4026,5311
6165,7909,5998,7672,6439
7247,7548,7060,6790,5828
2409,4704,4098,4881,4337
2989,4968,5168,3953,7276
6118,5060,5649,5563,4589
7695,5342,5633,4379,5116
2756,4103,3561,3004,2155
6395,5910,7422,5864,6795
5976,5577,3018,5214,3781
2668,5030,4961,4633,5357
7309,6096,4674,6946,3513
6358,4833,5757,5308,5006
2049,2284,2430,1763,2205
6847,8296,7125,6463,7924
5252,5131,5182,5605,5127
6143,5890,6128,5285,4374
3070,5480,2558,3315,3952
4095,3022,2959,4378,2843
4504,5253,1113,3980,6861
6496,6601,6519,8303,6501
4135,4702,4812,5493,5635
5258,5764,3473,7208,5592
3230,3142,3402,3233,2312
5993,6590,6521,6743,6053
5075,3283,2855,4512,1971
3305,4958,4326,3600,4117
5512,5082,6153,6016,4302
5297,4621,3025,5415,2650
5720,5008,6295,5613,5528
2410,4711,3752,3670,4958
4716,7051,5647,6852,7186
7546,6906,8837,6016,8837
6639,6566,6517,7454,6329
7034,5341,4939,7764,5002
5326,6615,4737,4961,8016
6693,6551,7091,5915,6949
3086,4381,3811,2969,4894
6494,4197,6374,3869,5605
6917,7666,5410,5279,6090
3599,2046,3642,2724,2302
5314,7047,6480,6303,5752
5305,4360,5283,5537,4260
1906,3360,4040,1808,4265
3916,1605,4991,3508,3210
7610,6105,5260,6406,7029
3968,4826,2149,5561,5865
4551,5785,6300,5765,5221
7516,7374,6568,8266,7735
3148,6415,2646,3400,6265
7800,6973,7283,7585,7615
6452,3380,4065,7206,3568
5118,4341,4851,4907,5041
4278,4731,4783,6473,4981
5192,5484,6850,3230,5155
5660,5904,5734,2990,5613
6888,5866,5846,7151,5423
4132,3984,5250,5242,4703
2623,5805,6656,3794,5661
7095,8563,7754,7679,6572
4413,3572,3707,3353,3347
7803,6753,5365,7357,5576
4247,4522,3034,5683,5452
5201,5261,3461,3308,3593
7188,5954,5803,5837,6149
7067,6881,8261,7057,5727
8227,4464,6757,7150,5295
4283,5242,5443,3317,5171
5675,7423,4414,7561,6895
3547,3998,2418,4509,1899
3928,5286,6174,5101,6520
8373,7087,8734,7884,6587
4000,2867,2328,2218,2304
5918,5171,4913,6335,4853
6591,4977,4078,4106,4332
5513,8097,2749,6042,4787
4973,5212,2593,6049,4715
2793,4401,2866,3353,2608
3092,4018,1433,3889,4270
4103,4856,5060,3921,5427
2322,3579,1985,2869,2930
3570,3263,3132,2801,2068
2389,2540,2202,3668,2069
3297,1187,3622,2179,3348
3682,5923,3633,4978,3835
4953,4353,3432,3436,4298
2927,2008,1443,2240,1427
5219,4573,5731,4459,6130
4879,6720,5770,5769,6208
4993,2651,4815,5146,4233
2449,3788,2302,3049,3359
2416,3604,4557,4326,5319
4046,4186,3494,5223,3880
4874,6665,3820,5252,4897
3790,4759,5565,4449,3515
2374,3223,2972,2493,3636
2956,3611,1481,3447,3337
6055,2839,8510,3750,3738
7049,6068,6596,4836,6817
2067,5430,2645,3653,2836
4830,5337,5404,4142,5040
6639,6251,6286,5719,7149
5442,6832,5032,7032,5943
5574,5986,4748,6009,5308
5652,6179,7555,6109,7014
5874,7294,7244,6429,7721
6212,7334,6017,7224,6533
3783,3063,3567,4525,3630
4983,6919,3171,4701,5418
5375,4639,7047,5780,2609
5134,2517,3886,3220,2885
4414,3570,4719,3545,3235
1709,4265,2528,3775,3873
5573,4912,5499,3715,5137
6988,6897,6445,6961,6489
7013,6934,4550,4040,5455
3472,3344,3575,3933,3546
5947,7263,5615,6763,5930
6673,4803,5433,5527,4627
4935,6135,5066,6255,6861
4496,4011,4716,4520,4028
3572,3813,2451,5308,2476
3331,4431,1946,3071,2890
6583,6057,7038,5605,7174
4227,3139,2601,2245,3514
6100,6288,5035,7227,6069
2464,5196,2810,2513,3431
4903,4998,4365,5094,3764
6138,6162,4836,8087,4474
5284,4398,3956,2776,4051
6911,7253,6451,7552,8022
4209,3356,4339,3193,5139
5210,4254,2989,4442,3583
3168,3679,3967,2572,4807
5386,1056,6683,2071,2748
5727,3217,5515,4368,5780
7463,7640,7304,8497,7855
3618,6044,3243,4363,4608
4417,4703,2435,7028,3871
5805,6755,5649,5444,6891
3172,3479,3521,4561,2632
5314,6642,6097,5755,6766
3260,3338,3889,2485,6325
5279,4848,6863,6111,5233
4814,3593,5324,4518,2645
1763,4927,2374,4344,4275
4182,6093,3308,4543,5182
4664,3403,3595,4981,3190
1789,4072,5164,3267,5276
8590,3979,6425,4748,4773
4005,6001,5596,5170,6734
5743,6750,4265,6181,6097
6275,3678,7355,2751,7336
1577,3606,3647,2372,3016
5026,5653,4486,4670,6291
5264,4399,4779,4629,4561
4290,2079,2549,4264,2501
5709,7215,8065,6227,6299
5240,3569,3186,4579,5944
3536,2645,3003,2849,2407
4714,4088,4271,3620,4750
2935,3480,3783,4448,4488
5867,6122,6980,6843,5745
4601,4598,2062,4480,2976
2867,3505,4153,3119,4022
5296,6942,6537,7091,6828
6223,4896,4519,7254,4615
6433,5915,7005,7265,6658
7016,4404,6253,4924,5995
5968,3770,5457,4365,4002
4784,4771,2592,5972,2149
5207,6984,4368,4649,5399
4238,4555,3960,6386,5943
4598,6161,5401,4228,6698
3358,4935,2000,4763,2453
3332,5871,5090,6360,4135
4876,6831,3914,4932,6063
2361,5049,2236,4495,3087
5280,4667,4789,4133,4376
3398,5442,4827,4373,7316
711,3271,2776,3116,4390
1700,4616,3088,2481,4181
5795,4511,5689,5418,4383
5267,1572,5801,5156,2983
7772,4075,7414,5948,6936
5827,4799,7269,3005,5989
6698,7098,7763,6361,7560
2043,4356,5453,3455,3837
6178,5314,5402,7326,5762
6981,7156,7929,6638,7085
4411,5252,4001,4582,5732
6489,6098,6777,5631,6172
6315,6465,5140,5963,5373
8602,8246,8104,7786,8073
6209,4281,3766,3163,3111
2371,4246,3549,3840,3833
6564,6057,5904,5276,7037
4796,2263,4245,5435,2341
4298,4873,6440,4712,4682
5911,3451,5097,3699,4373
3146,3344,3251,3885,4308
4965,7457,5208,4641,3451
6775,6452,6462,6019,5250
3217,4550,4009,4689,7540
4346,7256,4609,3115,4826
6090,6330,5779,5443,6954
4172,5802,1814,5584,2860
4599,1881,4101,1238,4633
3148,2338,2198,2702,2203
6480,3517,6241,3905,3596
5813,5649,3276,4950,2203
6699,5951,5274,6108,7215
6276,6242,3798,5701,4507
5836,6607,5676,5316,7635
5385,4847,6908,4779,4215
3996,6294,6878,6841,6870
7125,6763,7336,6850,6742
4487,4276,3648,5192,5424
8666,3352,5038,3895,3644
5992,4978,5265,3998,5418
5857,5796,4258,5805,3176
7868,5567,7788,5299,6194
6465,7547,6995,7189,6895
2482,5032,3743,4180,4180
3757,1951,3119,3117,2968
4641,5609,7016,5410,4472
5651,4330,2087,5397,3463
3688,4461,3895,3677,3880
3069,4956,4432,5331,5264
4523,3203,4854,3652,4403
3645,5467,4057,3132,6008
1688,1934,1306,2006,1799
6700,6222,6123,6240,4797
3279,5251,4161,4245,3988
3094,3447,2954,3236,3275
5654,6533,7213,6859,8610
5871,1493,4167,4929,5162
1830,7313,2563,5138,6504
4618,6750,3116,6091,3501
3621,5262,2960,3744,3683
4627,3298,4145,3321,5396
4184,4661,3540,4131,3161
8249,7935,8648,8322,8166
5189,4381,6057,4903,2885
5995,7231,6794,7262,6766
4595,4669,3911,4634,4361
4136,4812,4817,6451,4784
6434,6157,5193,7208,5678
5290,3347,4361,5127,5228
3315,4315,5636,4346,4164
2756,3787,3822,3149,3169
2181,6046,2222,4200,5288
6895,6576,6401,6266,5775
6195,4474,3694,2618,4566
5251,5305,6254,6046,6338
3295,5099,5194,4021,5983
7835,7175,7243,7809,7087
6999,7224,7188,6466,7524
8199,5833,7390,7955,7314
6592,1956,5620,3918,4356
3304,5494,3399,4421,4107
4238,3685,4915,4412,4655
4579,4895,2985,4043,4011
2964,2813,1821,2402,3332
7003,6594,8188,6985,7196
5536,5885,5826,5753,4602
5321,5695,5783,3595,6948
4649,3477,4613,4484,4467
6322,7654,7295,5453,5934
6831,4425,5889,5124,5485
7677,4066,6178,6242,2291
3940,3715,1906,3349,3831
6550,4695,7675,3982,5411
4122,3793,3025,3256,4971
2437,8015,4259,5057,6348
6666,6828,7262,6249,6588
4314,5861,4844,4751,2520
6688,6348,6229,6908,6632
3768,8211,4379,3753,5156
3674,1274,3845,2043,2733
4259,2476,3822,1836,2898
3827,5540,4016,4543,4551
3313,4985,4423,4075,6391
5850,2473,5178,6517,3298
5912,6698,5233,6282,6009
3514,3853,6128,2617,5415
7505,5001,7157,7645,5124
6976,8250,5493,7005,7152
4148,4061,2932,5978,3201
4948,4874,5247,4877,5957
4226,6280,2460,4923,2147
6497,6058,6450,6420,5733
6002,7065,6433,6559,8195
5800,5446,5283,4771,5627
3410,2575,4203,2764,3612
6120,5354,5556,5550,4140
6879,3032,4625,3671,5695
5324,5869,2653,5826,3043
5845,4270,4773,5930,5648
4723,5525,5608,6586,7124
7004,5134,6168,5708,6387
3269,3978,2790,2999,2554
6684,4730,5638,5429,6706
3584,5512,5838,5097,8309
4369,3071,4776,3854,4077
3348,6686,3989,6761,6429
4289,3663,3974,2981,4296
6175,6524,2936,4737,5704
6861,4581,5430,4359,1850
5983,5970,3035,7518,5854
5271,6657,5234,7698,5511
6629,6791,7514,6500,7792
4622,5711,5932,5687,5054
6370,5203,5553,5122,2599
3904,3126,3272,3291,3332
5444,4823,5161,4284,7980
6824,7943,7317,7967,7115
5621,4910,3905,4545,3440
3611,5423,4433,4453,4256
5843,2629,5697,2843,3810
3925,3806,1293,5041,2403
3446,3040,5096,3967,2704
7100,3916,5806,4518,6408
7150,7981,7270,6067,8251
5680,5044,6693,4465,6304
6660,4789,4911,4846,3554
3695,3559,2638,3978,2783
3096,2106,3301,1740,3414
5436,5890,7394,6894,7181
7060,4655,7927,4450,7909
4872,2854,3710,2980,3639
6277,5337,5059,4316,3862
6762,4687,8111,5337,6112
4345,4789,3677,6048,6213
4740,4629,4171,3376,4001
6519,6844,7653,5865,6434
4186,4170,4049,4284,3983
3100,4107,3508,3791,4351
4723,4116,5796,4360,7517
3696,6656,5110,4740,8152
8062,5386,5803,7271,4760
6000,3860,6504,4936,5236
4728,7393,6159,5438,5736
3195,1535,3169,3524,1280
4803,7157,7508,5323,6206
3806,3899,4371,3694,7089
4822,7831,3188,7117,3776
5756,5109,5275,5311,5298
3528,3369,4166,3393,3945
7794,6933,5245,5842,4614
6648,5858,6639,5778,6886
6081,4308,5149,6260,5919
1368,1902,2089,1217,2405
2425,3929,3508,3398,5627
7072,7597,7001,6811,7054
3766,4684,2564,3959,2431
4958,6565,5853,4710,7823
3489,4867,4228,2392,6396
3263,4710,2303,5058,3948
6916,8242,6205,7375,8449
7344,6230,6577,6327,4383
4660,2109,4698,2504,3406
5970,4314,3124,3080,3897
1913,2443,2130,2397,2428
4911,4399,5903,4792,5094
5369,6287,5598,4848,5547
4677,3774,4787,6125,2506
1542,1964,1792,1669,1488
7469,5069,6903,5322,6621
3779,5052,3866,3990,6161
3605,3796,1632,4181,3566
4477,6513,3575,5064,6482
6022,6086,7034,5100,5567
3262,7717,5090,6551,6855
3618,3955,3052,3367,4315
5706,6664,7528,4933,7195
5001,5251,4792,5591,4687
4772,4974,3923,3902,5025
2416,4340,5377,4695,3840
6043,5230,4870,3779,4483
4993,6822,4381,4919,5494
7670,4929,4969,3497,4607
4443,4379,4200,4013,2821
4621,2701,4756,3461,4597
4162,3541,5013,3405,3978
5324,3998,5095,4700,3004
2011,3841,2852,5128,3860
5863,5835,6945,4998,5456
5455,8103,4934,5217,5961
3400,4191,4486,4059,4450
6022,8425,5601,6058,7075
7213,4192,5345,6073,2665
6474,6595,1660,6738,4294
5418,5226,5614,5441,4798
6874,5870,4325,7389,5471
4247,3670,6565,6144,5870
4080,2797,4778,3822,3332
5575,2608,5836,4027,4035
1375,2858,1544,1694,2820
6525,6255,7771,6240,6316
3430,4532,2086,4480,3729
3576,3924,3777,4863,2946
3304,5016,3285,3185,4562
3672,3389,4966,3351,3691
3481,5065,3653,6105,2571
4194,3978,4623,2860,5271
6569,4848,4585,4010,5218
8330,7970,6582,8523,7612
6520,5278,4544,5131,6220
5949,5385,4357,6406,4118
4150,7693,4510,5498,5708
3104,4779,4462,5646,4477
4672,3976,5246,4992,5373
3368,3243,4223,3519,5130
6246,3866,5714,3460,3303
7507,6985,7431,7622,7248
8171,7073,7766,7499,7475
2999,4110,4929,3753,5320
6851,2059,5523,4293,4818
6227,6245,6372,4907,4414
7085,8386,7607,7938,8573
5622,4990,4070,5330,2974
9781,3763,6492,3007,4823
6015,5400,4915,3591,5185
6556,8347,6712,6572,5853
8181,8298,8456,8209,8336
3525,4825,4610,3246,4780
7235,6905,6890,7778,5507
5795,2892,5175,5124,3865
5914,6968,4951,7325,6816
6605,6032,6257,6042,7205
4162,4838,4972,5378,5105
5493,6310,6231,7097,5118
7116,7550,6389,6073,5402
7362,4492,8331,4951,5765
3114,2645,3612,2061,2979
4468,5786,5044,5266,6223
3569,3914,2160,3467,3824
6139,6834,6336,4944,7677
5065,5884,5955,5070,6469
4854,5537,4902,5754,5817
3461,2384,3589,1928,3399
4332,3938,3195,3770,5441
4270,3820,3546,3842,3393
5320,3258,4305,5997,2889
4422,4881,7741,4515,5053
4861,4100,5125,5555,6358
3169,3452,2972,2815,2854
4780,4978,5174,3511,5408
6714,6987,6288,7102,5711
4188,3648,3912,4306,3134
4482,4767,7550,5224,5948
2856,3900,3712,2535,4470
3514,4625,5395,6453,6183
3934,5166,5435,4556,5167
5649,2602,3456,6351,3015
4253,2351,2801,3668,3679
6206,6120,5981,6103,5439
4399,4640,4475,3809,3768
7633,5126,5887,7333,6603
8330,5651,6564,7012,6125
3825,5035,5254,4560,5275
3364,3017,6639,4740,4687
6319,5162,6247,5381,5479
4429,6180,1947,7594,4499
3599,5149,4499,3980,5419
6498,6898,6360,6486,7374
7145,6397,6909,7199,5824
3458,4911,3149,5286,2316
6222,6045,5699,6087,5603
7724,8275,7974,7909,8838
4367,6650,5913,6590,7138
2165,3623,4049,3739,3752
5299,2376,4494,5157,2968
7408,5539,6708,6587,6958
3456,5453,4597,4706,3913
3599,3016,2710,2696,4437
4936,3896,4381,5359,3693
5102,3176,4038,5333,5059
4074,5886,4189,3016,5052
3910,3099,4512,3620,3982
6933,6823,7065,6902,7865
6832,5926,6204,5856,4910
5068,4893,6354,4874,5544
5919,7182,5984,6776,6402
4884,3221,4240,3238,3987
4219,2664,3865,2603,3493
1622,2916,2524,2486,3031
5406,6278,6315,5608,6600
4278,4462,4236,4750,4046
5528,4481,4094,4623,4727
4554,6310,6580,4066,8177
6549,5393,4881,5352,6175
3138,4197,5088,2770,6062
2448,5796,4305,2867,7089
8207,7731,8211,7971,7699
2646,6264,4823,4059,6793
5290,3393,6328,4568,3983
5403,3532,6730,5784,3716
7611,7051,5235,6283,6958
5441,3161,7943,2626,6251
4220,2701,3551,4035,2107
3279,4111,2357,2130,3370
6030,4409,4081,4402,5648
8071,8639,8376,8113,8499
6433,5755,6805,4774,4178
4792,5007,2364,4741,2380
4132,4052,3751,4620,4990
6003,5766,6470,5949,3889
5245,6961,2320,6321,5359
2778,2591,4236,3355,4482
5588,4027,5250,4955,3612
3169,4954,3941,3570,5717
2786,4286,4014,4075,6469
5259,5243,6020,5480,5170
5640,5386,3700,3710,2459
1934,6895,4725,5318,5307
7491,7964,7191,8427,6185
7305,5282,4404,5772,4343
5245,1880,3392,2302,2706
6925,4267,6562,4001,3604
7126,9036,7727,7359,8356
3610,4011,3382,4528,3653
7008,7175,6931,6489,5688
4803,3214,5570,4396,2109
4434,7587,3486,5991,6328
4278,4271,3724,6405,5165
4654,4118,4486,2940,5049
5570,6126,6571,3580,6059
4719,4109,6712,5575,5374
2890,3416,3541,2789,3636
7508,7179,6241,7815,6888
3937,2315,3165,2856,2605
4136,4283,2876,4644,3264
5651,2951,6018,6295,4568
3743,4708,4815,4348,3329
1990,4004,3838,2370,4491
2253,3665,4820,3417,3360
6148,5575,4680,6122,4865
4448,3366,5103,2382,3540
2070,4850,2341,2454,3499
8601,7912,8166,8380,7915
5702,4021,7768,5640,6676
7134,6215,5925,4856,4315
2959,6190,4595,6200,5986
4692,4166,4623,2671,2882
3272,3579,4277,2652,3090
3798,4307,2740,3536,2720
5662,3929,6012,3555,6201
5254,7619,5556,6795,6729
3393,5172,4697,5743,4634
6038,7054,5910,7420,6647
5699,5561,3997,7262,4730
5693,4598,4434,3675,4346
2991,2836,4317,3357,3776
7409,5657,6979,5718,7028
6405,3345,5643,4826,4673
4440,5069,4616,5121,3749
4689,6948,2150,5342,3939
1861,4401,3360,3734,2965
3821,5447,5963,3818,7589
5451,4143,4295,2813,3276
4254,4719,5197,4081,3318
6345,3292,3749,2192,4464
5202,6340,5664,6362,5011
6673,5405,7208,5285,6115
5767,7458,5554,5913,5696
6678,4571,6627,4883,3752
4072,4904,4483,2725,7111
6593,6173,5965,6772,6156
5021,4208,4262,6122,4433
4733,5263,5262,6861,4285
6690,5424,5593,6026,5402
5836,4533,4472,6052,6762
2566,4402,4763,6184,6366
4433,5123,5384,6084,4632
3523,4477,2255,5261,2730
7768,7201,7655,7865,6675
3503,6020,5364,2555,6512
3044,3514,3133,3073,2988
4686,5081,4797,5808,6095
3362,3018,2321,4285,2415
7121,4440,8263,4222,5920
6030,7756,6619,6287,7217
2195,5104,4058,3050,6172
4209,5541,4706,4365,3346
8850,5086,6532,5936,4744
4605,5642,2880,4973,6047
6385,3947,5447,5838,3018
4996,3958,4024,3637,3563
5713,3194,2154,4002,4415
3719,6993,536,6581,4917
5584,6230,6221,4610,5559
3976,4122,4050,2792,4703
3373,2438,4093,2458,2658
4986,2566,3260,3953,2405
3618,5009,4711,2954,3414
4224,5146,2498,5030,6467
6724,6390,6494,6386,4914
5100,4370,3234,5405,5487
2166,4852,3963,3874,4957
6466,7573,5909,5995,5150
4252,3888,4681,5364,3934
1789,2794,4268,2358,3765
5839,6007,3184,5458,5595
4938,3711,6157,2000,6900
3911,4981,2267,4886,3270
4388,6801,4816,5284,4575
5949,2653,4384,5331,4582
6809,5762,5476,5787,6322
4136,3669,6191,4626,4031
4737,6847,5276,7205,6118
6530,6902,5121,7697,6138
3227,4533,3187,4392,2297
5934,7520,7137,6540,8238
3660,5507,4704,3701,5876
5364,6396,4164,8019,4811
5217,4970,6462,3720,5251
6109,1759,4638,3880,2740
5461,6562,6252,6037,6735
6443,5284,6253,6583,6308
2756,1946,2825,2659,2631
7552,5080,7298,5986,5513
5282,4361,5944,4521,4555
5061,2905,5465,5430,6331
6470,3268,5557,3453,3506
4500,6441,5039,5504,3496
3816,2742,4901,5597,4590
7217,7917,7073,6513,7685
3217,2464,2401,2956,2173
5717,6478,3672,5865,6353
2623,5769,6366,5556,5854
3092,4060,3717,3069,3264
615,1200,1232,750,944
3188,3544,1900,3815,2503
4772,3925,4391,5305,5870
6124,5506,6101,5748,3671
6102,5701,4951,4663,7235
6030,5216,5168,6724,5310
5151,5656,4142,7894,4483
6709,5553,6305,5678,3810
3342,4953,2383,6165,4639
3752,3753,5979,1790,5839
2523,4082,3245,3308,2696
6227,6584,5727,7479,5364
4564,4066,6367,2634,4408
3474,2344,3567,4270,2714
4080,5283,5483,4004,6074
5438,7336,5416,6197,5172
4313,6403,4635,6274,6587
5085,6008,3589,5147,5395
8577,7272,7500,8013,7261
3376,4059,5238,5502,4117
5633,6821,6543,6773,5379
4263,4000,2563,5589,1482
8140,8454,8903,8589,8923
5797,5022,3262,4818,5825
7306,9028,6569,6631,7310
7988,8909,8322,8318,8750
5206,3033,3183,5251,2338
6814,7626,7253,7820,6629
4729,5365,6154,7006,6915
6650,4791,7123,6899,5348
3834,6259,5302,2957,5623
4753,5508,6580,2430,5046
3160,2984,3481,2871,2984
7728,6116,6501,7541,6177
4307,3295,3591,2989,4373
7375,7273,7382,7001,7866
4012,3083,4219,2740,5144
3132,5210,3854,4828,4879
6023,3419,4269,5745,3404
2921,3444,3467,2362,3896
7120,5301,6618,6322,5211
5474,5462,8009,5451,7307
3859,2819,4884,5414,4335
7219,7889,8634,7158,8450
5713,6494,6416,6554,5969
3920,5421,3812,3000,4195
7532,6499,7133,7418,7683
7722,6081,7220,7563,6903
4198,4056,3187,3534,3356
4081,3956,2253,3781,3085
5308,4512,4767,6463,6682
4375,4442,5782,2508,4980
5398,5626,5321,5615,4098
5002,4811,5491,5045,4660
8060,8112,8653,8179,8105
5068,4191,5268,6050,3270
3099,4113,5000,4011,4072
1852,2018,2254,2421,2075
6015,6625,4120,6923,6680
7011,6443,7566,5920,7807
7255,7703,6891,7856,6785
6155,4183,4445,4581,4120
6014,6906,5891,6291,6483
2241,3486,4035,2304,3391
3582,4589,3206,4586,5877
5949,5947,6340,5519,5842
7748,4577,8251,6350,6481
3633,6861,6197,4448,6186
2279,1756,2903,2040,1489
4278,5733,4237,4653,5360
3321,2108,3695,3425,2992
3602,5924,4159,3762,4527
4997,4532,4415,4632,4126
8080,4090,5507,6665,4074
5618,3284,4722,4731,6632
8048,6883,6297,7054,6212
3254,3867,2993,2858,3219
4363,4843,7555,4412,7144
3802,4828,3341,4363,5155
4790,4054,3198,3949,3389
6187,7124,7590,6150,7148
6162,3702,6494,4870,4203
2239,3250,3026,2125,3394
4059,5588,4124,4589,4704
5806,2438,4678,6721,4418
5376,3609,4634,3603,3284
6734,7173,6320,6102,6473
5604,4944,6337,3999,6188
6369,4410,4898,6161,3554
4979,2973,4104,3453,1370
3375,5301,3695,4514,4165
6336,4115,4490,4003,5911
5257,2217,4779,3960,3851
2012,1951,1961,2309,2005
3624,2552,1716,4418,2897
2481,2689,1566,2412,3249
5198,3149,6127,5162,4999
3237,3646,3803,4429,2417
3206,4222,5543,4604,4732
8902,8866,8933,8814,8346
7615,6950,8193,7282,7747
3856,1871,5338,2534,3169
7056,6170,7906,5626,7878
3952,6625,3817,6160,5632
5409,4428,4921,4554,5060
3115,3556,2180,3816,2322
6557,6219,6612,6758,5841
3874,2195,2236,4167,3628
4844,2585,3520,4745,2592
4977,5861,4547,5496,6097
3359,6518,5638,4643,4862
5016,4659,5192,5569,5113
6663,6310,6518,6602,6849
4432,2669,3513,3429,2779
2785,5815,5457,4783,4230
4670,6478,4873,4179,3597
1920,2656,2506,3300,2999
5429,3523,2330,5006,3535
8442,7734,7265,7845,6371
1612,5306,3548,4183,5728
7086,5742,6580,6621,6415
8380,7589,7157,8010,7846
7143,4259,4114,5776,3969
7540,5867,7435,6921,5037
3292,4015,4909,4217,3359
2435,1433,2878,1413,3088
4508,6320,4941,5501,5998
3868,3812,6326,2676,4302
4847,7281,4448,6158,5602
3635,5459,5820,3356,4365
2158,6330,3078,4616,4815
3078,4008,3904,5043,5674
4712,3616,4440,2521,3843
7306,2818,6326,1107,7562
5742,5604,5095,6909,5003
7316,6603,6036,7675,5228
4109,3467,4076,2860,6416
6010,4487,6421,7328,6211
1680,2175,1277,2753,2129
2465,3496,5761,2417,5528
7698,6650,6909,7188,5020
3753,2861,4627,2353,4366
2554,3186,1789,4115,2553
6580,5879,6351,6290,7565
5346,6572,7321,6287,8128
5136,5459,3803,5721,6046
4981,5727,4795,5176,5935
5674,6411,4992,5385,5690
1233,2195,1452,2241,1848
4753,2555,3730,5484,3303
5274,5474,3182,4010,3285
4685,3363,6508,916,6063
5891,5203,6902,5014,5873
6271,5824,7534,5497,6731
4108,2572,3348,3803,4210
2535,2758,2258,2587,2717
4529,4822,4533,5610,6605
2796,5525,3642,3946,4810
3807,7412,5051,5187,3744
3835,4375,3170,3958,2832
4258,4588,2774,2465,2212
3453,4987,6056,3652,6071
8010,7216,7426,8443,7758
7317,4831,7200,6232,6341
6354,5367,6459,7007,5537
1423,4586,5425,3689,5188
4777,5306,2333,6572,3661
6675,6187,6161,6653,7262
3980,1884,3327,2248,2373
4262,5264,3874,4711,3119
4075,6648,4548,7825,7465
4068,6833,6057,6990,1959
3369,2994,5719,1598,3672
4867,4624,5228,1759,6110
5729,5603,5535,6336,4282
6353,5396,5105,6522,4356
6216,4370,4246,3885,4409
3103,2251,4513,3338,3188
4699,7793,6404,6181,5839
2259,5346,3955,5027,2608
2440,1750,4887,2293,4353
3966,5190,5643,5429,5745
6776,4361,4843,4308,4798
4888,3011,4149,3994,3891
3947,2097,4111,3664,2939
6904,5071,4379,5143,5495
1935,4669,2766,4389,4744
4480,3906,5983,6217,5779
6071,3549,7534,4808,6476
6501,7116,5463,6491,6616
5212,5459,6640,5054,7049
4307,4008,3495,5675,4193
6129,5881,5516,5892,6626
5959,4342,5912,4919,5338
3599,3714,2449,3589,3469
6304,6065,5984,7111,3060
5847,6720,5931,7881,7006
2849,3576,3915,3733,3344
5002,2697,3631,4230,3833
5651,5883,7217,6363,6516
5655,4797,5786,5435,6069
2320,2566,2745,2638,3352
7805,5811,5167,5616,5120
6159,4310,3428,5472,5140
5559,4869,6256,5459,6591
5156,5752,4033,6043,3795
5872,6436,5347,6546,5048
2960,5235,4180,4411,5533
7080,6453,6970,6043,6165
3839,4755,4112,3123,3284
3685,5149,3612,4194,3893
4611,6269,2968,4871,4079
3725,4887,2871,4423,4129
5027,5679,5276,2971,4973
4549,2909,6260,4470,3689
4892,4430,3755,4141,6019
3089,5178,6100,4826,4170
6947,3532,5933,4752,5919
5271,6376,2939,4227,4259
3102,3438,2238,3643,3997
4962,6026,2756,6169,4094
3896,4066,2867,2935,5122
5113,5722,5451,7104,5760
5869,1701,3688,4811,3223
5380,3961,4081,5644,4440
4932,5826,8366,5868,4424
6641,3149,7575,4332,4724
2686,2233,3957,1699,2559
3913,6187,6530,4101,5115
4882,4847,3369,4311,5178
1936,4148,2794,3359,2871
5238,4013,3362,2636,4725
6020,5611,4259,5337,4237
3208,7595,5753,4332,7639
5646,5392,4862,1616,4538
3698,7233,5052,4157,6016
2493,2954,3768,2980,3617
6369,4616,6987,4414,5346
6086,6497,6490,5631,6298
6424,7066,6396,6756,5767
5303,4444,5315,4712,5040
5261,6315,6601,3331,6706
6199,8768,6690,5617,6607
4194,3169,5130,5838,5677
4744,5489,5282,7657,5501
4088,3187,3266,4242,3592
5540,4774,2860,4590,2890
5187,4153,5839,5531,4853
4931,5937,3369,5655,4692
5682,8024,7414,6193,7443
6010,7700,6093,7076,6700
5411,6610,6997,3929,7290
8353,5374,5586,5540,4572
5030,4669,4704,4022,4261
5126,3931,3397,3740,3715
7513,7611,7805,7189,7161
3751,4951,3369,2942,2161
4256,3036,3870,3753,2583
5472,6658,7109,5371,6729
4060,5295,4164,4923,5496
5410,6794,5888,5127,4208
8797,4576,5714,5402,5091
3110,3543,1719,3321,2904
2934,5890,4720,3406,6392
3986,5254,3181,5190,2953
4202,2657,4365,3978,5433
6504,6788,5337,7119,5391
4221,3014,3160,2637,4047
6812,4110,5431,5778,4375
5796,4604,5122,3652,4763
6897,5224,5540,6087,5615
2688,2316,2729,4043,3185
5240,4093,5023,4168,4851
6979,6370,6951,7031,6735
4631,6781,4110,6207,3522
2977,2961,2723,5072,3222
4788,5084,5176,3565,3884
4502,5817,5683,5083,4727
6720,5603,5607,4541,6483
5034,6677,6057,5116,6591
7287,6406,8208,7943,6846
5171,4608,4729,3910,3710
6909,8266,6588,7554,5793
5078,6255,4641,6101,4789
4949,4412,5056,4146,4675
4632,4588,4361,5565,5661
6769,5639,6242,4318,6368
2646,2108,2516,2851,3350
4655,2911,3796,2811,2601
4918,5630,4638,6077,5885
6513,7253,6351,7009,6574
5219,4851,5477,4849,4535
4177,5956,5721,6242,7568
3809,2966,4673,3636,4171
2819,3308,4807,3626,4584
5331,3205,6466,2672,3910
2970,4184,5869,5111,5009
4283,6249,4788,6332,4570
7103,6738,8390,5767,7650
5476,6726,6886,6053,7746
5832,6204,5697,5643,5841
5295,7376,5827,5672,6598
4004,7454,3498,3055,5491
7718,5978,6592,7696,7122
6601,4618,6920,7212,3452
2558,2743,2561,2353,2964
2830,3363,3047,4254,2553
6649,5326,6276,5912,4705
6809,4487,4415,5622,4350
4030,6308,5383,5311,4888
2802,2976,3067,2529,4784
2528,3946,4045,2789,4398
7568,6417,6606,6975,5845
8438,7579,7394,7640,6840
6214,3299,5702,5869,1962
3867,7275,4913,3459,6020
5621,7092,6991,6200,7573
7449,4603,5573,6157,2433
5655,4851,3120,5864,3215
7824,6049,6591,6721,6310
4935,6514,5109,6014,6889
3720,3204,4362,4374,4029
5385,5596,7093,5529,5523
3850,1921,3931,3122,2515
5447,6568,5616,7682,6293
4898,4131,4958,4575,4268
4433,5282,5950,5985,6251
5901,6849,6918,6522,6577
3612,3000,3724,3351,2767
4575,5730,3813,4592,4562
5342,3646,4291,4448,2108
6153,4620,6508,6719,3657
5857,4128,4261,3355,4135
4278,5644,5435,5848,6758
6733,6340,7238,6785,5385
6179,5670,7963,4601,7866
3416,2187,2645,4083,1819
3098,3360,4837,2915,3953
6416,6217,5207,4692,4711
3725,4540,6251,2043,5865
6270,6290,8039,6256,6574
3650,4450,4337,3644,3238
4636,6033,3702,5849,4204
6037,5952,6333,7278,3214
8570,5472,7601,7127,4887
2832,4932,3806,3995,5688
4414,4606,4501,4037,5921
3132,4694,5233,4150,6945
6584,6400,4934,7937,4832
2606,4228,4151,3810,4840
4003,2720,3757,2829,2706
4286,4357,4264,5264,4083
2070,4901,3377,3762,4229
5055,6226,5699,4078,4148
4071,4034,4183,4527,6558
4249,4393,4913,5374,5561
6282,4711,4317,5587,4002
3448,5878,4448,4164,6816
7590,6480,5925,6648,5440
6445,5440,5770,6615,5327
3564,4347,5852,3986,5255
4885,5134,4756,6476,4748
5816,4154,3145,5219,3131
2621,1923,3222,1800,2999
6439,3931,6594,4926,5533
5308,3865,6187,6816,5554
8027,3706,4707,6327,6236
4902,7266,5727,5035,4948
5488,2349,8032,4480,4889
3589,3918,2658,3347,4556
7017,7812,7534,7897,8008
3352,3505,3543,4197,3894
4271,5624,2164,2949,3696
3872,6537,5599,6544,4636
6796,3737,3764,6468,2325
3716,4275,3789,4185,5920
3471,4558,3693,3859,4649
2769,5107,2990,3548,2661
5379,6341,7235,6527,7052
1870,4826,3582,2693,5405
6250,5546,6087,5574,6326
3055,5733,2715,4621,2539
6552,7572,6773,7834,7592
7230,8590,6480,7960,7863
6637,4843,4904,5136,4381
7180,4633,3790,6591,4585
5536,6117,3871,4025,4780
4731,2371,2883,3573,2496
3557,3409,2157,4424,4170
4563,7720,4696,6507,5854
4676,1902,7975,3964,4422
5313,2011,6134,3599,6269
3794,1682,4656,1970,4859
5355,4107,4876,5010,4216
7984,6587,6682,5451,6373
3012,4114,4496,4844,4311
6814,4176,6151,5329,5091
8132,7662,6390,6633,7446
4860,4432,3607,5348,3089
7620,8560,7556,7356,7943
5258,2780,3984,5086,2300
5014,6415,5460,5377,8747
5046,6659,8025,5695,8294
6154,6763,4736,5787,5800
7739,6709,7133,7633,8236
3618,4777,3089,4793,4183
4139,6919,4538,3886,7143
5280,4374,5355,4629,3029
4449,5780,3574,5964,5857
6614,6151,6357,6936,5643
5257,6275,5658,3506,6544
5380,4822,4664,6823,5243
5942,2799,4943,4992,2646
7304,6087,7416,6713,6219
2899,1299,1873,3762,1412
6184,6605,6967,6651,6231
6903,3572,2913,5307,3762
4882,4034,4035,2994,2546
5033,5810,4580,5652,5375
5186,5333,6141,5249,6421
3153,3575,3996,2715,4365
5818,4798,7747,5632,5662
2269,2649,2201,3530,2344
4807,4393,4336,4415,3205
3994,4503,5160,2870,4642
3562,3801,3178,3997,2672
2747,5084,4267,2638,3499
7301,4827,7397,5905,4882
4114,7200,6247,4517,7626
2998,3572,3840,4301,3331
5604,2952,2819,5407,2189
7173,6146,8385,6204,6593
4067,2833,3574,5763,4434
5710,6218,5877,5621,6307
5111,3812,7167,4607,5894
7325,6021,6812,6965,6136
6422,5229,7054,3538,7339
6518,3532,4977,5804,5332
4178,2663,5738,5685,4386
6211,4605,6501,4134,5356
5352,5600,5933,6138,5144
6107,3547,5836,3016,3472
5829,2546,3283,4113,3345
5200,4041,3383,4373,3289
5684,6410,7091,6394,6944
3161,3983,3853,3507,4181
3892,2800,5707,4415,4434
4298,5689,2245,7364,4591
4526,3865,3965,3605,3572
8281,7947,8144,8381,7432
3644,6547,5199,5322,5273
6874,7455,7354,5756,5638
3341,3796,6470,4555,4382
4213,7395,5012,6016,6221
4037,5921,4048,5877,4712
5380,4570,3032,4311,4101
6965,3346,4298,3803,5543
3378,6012,4778,4536,4997
2195,2044,2300,2518,2853
6019,6131,5390,6026,5073
5560,7098,4371,5797,7645
3886,2846,4614,2613,3349
4361,4318,4903,4615,5087
5244,3373,5937,3226,4308
4294,4250,3976,4129,4992
2781,2521,3186,2927,3319
4724,4389,2447,5550,3216
7590,6760,7973,7417,7773
5556,6274,5162,5406,7516
5476,6333,6348,5356,6059
3416,6417,4650,3368,5521
5328,6397,5688,5539,6789
3475,5067,5101,5529,5697
6532,5105,6626,6318,6660
5315,6796,5454,4618,8298
3278,4927,5646,4609,5734
3914,1969,4002,3227,3295
5345,7143,2351,4835,5071
3677,6060,6822,4885,6811
2963,5326,4484,3831,7253
5565,7459,6496,5729,8200
2960,3331,2656,3483,4930
5813,6713,5693,6894,5095
6322,4479,7217,4562,4281
4160,6775,5450,4833,6943
5631,5459,5337,5478,4761
5966,6262,6599,6445,4440
5627,4797,5670,5871,6627
6284,5906,7696,5311,6792
7132,6228,7153,7337,7153
4661,4640,4718,3581,4084
5257,4932,4541,6528,5372
3757,4186,2385,4061,4613
5195,4913,4496,5900,4401
6249,5168,4061,5352,4364
4121,5135,6602,4202,4910
6998,6539,6319,7546,5773
5918,5715,4009,5622,4987
4214,2714,3045,4546,3896
6798,6659,6473,3782,6561
3810,5968,4674,7109,6183
5116,3641,4387,6342,4198
3639,4701,3617,3795,4926
8321,7217,7819,8180,6262
3033,2158,2845,3568,1770
4517,2700,2424,3847,2975
5226,7379,4998,6262,6352
7113,7521,7702,7739,7214
2648,2806,3285,3716,2904
2908,2851,2444,4111,3884
5402,3575,5318,6660,5375
3819,4047,3037,4544,4857
4318,5389,4281,6384,5970
2546,5160,4624,5453,3514
6093,4122,5212,8245,4912
1973,2148,1208,2507,2217
4592,6640,7178,5462,8910
6838,8090,6121,7540,7995
7748,5076,6461,6296,6843
7558,5634,6037,5627,6005
4688,1217,4691,3959,2114
3449,3838,3957,2392,5139
5965,5228,5594,6942,3212
7351,7782,7506,7307,6630
5665,5958,5810,5533,5424
4074,6666,5111,7563,7399
4314,4137,2027,3254,3083
5166,3493,2702,4113,3117
4748,4671,5219,4905,5615
5068,6505,6790,4808,5040
5402,4427,4412,4242,3508
6348,5015,7083,6285,7156
5780,7827,7317,6491,6991
3129,2556,3377,2984,3803
3139,3694,4160,4070,4177
2293,5349,4563,2579,4800
5389,5854,4579,4472,1941
5426,5352,6293,3722,5873
5408,5819,5831,5467,8289
6317,4558,6349,4707,5866
4330,6719,5925,5123,5660
3490,3880,3833,5310,7289
3504,2704,2826,2209,3034
3056,1723,5210,2523,3953
7066,6349,4490,7021,3653
5783,7168,6126,4372,7058
5733,5975,6084,5828,6378
7931,8311,8836,7798,7551
5721,6097,6981,4991,5619
6087,4070,6427,4809,6012
4583,2897,3608,3228,2479
3016,5517,2692,2786,4528
4326,5194,3984,4684,6289
6955,5984,6810,7397,5527
4873,6459,5682,6502,5524
7233,7032,6221,6511,5748
6688,3867,5992,5692,5679
4027,5479,6267,5125,3881
4551,7125,7653,5196,6984
6017,5954,3344,7295,3749
3639,2276,3303,1838,2869
3538,5250,3836,5067,4939
6740,5387,7551,6275,6839
3754,5075,3407,4020,4210
5347,3046,5111,2231,3289
4455,5614,3975,5179,5449
6126,7252,6258,7018,7468
6645,5245,5690,3905,6457
5667,6743,5404,5809,6069
3510,1801,3010,3882,1419
6568,6427,7437,6782,6530
2515,1657,3354,2908,3114
6784,5563,4949,7153,6317
1777,2723,2529,3331,2578
2247,1543,3952,2094,3766
5892,6365,4097,7212,5960
4269,7265,7186,4378,6712
1511,3711,1775,3807,2845
5469,4059,7247,2749,5678
5576,7035,7788,5808,7863
8614,6018,7616,7291,6419
3704,2879,5460,2945,6676
4737,6414,4317,4985,4636
3806,6304,4026,3863,3357
2961,3509,4038,4255,3458
6591,2005,6334,3262,4841
8489,6168,6909,6870,6412
3606,4887,6025,2945,4328
1113,2974,2361,2801,1768
2700,5914,3480,5961,6181
2861,3334,3870,4331,1922
5955,3834,6394,5922,5038
3993,3776,4667,2849,3188
6192,6459,4784,7737,6389
4300,3366,3510,5411,3275
5024,6710,3520,4588,3563
4843,3180,5526,4293,4727
3778,7301,4179,6615,7220
6877,6171,5755,5934,2449
5885,7307,8313,5425,7656
5087,7598,7762,6082,5366
7516,6787,5730,7036,6264
2901,2590,3552,4986,3684
6896,7225,5948,6575,5154
2159,2280,3046,2288,2915
6653,6329,6335,7454,5647
3063,7268,4354,4178,8000
5191,6064,3489,5200,4858
2894,5114,5144,4084,5638
5015,4506,5408,5497,7099
3715,1823,3591,2416,3192
6105,4689,6254,6104,3158
4674,3155,5594,4132,5634
4880,4988,3332,5616,4868
5701,4625,6285,3879,4062
7748,2085,8844,4799,4439
4324,4056,3499,4613,5060
6579,7037,5600,8782,7066
3773,2664,4027,3493,3057
5035,3781,4155,4427,4878
6230,7451,5990,6525,7094
6315,7518,5666,6625,7209
4409,2830,2506,3903,2302
6961,1609,5127,3852,6039
3667,3902,3813,3169,3002
3204,2559,3975,4064,3166
7063,5142,3412,6390,4631
1451,1211,1032,981,962
4646,2592,4243,2467,4634
7461,6073,6457,6629,8139
7007,6192,3809,5817,2887
6016,6224,7194,4277,6036
5497,6652,5271,4875,6804
5732,8084,6906,6219,6998
6458,5112,7215,5901,5796
6749,6242,6573,7031,6564
2883,4103,3165,2163,3202
4140,3954,5979,4214,5812
5838,5562,4457,6158,6127
3890,4883,5763,5722,5217
3232,4241,4780,4073,3736
1095,2995,1877,2714,3206
4527,4097,3488,3831,6251
5854,3673,5382,4876,3191
5440,6393,7000,7374,6428
2186,2177,3002,2512,3041
4371,5524,6060,4441,5416
3279,5748,4386,7928,3767
2871,4257,2515,3914,3711
5206,3175,4895,5463,2589
4795,7293,6348,3574,7818
3393,3956,4875,4115,2808
6825,6481,7351,7169,7732
6290,6457,3932,4627,5745
6101,7648,5712,6137,5085
2976,3862,4995,5058,3363
4129,2998,2403,3058,3030
4354,4456,3520,3643,5907
6626,6565,5857,5436,6401
5863,5329,6959,5216,7486
6919,5355,5853,4634,4947
7262,7489,7173,7558,7676
4145,3708,4309,5307,5156
4456,6480,5563,5889,3055
7724,7927,7516,6768,7000
7080,5243,6865,7223,5993
2478,3059,2750,3083,3899
7168,7094,7123,6674,7357
5564,5586,7178,5402,4520
6692,3790,5412,6567,4640
6913,7286,7412,4139,8048
4835,5237,7628,3425,5944
3899,6139,7394,4891,4872
5927,5719,5222,4731,6546
4135,5841,3922,5927,5188
5707,4878,3708,3217,3265
2004,3341,3242,3113,2931
7021,4013,6626,5382,4889
3936,3851,3740,2791,5094
4455,5422,4943,3527,4971
5636,6118,2887,4994,5445
3117,4744,3315,4502,4544
4316,4849,1850,4138,4764
8322,5428,6208,6045,6361
7373,7673,6478,6833,7514
6363,7807,4724,7811,6223
3721,4336,4726,3609,5370
2311,2818,3077,2853,1964
4825,2808,4561,3309,3632
5696,6895,5473,5587,5541
5632,7242,5242,7054,5873
4057,1740,3123,2751,2701
2842,5036,3331,5360,3029
4793,3867,2785,5047,3160
7303,3210,7008,5510,5299
5316,6640,5582,6659,6526
5372,3959,5967,3184,4050
6479,7243,6612,7435,6090
1805,2318,2517,1998,2702
6029,3682,4933,4859,4713
3251,2966,4184,4721,5724
3151,3645,3222,4639,3592
7987,6971,7023,8461,5654
4183,4814,5620,5148,6628
2345,3711,3117,2657,5841
3602,4535,3928,5794,4490
8758,8042,8428,8195,7741
5009,4215,4747,3499,5320
5882,7690,5517,8034,5898
2146,2888,2810,3445,2105
7018,6510,5156,5163,6510
4725,4005,4245,6183,4760
2961,4507,3027,4614,3132
4828,3347,4073,4216,4836
6801,4949,6975,6970,3897
4244,4049,4332,3568,4913
5997,6774,4136,4856,5508
7990,5263,7999,6395,6636
4395,2802,3463,2416,3470
2113,3040,2640,2168,2253
6131,3726,4097,5217,3718
5246,7013,4992,4708,5760
2627,6284,2643,4127,5435
4512,5426,5930,4056,6362
5180,4859,7422,6011,6114
4374,6307,3712,6297,4760
6790,5112,6462,6095,5729
6178,5794,3798,4693,4963
4958,4388,4999,5494,2814
6570,4619,5824,5211,5860
3244,3041,1958,4008,3280
4700,5528,4639,3529,4703
5043,3500,7759,4948,5954
6279,6767,6848,6680,6612
5565,4631,4261,3705,2931
5027,4112,1963,7040,3921
6032,6347,8272,6058,7001
4849,7522,5096,6305,6634
6992,7152,8058,6522,6738
5076,7650,6443,5065,5645
4289,2010,5015,3076,4891
4357,3914,4923,3065,4480
3659,4188,4255,3829,4193
2507,4049,3697,2681,2512
2994,5203,3246,6205,6081
3718,3188,3247,2501,4327
5826,4849,7719,5684,6649
8670,6003,6743,7340,5963
4364,4530,4358,6056,4360
6303,3794,6433,5718,2372
2512,2372,2084,3038,1969
5450,6207,6403,4717,7686
3066,4196,5649,4387,3680
4338,3027,2578,3152,1852
5255,5757,4697,5715,5161
3924,6298,5413,6965,4895
7654,6173,6346,6446,6550
3294,3538,3282,3292,3632
5519,7232,5453,5308,6198
6738,5866,7231,4819,5268
4845,4629,5730,7623,4957
6463,6386,6872,5843,6346
4824,5303,2867,4784,3122
4737,5646,4754,6401,6777
4709,5713,3370,3913,4475
7932,7656,8071,7632,8522
3935,3365,4337,2774,3466
5900,3706,3985,4766,3923
5106,7246,5855,5483,5362
7002,7634,6331,7279,6416
6386,7915,6976,7185,7518
4850,5881,6620,5460,6993
3740,5251,3773,3337,4376
4320,5202,5571,3764,4914
4645,4702,6564,2893,6527
3704,5150,6857,3745,6596
7160,3149,3831,5978,2491
6263,6621,4557,8595,4396
4530,3784,4554,4284,5315
4875,2047,4502,2884,3115
4254,7601,2844,5852,4221
4286,7679,5710,3795,6960
7290,4149,7136,6058,7238
3060,4966,4864,4644,3817
2783,3853,2484,3760,2183
6035,4576,7001,5770,4885
4928,1795,6665,2990,4538
6734,5826,5756,6518,4638
6228,7584,5098,7446,6687
7139,5180,4829,7571,4521
4264,3718,4555,3263,4575
6056,6286,6103,5501,6497
3833,3915,3851,4852,5621
4071,5077,4347,5582,4258
3499,3238,2458,3213,4505
4785,4678,4799,5688,3571
5399,5090,5251,5608,6274
4922,2513,2274,3278,2628
3603,3810,3601,3379,3606
3660,6919,6513,3886,6404
4280,3116,3357,3324,3905
5649,6793,3396,5079,5765
4365,2351,5568,4291,5317
7392,5690,6169,6820,5652
2643,4193,2086,2480,3932
5791,2790,4964,2952,3331
4955,5892,5767,5541,4193
4917,6454,5792,5820,7531
4627,6073,5671,6143,6430
5790,6050,6142,5441,3855
5137,5612,5270,6780,6405
6437,5733,6253,6571,6089
3084,3251,6416,2778,6212
2473,4301,4641,2356,4238
3249,5397,5210,4358,3151
4042,4551,2269,4219,5487
5911,7067,5269,4059,6900
6518,5587,2570,8199,621
6079,4690,5790,6363,4947
3231,6200,6380,5295,6809
4711,4479,4236,4939,4987
4722,5973,3816,6275,3157
6755,6718,6847,7066,5781
7182,8075,6346,8110,8019
1895,5952,5417,6254,6120
4618,2115,4979,3622,3742
2902,2864,3345,2342,3608
5140,5092,2560,6559,3873
5076,5081,4483,2797,3843
5232,5344,6455,4211,7216
3566,7532,5357,6694,5247
5424,5119,5230,6505,3586
7185,7325,5555,8181,5897
5427,4778,3395,7918,2267
4478,7362,4542,4770,5053
1379,4434,3215,2795,5402
5856,5035,2237,6089,5429
3452,4123,4878,3869,5064
5415,4438,4467,6004,2521
7403,7342,7377,7951,7352
2641,5808,2830,6233,4173
5894,6451,7416,4739,7142
5009,5295,4722,5914,5838
3255,5838,4398,4671,6572
6934,3647,5766,6353,2997
6869,6451,5578,6922,5265
2639,2821,3407,2699,3817
4212,2763,5286,1690,6016
3707,3326,3072,3477,5575
6486,7673,7512,6535,9122
4552,7000,2991,5076,5288
3509,7902,3697,6832,6512
6311,4189,5965,6058,3748
1951,3636,2753,2432,3580
3946,3887,5457,4199,3104
5433,4131,4526,3971,3540
4551,6473,4069,6777,6507
6564,3981,4862,6297,2043
4794,7081,6633,4745,5576
6645,7586,6595,6557,5911
3907,2913,5569,2962,4717
8309,5654,6171,5887,3926
5234,4493,3795,1414,5510
1533,5137,3201,4951,4745
2137,3388,3767,3659,3882
4634,4445,5443,6196,4615
4604,5894,4723,3141,5164
5862,6453,4778,4571,6589
5026,4394,5034,4289,5683
4548,4831,3866,6637,7381
3103,3900,3702,2965,4770
5418,5230,5047,4329,6403
6327,4047,4232,4353,5258
6559,5563,7520,6141,6864
4140,3413,4738,2647,3305
4880,3275,3478,3403,8027
5956,4142,6373,7200,6387
4854,6187,5281,3643,5303
2521,4079,3051,5407,3404
5458,3821,5427,6149,3969
6580,5113,5700,4884,6222
3037,6197,3104,5460,5496
6314,5301,4818,4661,1688
4877,5846,3074,7889,3766
5977,6588,7245,5898,5917
6042,7341,4462,4966,4518
5040,6257,3938,7127,6135
3694,2219,5282,2847,3477
2605,3437,2931,1423,3241
6529,5379,4689,6168,4594
1648,1278,1293,1336,1594
5419,5189,4824,6128,4896
3656,5428,5405,3449,6545
3361,5236,2386,4326,3022
4785,6463,7243,5577,8217
3166,4641,6020,4498,5028
6322,5069,7981,5657,5320
2376,5868,2702,4581,3623
1990,2138,3448,1709,3447
6071,3017,5270,3675,3186
3696,2456,2941,3278,2135
6119,5305,5817,4236,5866
3185,6186,4528,4621,3359
5203,5258,6799,6569,5271
4690,3400,5356,4444,4914
4706,2707,4643,3229,3893
2789,5227,4187,5338,4561
4665,5161,3464,5576,3863
5863,6485,3834,6064,6750
2300,6558,2401,5940,5111
6929,6231,7673,6665,6563
6048,4988,6658,3884,6221
2572,4540,4378,2534,5713
6620,5047,5944,6241,6284
3705,5015,4907,3972,4501
4862,4808,4642,4814,3708
6624,7491,6803,6842,6243
8360,4232,7877,4427,5490
7869,5365,4749,4141,4818
8510,7971,8309,8189,7653
3057,5526,4186,4116,5267
4953,6354,5171,5178,6611
3679,1679,5477,2676,4125
5593,5184,5835,5143,4535
3645,3594,4378,3407,3621
4760,6298,7302,5267,7052
1503,5041,2453,3420,5545
4602,5008,5558,6631,7223
4387,3224,3341,2812,4233
5367,4403,4641,4320,4647
5847,6593,4785,7391,6487
3012,3702,4497,4727,3750
7060,4174,8079,3657,5884
4099,4871,5828,3396,5661
1557,3746,2901,1309,3072
5896,5087,6617,5706,4231
6845,3269,7271,2756,5052
5380,4367,3652,5597,4158
6818,6481,5943,6738,6807
6791,3999,5950,4367,6673
2665,3239,5043,3881,5628
5343,3574,4061,3348,5487
6172,6595,7368,6911,7204
2293,6086,2192,3552,5389
2619,4730,3395,4244,3617
5997,4122,2527,4786,3424
3899,2191,4322,3295,4244
4369,5319,1937,4758,3186
3754,5626,5657,3911,6096
4665,6137,4771,5131,4222
5889,7964,6414,7822,5093
8295,6925,8268,8721,6959
6115,5357,7609,4694,6273
7351,7193,4651,7610,4832
4991,6490,6383,5341,2423
6710,4446,5208,5921,6263
2636,5842,4295,3493,7149
5313,5704,6222,5927,6014
5761,5179,7485,4983,7437
6922,8354,7742,6654,8183
2899,3646,3536,1729,3646
5205,4163,4853,4924,3883
6737,6797,4304,6188,6124
2557,4419,5330,5888,7130
6720,5539,7665,6742,5777
5904,6974,7498,4929,7499
4639,3669,5427,4087,7401
1505,3643,3441,3918,5798
3469,5287,3597,3424,5085
4745,7098,7797,5039,6940
5854,4955,4120,3470,6798
3347,4470,5288,2581,3862
5617,4830,2931,4479,4169
4861,7303,6243,5327,6630
4183,6553,6699,5469,7592
2980,2535,3456,3978,2567
5428,4492,5569,5353,6408
6009,4439,5542,3367,4000
4344,4063,6245,4719,4684
2944,6083,2801,4694,4306
4462,2866,6161,5496,4793
5957,7700,4349,6709,5504
5121,4295,2600,4552,4709
6262,2846,4095,3875,2670
4911,4407,2835,2508,5054
1984,3527,3176,2154,3386
3800,5684,6037,3764,6474
4783,3771,7218,5297,7248
3142,5064,4713,2083,4284
5727,4703,3331,3957,3716
6274,5365,1959,6816,3524
2595,2266,3543,2205,1854
4362,4082,5572,4237,2185
2883,4682,3519,4702,3296
4107,5671,2377,5815,4009
3013,1062,2400,1813,1680
2798,4499,3866,2885,3397
4655,4857,5001,5632,5143
4234,3284,4229,4520,2651
2958,4649,1619,3824,3199
7759,7163,7253,8309,6593
1824,2674,2179,2375,1550
2901,2790,2755,3877,2182
2836,4782,5882,3188,6059
5496,4848,6010,5348,5846
4951,5322,6363,4714,5239
5844,6293,4631,6419,4426
6153,6559,6366,4284,5416
4718,6227,6412,6784,6107
6799,5056,3338,5819,4743
2547,5872,2911,3281,6159
3141,4977,5367,3710,4384
4362,4369,5409,2883,5095
2575,4173,2326,3452,3431
4047,6956,6929,5591,8121
4292,3609,3459,4280,4861
8392,7924,8378,7893,8074
6158,4468,5161,6225,4002
5200,7382,2936,6352,6609
4484,4908,4135,5155,4661
6330,4669,4480,4573,4219
5673,6122,4285,6080,3730
5713,5026,3027,2919,5739
6638,7386,7059,7299,7027
4139,5791,3323,4185,4566
8306,7764,7222,7339,7946
6220,3122,6576,4454,5982
4620,5727,5179,5175,6607
3753,4639,3816,5628,3884
6602,5439,6049,3967,4846
8396,6890,7947,8598,7294
5809,4695,4967,2389,5294
3707,4205,4757,2494,6011
7726,7645,8920,7713,6818
6949,4523,6980,5138,5498
4853,3407,4611,3760,4415
4128,5834,3505,5643,4529
5310,4044,5688,3501,4539
5026,3403,5633,3150,6944
3694,4928,5028,2992,4360
4456,7362,4362,5711,2038
4693,5368,4636,6686,5741
6139,7484,6943,6215,6607
3499,2923,3772,3722,4399
5229,8031,6070,7331,6673
4738,4206,6209,5170,5527
5139,4149,6228,4879,4837
5647,8187,6365,6229,6925
6447,4401,5638,4161,4875
7600,5568,4978,6514,3895
5078,3127,2618,3962,1536
4582,5254,2554,6886,4898
6591,6110,4621,8269,2575
6085,5805,8023,6893,7086
2298,4679,3560,5375,3162
6391,7229,5942,6483,5263
4590,5709,3591,5689,5251
6175,5158,4112,6384,3315
5109,4578,4879,4212,4022
6379,4850,2510,6809,3007
7291,7888,7131,8413,6513
4102,2142,5917,2673,6406
3871,4270,3937,5080,3951
5575,3436,6376,3618,6475
4501,3666,4444,3373,4073
2981,4023,3814,1581,3953
4662,4959,7573,6329,6304
3042,6570,4091,5173,5751
3072,5701,4449,2384,6215
5696,5967,6288,7101,6088
3736,3252,2577,5072,4213
2318,5870,3345,4943,5111
6378,7154,7693,6272,8388
4118,2518,2976,3816,2110
6483,4711,4930,5692,4418
5214,3845,5737,5226,5958
4823,7158,3291,5623,4414
6263,5559,5214,3129,5259
5238,6757,7316,4941,8394
5332,7043,4534,5800,6753
5597,5938,6528,4605,7476
3593,5022,3572,3921,4209
5823,5281,7329,3075,6113
6763,6081,5254,6833,6376
2665,2425,3581,2463,2466
1940,4945,2627,4434,4064
3875,3293,5105,3134,5904
3973,3714,3720,3313,3788
6370,6456,6238,5830,5981
4416,5312,7544,5385,6148
3622,3734,4654,4700,4126
4506,3181,2959,4917,4396
6501,5167,4714,5219,4463
5859,2807,4737,3795,3927
4715,7571,5164,6125,5306
4484,5749,5803,5806,5835
7212,6071,6241,5734,6187
5578,5600,1710,4701,4344
5360,6576,4227,6193,2283
8379,6282,6246,7162,5598
3578,3800,3741,5407,4309
4994,5138,4731,4213,4546
5254,5099,3381,3936,3424
4916,1739,4305,3311,3412
6642,4786,4790,4329,5935
4238,4404,5921,6047,4312
4584,3107,3809,4463,4368
5777,5543,6490,3922,6827
4158,6458,3206,5341,5840
5108,7555,5566,5793,5733
7134,6507,5962,5485,5085
6805,7678,7408,7060,7545
3381,7276,3510,6090,4563
5565,5707,5740,4936,5509
5299,5973,6198,6393,4695
6339,5456,5096,5093,5656
3027,2567,4320,3175,3543
2657,4159,3339,2111,2644
3288,2687,5395,3201,2890
6516,6967,5826,4919,5792
5696,5444,4042,5954,5285
3091,3338,4719,4002,6111
1786,3382,3073,1060,4057
3037,3026,3136,5378,5501
5676,2786,4820,4863,3166
8027,5869,7098,6384,7104
6046,4815,4330,7088,4295
4426,4851,7192,4661,7434
4483,5946,5481,5777,5316
5722,4363,6233,5127,7110
5833,3355,5994,4015,4310
6666,6043,8372,6208,7034
3155,5919,4209,4970,3362
6637,6079,5021,7644,6066
6817,5597,6697,6474,6010
5915,5604,3788,5250,4764
6716,8164,7638,7908,7818
2876,5652,4186,3423,5137
7842,4951,6249,7165,4501
5029,7123,4919,6563,6429
2768,3008,3484,2901,2185
4929,4101,6756,3839,6074
6175,5103,5022,7028,3984
4950,4949,2957,5587,5456
7158,6273,7060,6453,6079
8513,3696,6493,6871,4866
3027,2851,4461,3010,4460
3521,2297,2956,4189,2548
7751,6416,8036,6734,6982
5630,5841,4693,4174,4112
4229,4516,5431,3366,5125
6088,5852,4867,6567,4293
5687,1798,4891,6436,4937
5325,4058,3911,2916,5904
4907,3194,3109,5812,2294
6684,8658,5946,6102,7508
7725,7013,7537,8315,5623
4466,6539,6156,4871,6633
4435,4636,4127,2718,3787
3563,6007,4519,3774,5246
6962,6129,5473,6621,6412
5624,6611,5676,5699,5379
5735,6637,6362,5657,5869
6767,7087,8109,6082,7948
2685,3801,3654,4003,3690
6511,5112,6432,4350,6591
6854,4908,6460,5721,5867
4373,3922,4849,2804,3808
2006,4146,1286,3858,4242
5318,4018,3672,6015,4033
4142,4869,3627,4655,3272
6466,6790,4966,7132,6270
5432,6829,5440,3687,6791
5634,4391,5768,3747,4916
2911,3874,3107,1980,3781
2773,5545,3222,4053,4330
5150,6485,5057,7989,5709
5283,5448,3523,6302,4624
7591,3736,5798,3607,4899
8055,7098,6241,7370,5595
6263,6534,5699,6656,5947
3566,4548,3841,1196,5932
4520,4388,4510,3730,4766
6395,6762,6287,7063,6609
1725,1680,2932,1675,2390
3619,1975,4144,3035,4284
3062,4305,4379,3501,4789
6788,4925,6760,5274,5040
3939,4668,3365,4637,3431
4039,5392,4536,4813,2846
3437,2526,3081,2961,2722
1781,1290,2571,1241,1227
6690,6407,7392,5207,6826
4557,2956,3590,3756,3226
5685,6700,2860,4920,2636
5298,4497,4234,3732,4213
2193,2372,2485,2152,2662
5743,4819,7441,5135,5691
4468,3952,5060,4558,6052
5327,5020,4796,4032,4052
5112,5612,3713,5535,3077
3162,2132,3594,2500,3064
4231,3422,3048,3436,3504
1785,5235,3769,3717,5007
6973,5701,5226,6773,4818
6688,5952,6456,5882,7427
5903,5321,5416,6294,5464
4081,3492,5496,3177,4850
2057,7308,2323,3143,4853
4907,4395,3386,3795,4296
7066,4357,4302,6007,3669
7475,6577,6267,7282,7189
5451,7141,1586,6020,4907
6568,5870,6342,7952,6604
2916,8960,4659,4412,7500
2146,5178,4029,3502,3969
4573,3932,4438,5099,2910
2461,6107,3021,3692,6596
7169,6622,6319,7317,7229
4132,3239,2422,5807,5340
4509,2935,6403,5548,7296
7286,8316,8444,7690,8301
4780,5386,5480,7959,4088
6818,4103,5677,5364,5128
6215,4843,5545,6695,4639
5996,7014,3337,5867,5396
5192,5720,4267,6354,3505
3636,4903,5047,8394,3403
7162,5115,4986,5887,3818
5052,2393,5081,4926,5060
1532,2961,2425,2376,3310
3489,6233,4934,3352,3849
4334,4355,5234,5344,6131
8054,7408,7660,7360,7531
4523,2890,5803,1560,3562
4998,5852,5655,5414,6713
6025,4444,5631,4706,5342
3912,2897,5233,2199,3378
5257,8319,5993,4248,8329
6800,7225,7479,6353,6996
6500,6363,7268,6726,6560
5969,5958,6571,4420,3350
3572,2549,2790,3113,2378
4499,5455,2905,5885,4700
5859,2086,4425,3632,2607
5566,4792,5693,5910,4463
7812,7957,5704,6804,5544
6386,7460,6990,5653,7957
6168,6170,5561,6186,5274
3731,6408,5467,4218,5828
4777,5826,2117,6556,3820
7047,5436,3996,4763,3518
7128,6646,6142,7165,6838
5237,1106,3268,4126,3417
6329,7325,6742,6645,6173
2524,3191,2963,2341,2479
3714,5391,5264,4646,3809
5349,4971,6344,2682,4812
6730,7653,4783,6605,5566
6331,6550,6588,5832,5101
3682,3197,5519,4018,5111
4065,5986,3112,5444,4102
4181,2322,3260,3261,1760
3716,5026,4806,3914,3900
6215,6623,8367,5198,7763
6573,6712,6032,5895,7134
4785,3705,7654,2958,7317
4534,6693,5112,4030,6633
4851,2105,4882,2937,2861
5704,7576,4958,6913,5219
3952,6695,2105,5557,5232
2800,2326,3033,2107,3085
5653,4543,5485,3428,5111
7931,5874,4605,7249,5408
3672,3088,4684,2007,3526
4415,5878,4250,3280,5768
3338,5012,4398,5662,5383
4872,4388,5115,5205,2941
2415,2951,3175,2633,4529
6271,6233,6393,6487,5073
2795,4107,4046,2785,4088
6753,6003,5862,6720,6108
5341,5092,5642,4150,5826
7617,5463,7972,8020,6793
7542,6786,6316,7239,7028
2092,3255,1764,4903,2424
5433,3527,5594,4123,4802
3777,5162,1991,7093,3994
7304,5777,7498,6179,8285
4300,4697,5626,3408,3407
5701,5451,6176,7066,5179
2939,3431,3947,4996,4174
5815,5860,7787,5042,7036
3657,5058,2371,3664,1726
7086,5868,7691,6115,7490
4057,3469,6008,1712,5246
2170,1959,1495,2115,1854
2816,3953,3423,5825,4046
2241,4954,3115,2145,5296
3772,4106,3470,3017,4622
5208,2469,3981,3246,3295
6395,5497,5668,6536,7720
3649,3878,4264,3942,2595
3143,4232,2597,4338,4656
4926,4749,4983,4281,8352
8269,7212,8241,7951,7238
4518,5769,6553,3893,6287
7133,6420,6614,5680,6253
4573,5016,4503,5746,4366
6369,6382,5865,6548,7152
5403,4579,5691,5874,6789
5679,7234,7155,4312,6983
5906,7565,6125,7453,6629
4709,7697,7585,5744,8968
6821,7100,6127,4562,6168
4969,6994,5897,6753,6225
6061,2754,5386,4050,3755
6136,3998,4046,4810,5154
6654,6173,5779,7069,6197
6916,6845,5818,6831,6998
7735,4802,4395,7610,3677
5598,5514,5732,5996,7436
7131,4688,6755,6042,6652
7593,7214,5636,6464,6592
2769,2413,2384,2529,1440
6781,7377,4764,5098,6157
4855,2875,4865,3498,3969
3912,5312,4468,2142,4939
4325,3278,4014,4339,3264
7756,7465,7066,7247,7621
5604,2279,5594,3577,4068
4219,3931,6437,4647,4134
4469,6640,4149,4754,3442
3172,3562,2541,4284,3166
3395,1575,4246,1987,3212
7004,5761,5746,6271,6413
5581,4352,6161,5590,5404
4112,2870,3482,4551,5766
4850,6564,4963,5646,3080
6885,5358,7900,6997,5856
6263,3109,6353,2206,4056
5708,5733,5123,6941,4596
8765,7506,8681,8092,7215
7098,4232,5616,7334,4000
3571,3568,4586,3123,4448
4608,3929,5043,4291,6125
7320,5919,7017,6675,5691
5965,5032,4209,4395,5620
5844,7936,5765,7656,6356
2956,3147,2502,2358,3098
3371,2257,5527,3028,6979
5509,3862,4330,2928,4536
3418,4823,4846,4981,5116
3665,5860,4693,3929,4860
5190,5429,5537,5246,4671
4248,3263,3109,3207,1478
4023,6152,4585,3979,5357
2713,4407,3174,4012,5134
4032,4392,2645,4591,4178
4851,4391,5076,4314,4734
4731,4772,5691,4114,7249
1385,4448,2213,3748,4162
3624,3182,2854,2718,3189
4562,7088,6756,6047,6077
6321,4899,5180,6132,5475
3481,2988,4606,4443,2910
2920,3278,5325,4292,3861
8345,5865,7433,8259,5487
6388,6716,860,6578,5562
4009,4218,2204,4665,2880
5912,7921,4197,6895,6097
3430,6421,6821,4666,5750
3074,7638,3240,5799,7446
4212,3749,4238,4913,4000
4091,4685,3727,4986,3496
4679,5778,2441,5116,6647
4463,3687,3625,4698,4186
5751,4887,6721,3619,5527
2926,3997,3244,5398,3994
3676,4384,6233,5017,3155
7680,6659,7091,7004,7248
6780,4918,5222,6148,6295
7022,3642,4505,4644,4408
6999,5841,6244,6030,4982
6552,6749,7841,6960,6882
4510,5368,2836,6152,7218
2917,1726,2792,988,3586
6186,7961,7295,7537,6724
4988,3146,7292,4268,5273
2179,4872,4973,4160,4301
6244,5830,4824,6209,5879
5850,5244,6454,3450,5546
6792,5657,6929,6621,8322
6596,8394,6527,6573,7892
5992,6531,7161,6429,7072
7880,7593,8074,7104,8921
4910,3529,5356,4982,5315
8002,6411,7515,6899,6537
5334,7420,4214,6829,6213
1682,2270,1361,2027,2846
4904,2447,2736,2788,3074
3727,2943,3725,5450,4536
4205,3253,3492,4596,2641
6923,4067,5841,5006,2903
8042,8130,7508,7975,7586
3858,6905,4746,6666,7684
6625,6657,7178,6585,7921
4692,6372,5976,4385,4031
6596,5350,6062,3323,4055
4197,5618,4025,7443,2165
4813,2113,5150,1801,5063
5297,2388,4052,2341,4351
4589,8505,4017,6349,7569
6681,5241,3818,8649,2593
2453,2730,1467,2422,2465
5987,6481,5979,6806,5864
3332,4773,2824,4631,3610
2364,4085,4515,3975,5474
2267,2491,2504,1814,3105
3266,3457,2126,3208,4315
3716,5236,3058,2785,2993
5026,4832,3638,4055,3038
5443,5989,5154,4986,7356
3122,2895,3674,2349,2659
4815,3964,4745,3396,4741
5794,3529,3486,4934,3529
6986,6313,6397,6935,6219
4396,5161,3393,5004,3997
4887,6407,5361,4851,5346
3341,3472,3842,3289,3565
6717,5286,6968,5537,5989
3031,2101,2937,2783,1551
3240,1979,1722,2276,2688
6305,5926,4773,8473,6120
6698,6282,6892,6320,6652
4174,7096,6176,4233,5454
6368,3739,7356,4653,3139
5049,3715,3578,5523,3189
3262,2476,4980,2780,3439
3728,6299,4648,5830,5630
6618,4750,5661,5739,5739
2780,2142,2255,2154,1911
5120,5024,4250,4684,3723
5583,5839,6237,7009,5473
5985,2635,3116,4484,1810
7985,7901,6133,8121,6584
4816,6597,4381,4945,3087
7580,6326,8216,5649,7301
6537,5844,5816,6237,5062
2847,1556,2238,2230,2579
4509,5828,6625,4754,4564
7209,3855,6968,4643,6328
5386,5442,4574,4950,4924
3129,6222,4286,3703,3945
3657,3773,4314,4666,5051
4498,3454,3569,4696,3380
8908,7383,8386,7689,7830
5088,5174,4692,2874,4604
3699,4757,3440,4163,5271
6299,4654,2846,5581,4976
5336,4066,6621,3692,4251
3866,3462,3806,4112,2589
5037,3772,7574,3624,7851
6085,7326,7310,7155,6366
4661,4986,7340,3034,5911
1569,2853,1907,1864,3282
5777,5630,5366,5933,5939
7168,3660,6871,5610,5039
2373,2992,3547,3183,2589
5234,4526,6245,4293,4491
4898,5822,2530,6801,4368
4068,6385,4169,6412,4606
6824,6828,6610,5312,6148
6647,3454,4838,3527,3909
1759,2726,1685,2165,1939
2448,3593,4055,2950,6016
7463,5527,6728,7384,6494
7000,8330,6529,7472,7789
6695,5920,6366,7609,4908
6030,6423,7604,5896,6767
3397,3096,4191,3010,2684
3493,2745,4598,4980,4968
7266,5132,6156,6666,6046
4473,2345,3508,3131,2891
6610,7687,4899,7512,6140
4676,3209,1422,3491,3657
4593,5605,6188,3079,5433
3278,2181,4105,3269,1589
3019,6254,3666,5972,3917
2882,3358,2611,2978,2159
6204,4246,6751,5710,4571
5897,4369,3368,4770,3366
2416,4028,3605,4180,6336
8372,8068,9118,7722,8897
3549,3878,3892,3675,4412
2966,2411,3196,3056,2784
7449,7474,7501,7599,6753
6700,6164,8152,6062,6607
7706,8894,8417,6942,7892
2869,4408,3618,2799,4988
5111,4680,4959,5662,2875
5978,6329,7162,5243,7733
4942,5709,2817,6065,5363
7276,4902,4003,4863,4814
4828,6463,5995,5751,5834
7217,5669,5536,6692,5309
4418,2339,5093,2651,4001
5362,3676,4614,5431,3799
5128,3028,5462,3446,4714
3962,4440,2607,3576,3936
5906,5738,5104,4922,7302
1734,2632,2919,2231,2858
5111,7657,5068,5947,6643
5636,6340,7731,5498,5685
6713,3296,5595,5978,3869
3134,3120,4862,3304,3102
3729,3632,2246,5656,3457
4101,3152,3157,4703,2240
2841,2498,2779,3257,1946
6435,5051,6670,3488,6197
4567,3553,5030,5618,6317
5688,6112,5583,4735,5063
3647,5707,5104,5212,4873
3772,3836,4134,3658,3895
3870,5180,2901,5456,3182
5552,7079,4991,5580,4964
5586,4651,6767,4903,4644
5659,3278,6866,3870,6588
3075,7339,4732,3903,7103
5002,5897,4484,6699,4605
6359,6731,6256,5402,5676
3753,4118,3324,5474,3452
6242,7375,5680,7044,4780
4607,7272,3963,8792,6030
5533,2873,4398,5055,4078
8258,6661,5562,7464,4206
6320,4224,5363,4017,5401
5521,5669,3607,5397,4382
5051,5139,4833,5145,3293
5043,4649,4318,4977,4113
2900,3047,2801,3585,2869
7839,7548,7387,6616,7529
7182,4010,5419,2945,5771
5778,6787,5461,4351,5127
7763,5871,6825,5987,6100
4386,7580,4168,5519,7596
5146,7170,3118,6792,2556
5120,4644,3097,4853,5775
6917,4881,6609,2506,3579
2480,4173,2653,3873,1846
6692,4866,1967,5906,4725
5223,3961,5488,6852,3961
5854,7705,6786,4855,6055
6653,6164,5534,5474,6613
