1000 6
0.355038 0.258188 0.704172 0.167678 0.501010 0.531094 
0.550942 0.598289 0.402164 0.964622 0.424964 0.401084 
0.392505 0.267523 0.488823 0.779882 0.197859 0.696841 
0.891101 0.323695 0.434043 0.652451 0.696788 0.155120 
0.661395 0.360444 0.986658 0.307665 0.248970 0.763671 
0.514302 0.348097 0.976958 0.004537 0.984379 0.248794 
0.558401 0.756550 0.312177 0.625570 0.873857 0.276940 
0.080116 0.449613 0.634710 0.566158 0.878768 0.694206 
0.912306 0.095227 0.153818 0.770783 0.544869 0.601969 
0.560474 0.151103 0.540733 0.718122 0.271168 0.623542 
0.847891 0.351325 0.834120 0.502711 0.137167 0.259134 
0.920212 0.492547 0.253503 0.319886 0.422908 0.232879 
0.160431 0.431504 0.411588 0.310238 0.693135 0.404276 
0.000500 0.849804 0.316642 0.346393 0.886679 0.670046 
0.971210 0.895520 0.676550 0.360430 0.789018 0.015771 
0.475451 0.448145 0.708279 0.424457 0.098855 0.705955 
0.464226 0.236452 0.135666 0.652818 0.828279 0.563866 
0.929638 0.216296 0.331193 0.747730 0.419032 0.310690 
0.530926 0.435007 0.531735 0.692166 0.303554 0.980729 
0.198772 0.861808 0.833347 0.409298 0.740696 0.093167 
0.162554 0.482007 0.740885 0.455077 0.879848 0.517126 
0.589142 0.189814 0.314519 0.346215 0.810374 0.581563 
0.502325 0.435451 0.565121 0.474623 0.453146 0.304810 
0.684876 0.272508 0.449955 0.786547 0.525790 0.624177 
0.828257 0.070066 0.929537 0.033659 0.323279 0.659675 
0.142674 0.597519 0.547904 0.310995 0.591863 0.995624 
0.183350 0.906146 0.207942 0.395953 0.545204 0.934696 
0.013206 0.678437 0.347963 0.586759 0.897228 0.300108 
0.047662 0.379537 0.455830 0.262065 0.644651 0.924910 
0.574719 0.635442 0.648352 0.477474 0.509292 0.299922 
0.627770 0.810643 0.684302 0.380838 0.573451 0.328300 
0.407848 0.787520 0.230651 0.751349 0.373303 0.411697 
0.302895 0.205402 0.351460 0.598680 0.977525 0.871546 
0.251812 0.708440 0.573669 0.289351 0.843921 0.281550 
0.641679 0.653240 0.431543 0.812978 0.248568 0.512115 
0.091264 0.351041 0.552192 0.463115 0.776877 0.755012 
0.807912 0.261920 0.281989 0.997993 0.145018 0.247944 
0.295094 0.187099 0.755724 0.440084 0.874739 0.956852 
0.755363 0.025193 0.885872 0.182679 0.945115 0.065308 
0.345345 0.815052 0.622297 0.990390 0.080498 0.394213 
0.435107 0.598701 0.225247 0.822941 0.145410 0.796667 
0.824553 0.812146 0.114035 0.960861 0.577103 0.091892 
0.803629 0.188406 0.476408 0.611934 0.486944 0.559208 
0.301353 0.970206 0.093460 0.657211 0.292973 0.762884 
0.400343 0.845502 0.162711 0.806513 0.543171 0.846825 
0.910307 0.901564 0.438569 0.568559 0.053117 0.564792 
0.886690 0.144657 0.656149 0.884863 0.228888 0.596858 
0.876389 0.514207 0.792169 0.264046 0.614598 0.041456 
0.238165 0.485937 0.444248 0.377848 0.618030 0.763773 
0.910416 0.869916 0.539103 0.166274 0.340115 0.540604 
0.212126 0.636863 0.740500 0.015905 0.554922 0.965332 
0.102496 0.388948 0.445846 0.943481 0.576949 0.559739 
0.663745 0.608738 0.555057 0.287924 0.036259 0.780784 
0.347008 0.456256 0.614028 0.283058 0.933592 0.114720 
0.690950 0.701654 0.945566 0.206052 0.202977 0.179223 
0.336857 0.645708 0.544462 0.673504 0.371188 0.348767 
0.586844 0.314709 0.088044 0.626700 0.544245 0.560720 
0.791592 0.752197 0.009724 0.682662 0.172772 0.750944 
0.035827 0.923688 0.415071 0.459380 0.046352 0.653471 
0.403890 0.761186 0.521420 0.430197 0.832929 0.035341 
0.306657 0.857160 0.552253 0.761237 0.289271 0.284054 
0.733449 0.547400 0.173860 0.001080 0.820393 0.730699 
0.278264 0.619407 0.313449 0.716840 0.972642 0.358764 
0.376582 0.367337 0.517785 0.897997 0.066573 0.692741 
0.863219 0.511233 0.010128 0.735773 0.401772 0.172978 
0.492165 0.917497 0.457178 0.022988 0.716224 0.214097 
0.980874 0.547781 0.384263 0.523476 0.792347 0.099451 
0.689646 0.125115 0.602848 0.489543 0.984273 0.410672 
0.374867 0.244754 0.918851 0.150101 0.296538 0.642877 
0.889416 0.137031 0.477882 0.482003 0.763828 0.259511 
0.390221 0.277272 0.973038 0.308152 0.553074 0.417219 
0.254924 0.621034 0.430376 0.870097 0.875821 0.057110 
0.315719 0.701906 0.643112 0.374363 0.641871 0.746429 
0.429417 0.508877 0.266133 0.918522 0.458397 0.460466 
0.330051 0.198637 0.649661 0.560816 0.802029 0.548129 
0.435982 0.311308 0.366293 0.845193 0.688248 0.501807 
0.618792 0.689751 0.767208 0.689552 0.062062 0.435427 
0.692619 0.514430 0.365310 0.611936 0.524225 0.363993 
0.443759 0.300638 0.578131 0.079725 0.991004 0.659968 
0.168738 0.326642 0.886590 0.966210 0.067255 0.446572 
0.321554 0.233333 0.623996 0.428226 0.904107 0.622908 
0.199350 0.582176 0.136028 0.971403 0.013025 0.982835 
0.607989 0.518078 0.209360 0.718230 0.239616 0.690525 
0.360786 0.294620 0.707654 0.591850 0.746597 0.132155 
0.450907 0.459708 0.575355 0.116748 0.375720 0.748122 
0.446104 0.613079 0.170314 0.301160 0.706346 0.604070 
0.394496 0.850601 0.062373 0.667619 0.150961 0.839403 
0.038924 0.596895 0.036552 0.985381 0.865906 0.339797 
0.543010 0.873729 0.040161 0.801959 0.208778 0.122231 
0.128950 0.711493 0.460962 0.512889 0.648283 0.842227 
0.585498 0.544165 0.601853 0.098238 0.534846 0.626640 
0.894565 0.263631 0.162652 0.626752 0.756861 0.108766 
0.346969 0.249234 0.693334 0.488004 0.603444 0.629884 
0.873891 0.061919 0.719701 0.973262 0.333074 0.454389 
0.742135 0.301449 0.514216 0.980662 0.207442 0.306154 
0.611714 0.321706 0.619281 0.128929 0.886948 0.413640 
0.749389 0.122635 0.654131 0.140624 0.584856 0.620826 
0.584894 0.417578 0.216700 0.497502 0.305935 0.487682 
0.463341 0.746242 0.922268 0.389757 0.322725 0.287135 
0.422107 0.570636 0.799341 0.015502 0.635311 0.727636 
0.654529 0.233273 0.956524 0.128338 0.710145 0.607995 
0.341770 0.864552 0.137996 0.904957 0.510078 0.490343 
0.614205 0.108768 0.771574 0.782145 0.340720 0.349803 
0.587536 0.525362 0.714378 0.131434 0.803351 0.075660 
0.633748 0.436702 0.649097 0.007732 0.273883 0.720758 
0.132836 0.722446 0.807256 0.736148 0.683611 0.376288 
0.765792 0.091244 0.957938 0.517056 0.484418 0.602928 
0.138627 0.794592 0.853241 0.537343 0.282286 0.637183 
0.468107 0.903974 0.105047 0.469983 0.452637 0.902084 
0.650581 0.392758 0.480167 0.721825 0.673919 0.701089 
0.918515 0.182122 0.717468 0.320695 0.248749 0.789768 
0.329164 0.230265 0.518378 0.838212 0.848806 0.214177 
0.895382 0.819289 0.405833 0.472595 0.347017 0.253075 
0.706620 0.171494 0.873228 0.196222 0.755095 0.669984 
0.502416 0.468573 0.891215 0.475207 0.888368 0.197508 
0.250726 0.899880 0.543113 0.390408 0.267841 0.652287 
0.738444 0.119245 0.432841 0.853406 0.651110 0.180289 
0.648123 0.965802 0.101892 0.175890 0.777958 0.628664 
0.759100 0.155764 0.590786 0.798194 0.076406 0.816778 
0.330148 0.985594 0.294035 0.179535 0.464568 0.653120 
0.928786 0.566810 0.339681 0.370801 0.515361 0.185409 
0.801095 0.350611 0.410168 0.508730 0.773861 0.687626 
0.869173 0.084639 0.381538 0.675446 0.547645 0.098553 
0.989311 0.125167 0.725562 0.604243 0.110250 0.441880 
0.462989 0.307000 0.881184 0.986671 0.230998 0.322058 
0.322364 0.545740 0.393619 0.495592 0.194660 0.747056 
0.290335 0.497283 0.527767 0.399651 0.477957 0.457921 
0.510054 0.194223 0.523340 0.930361 0.471934 0.492934 
0.469927 0.625599 0.290332 0.427739 0.099440 0.953152 
0.419262 0.637701 0.868177 0.629042 0.465423 0.393610 
0.453511 0.402865 0.331687 0.704977 0.130100 0.698615 
0.787933 0.632395 0.616661 0.858704 0.044272 0.405406 
0.968968 0.477998 0.522548 0.636396 0.210381 0.581717 
0.647434 0.383853 0.167896 0.794287 0.348282 0.707312 
0.281612 0.624994 0.572450 0.620364 0.324853 0.561985 
0.855592 0.981710 0.263906 0.575863 0.706175 0.035227 
0.888691 0.754375 0.026883 0.438838 0.264071 0.468229 
0.681125 0.766960 0.320325 0.087232 0.709614 0.557281 
0.750966 0.708530 0.089529 0.681989 0.471279 0.751136 
0.489781 0.322098 0.714333 0.356231 0.543524 0.813162 
0.513944 0.953631 0.264181 0.276815 0.931514 0.231736 
0.223064 0.861881 0.296022 0.309448 0.817489 0.441736 
0.804251 0.626961 0.457311 0.620396 0.793014 0.030803 
0.348044 0.664444 0.418818 0.700869 0.696941 0.322632 
0.567991 0.208275 0.913093 0.295289 0.865231 0.279723 
0.754235 0.292252 0.727266 0.504783 0.002431 0.348140 
0.104955 0.650512 0.960072 0.404023 0.051430 0.810275 
0.950808 0.167788 0.468593 0.102102 0.794614 0.552326 
0.819252 0.414452 0.665343 0.253980 0.646077 0.477848 
0.627159 0.628908 0.800812 0.517888 0.036613 0.496696 
0.529606 0.906567 0.229769 0.210810 0.995901 0.321590 
0.209242 0.283319 0.726875 0.289855 0.820179 0.731154 
0.384059 0.344733 0.197833 0.779117 0.149348 0.961014 
0.170697 0.844019 0.007293 0.331011 0.605146 0.618765 
0.242215 0.416395 0.269466 0.750218 0.459186 0.318887 
0.408958 0.859002 0.352365 0.042704 0.812973 0.436493 
0.515889 0.755084 0.524906 0.333165 0.386767 0.458621 
0.393509 0.450964 0.993866 0.387232 0.842708 0.426938 
0.793229 0.720809 0.326352 0.356307 0.827602 0.273827 
0.145985 0.966693 0.378329 0.381681 0.604320 0.384731 
0.205712 0.182700 0.684044 0.272990 0.940496 0.728578 
0.213289 0.152013 0.570588 0.570814 0.582685 0.915336 
0.814867 0.267046 0.617782 0.994576 0.225704 0.117781 
0.519331 0.305859 0.926380 0.379168 0.708590 0.089440 
0.438535 0.135254 0.468065 0.459316 0.469749 0.577876 
0.468393 0.460161 0.043222 0.885337 0.701663 0.087309 
0.342167 0.680132 0.016525 0.439649 0.923817 0.508662 
0.648208 0.869102 0.580875 0.203744 0.325551 0.080771 
0.391948 0.229890 0.631587 0.781304 0.826569 0.011622 
0.327383 0.595699 0.057703 0.614032 0.878953 0.114589 
0.334328 0.443990 0.710762 0.916511 0.043849 0.564486 
0.958614 0.932503 0.129089 0.496192 0.502197 0.079252 
0.961705 0.377056 0.565426 0.117665 0.108040 0.467451 
0.650973 0.314825 0.574901 0.565112 0.520352 0.945845 
0.185314 0.145253 0.331003 0.762039 0.273189 0.914213 
0.579762 0.291004 0.132698 0.685807 0.667867 0.268863 
0.409891 0.349969 0.110159 0.752672 0.978755 0.489951 
0.237611 0.722344 0.781540 0.430065 0.150791 0.464109 
0.534701 0.293129 0.897704 0.019881 0.856445 0.311518 
0.458824 0.384197 0.881989 0.526317 0.373712 0.549944 
0.699149 0.298853 0.946514 0.518252 0.029766 0.479844 
0.461397 0.939638 0.405852 0.641695 0.776356 0.183534 
0.560324 0.440154 0.382810 0.478383 0.180702 0.780849 
0.254476 0.592551 0.519888 0.425961 0.045220 0.711079 
0.877232 0.547555 0.313372 0.167337 0.498944 0.201972 
0.967659 0.493197 0.529560 0.077754 0.835164 0.442352 
0.631421 0.765517 0.178466 0.124814 0.799392 0.502228 
0.102977 0.780584 0.092445 0.375337 0.474008 0.994468 
0.494090 0.110642 0.512975 0.644905 0.152002 0.672283 
0.533231 0.274076 0.862438 0.176564 0.562172 0.153401 
0.853494 0.073352 0.275551 0.638960 0.585700 0.261564 
0.330137 0.621913 0.430140 0.714523 0.738607 0.409402 
0.682067 0.213820 0.833813 0.225019 0.177275 0.895062 
0.933619 0.153368 0.679593 0.804388 0.329984 0.299086 
0.032367 0.824562 0.534595 0.335346 0.605030 0.644996 
0.521228 0.034470 0.530539 0.460002 0.982750 0.245086 
0.887953 0.127532 0.407344 0.242850 0.900690 0.411511 
0.535396 0.335505 0.327666 0.516432 0.690199 0.660356 
0.730214 0.665798 0.129481 0.138952 0.704338 0.510644 
0.868683 0.218979 0.411531 0.609348 0.486115 0.636795 
0.409229 0.798390 0.493958 0.181452 0.502227 0.659820 
0.058208 0.146046 0.916745 0.365735 0.805418 0.446259 
0.659288 0.406897 0.324009 0.724998 0.562777 0.237155 
0.992895 0.651553 0.206318 0.376369 0.733665 0.135992 
0.642545 0.242126 0.715571 0.899577 0.331124 0.132409 
0.170793 0.526079 0.801546 0.385556 0.088762 0.987524 
0.422784 0.705105 0.369705 0.479256 0.348023 0.491245 
0.985337 0.491628 0.528569 0.073809 0.705083 0.127961 
0.492865 0.894700 0.552246 0.746230 0.383410 0.517562 
0.748175 0.388833 0.532952 0.554011 0.525933 0.364628 
0.256788 0.713676 0.194112 0.236117 0.907054 0.699496 
0.812022 0.373769 0.161126 0.523204 0.546641 0.716981 
0.903633 0.602213 0.092376 0.421224 0.331946 0.515130 
0.788726 0.214244 0.375747 0.993759 0.060914 0.995040 
0.494268 0.454919 0.511177 0.465585 0.844423 0.314507 
0.761139 0.446853 0.475649 0.218146 0.617647 0.654559 
0.308140 0.332163 0.814953 0.642767 0.884385 0.583532 
0.690889 0.219661 0.556420 0.356057 0.901881 0.494845 
0.385224 0.087751 0.717593 0.002500 0.831669 0.599377 
0.143313 0.363732 0.605849 0.809027 0.474642 0.754400 
0.621313 0.226653 0.300726 0.981555 0.005015 0.801885 
0.421560 0.335286 0.998536 0.212349 0.384892 0.634581 
0.460621 0.411546 0.814084 0.485467 0.023420 0.780997 
0.373412 0.924306 0.462804 0.210876 0.923568 0.147123 
0.976468 0.015923 0.736777 0.478847 0.122489 0.203676 
0.258871 0.836920 0.738155 0.511204 0.384324 0.507714 
0.405966 0.436860 0.952481 0.451017 0.311408 0.000454 
0.349147 0.027579 0.570680 0.360325 0.939047 0.502470 
0.546238 0.414165 0.442255 0.860905 0.493597 0.526570 
0.993754 0.249920 0.870602 0.534623 0.453532 0.354374 
0.930553 0.189611 0.250738 0.904977 0.256894 0.609261 
0.899769 0.214044 0.811852 0.256530 0.159292 0.782326 
0.049653 0.861619 0.075473 0.778514 0.698774 0.209765 
0.382024 0.574042 0.337202 0.523793 0.654317 0.482209 
0.312563 0.712573 0.816309 0.843377 0.160159 0.585373 
0.416711 0.472699 0.372625 0.757030 0.795016 0.639915 
0.907669 0.207148 0.687740 0.629473 0.491263 0.096740 
0.546039 0.733783 0.822329 0.766361 0.026522 0.476000 
0.329959 0.970303 0.447109 0.309231 0.585769 0.142555 
0.620263 0.006591 0.628845 0.394656 0.626714 0.614525 
0.296637 0.483890 0.352668 0.951675 0.620897 0.539351 
0.238105 0.238571 0.970064 0.775257 0.507490 0.425718 
0.285666 0.493145 0.374317 0.768946 0.440567 0.348900 
0.330410 0.646548 0.870673 0.705126 0.646143 0.205300 
0.267561 0.511246 0.959154 0.400186 0.324265 0.590828 
0.164253 0.384282 0.772478 0.421973 0.401533 0.942781 
0.785174 0.235279 0.495030 0.863731 0.347380 0.502191 
0.279902 0.632480 0.469815 0.460962 0.309804 0.458826 
0.685516 0.045069 0.985648 0.195357 0.556715 0.602222 
0.161073 0.604477 0.903393 0.347968 0.085963 0.974178 
0.775301 0.397741 0.330452 0.947466 0.239323 0.548273 
0.091095 0.283974 0.457439 0.940985 0.280821 0.487333 
0.693990 0.273159 0.287741 0.071478 0.588338 0.640765 
0.203186 0.580764 0.639934 0.609726 0.316850 0.570140 
0.244697 0.339742 0.244171 0.593312 0.481798 0.987271 
0.169422 0.114122 0.552713 0.605728 0.373486 0.779354 
0.356831 0.164349 0.735220 0.771104 0.458112 0.672396 
0.435941 0.666802 0.748913 0.760495 0.078132 0.413922 
0.567935 0.716269 0.552107 0.341121 0.579835 0.590945 
0.844456 0.204375 0.614618 0.325164 0.803243 0.492580 
0.345870 0.752269 0.068075 0.463315 0.519246 0.367987 
0.172070 0.168960 0.899918 0.339714 0.401048 0.698887 
0.154071 0.826994 0.161690 0.023727 0.855893 0.812416 
0.163369 0.856439 0.318614 0.715064 0.340628 0.859672 
0.695159 0.719738 0.748209 0.341032 0.238981 0.294599 
0.679360 0.266260 0.106259 0.993171 0.354313 0.688771 
0.346375 0.374218 0.739199 0.881934 0.130302 0.250755 
0.359886 0.834948 0.069214 0.515870 0.185234 0.877896 
0.383924 0.295613 0.606281 0.127003 0.829760 0.669437 
0.238115 0.826866 0.566441 0.228606 0.537101 0.249941 
0.455515 0.636473 0.345258 0.737043 0.646597 0.351373 
0.126099 0.583042 0.409271 0.715651 0.629613 0.952249 
0.424260 0.636643 0.880503 0.271780 0.685054 0.212740 
0.127150 0.811841 0.483535 0.629390 0.745467 0.649913 
0.679677 0.455230 0.606214 0.174561 0.059882 0.952352 
0.777521 0.339661 0.442779 0.564109 0.186870 0.286514 
0.173180 0.535037 0.849091 0.245758 0.696571 0.904566 
0.407606 0.818541 0.719752 0.308020 0.389455 0.346937 
0.488557 0.749740 0.513416 0.451798 0.881251 0.174956 
0.859364 0.179849 0.862556 0.950528 0.069542 0.692127 
0.199791 0.602747 0.337284 0.289257 0.489110 0.605643 
0.683229 0.070363 0.707272 0.099704 0.683481 0.549174 
0.530463 0.584109 0.206984 0.448599 0.760288 0.752399 
0.585174 0.281636 0.446497 0.456611 0.622132 0.622305 
0.189153 0.512448 0.309267 0.569312 0.420125 0.717002 
0.483225 0.547223 0.211147 0.718161 0.582858 0.593020 
0.112754 0.446693 0.881229 0.323197 0.627448 0.565709 
0.376205 0.762022 0.600406 0.372091 0.404644 0.755138 
0.594095 0.358839 0.589150 0.164043 0.773715 0.437078 
0.363838 0.957620 0.720680 0.296817 0.152557 0.354613 
0.447718 0.903335 0.030378 0.653663 0.606363 0.156506 
0.073622 0.762346 0.396789 0.369300 0.410915 0.543799 
0.321979 0.855220 0.142653 0.775106 0.555138 0.876495 
0.152545 0.857329 0.842283 0.012362 0.179203 0.661796 
0.000896 0.986430 0.161402 0.516914 0.944166 0.198573 
0.644288 0.307946 0.562433 0.481018 0.877737 0.405579 
0.003646 0.536655 0.975003 0.421441 0.373286 0.616084 
0.866709 0.581496 0.442109 0.415931 0.698831 0.200675 
0.543508 0.507725 0.162642 0.261739 0.580543 0.662245 
0.276570 0.649047 0.830061 0.340436 0.312566 0.631151 
0.112197 0.428985 0.614389 0.246076 0.578250 0.663025 
0.593723 0.353257 0.321787 0.530423 0.975617 0.472067 
0.255972 0.448963 0.489352 0.616475 0.256588 0.637769 
0.514622 0.342396 0.517690 0.616871 0.395091 0.513674 
0.698932 0.465416 0.553093 0.157453 0.565491 0.298413 
0.462441 0.886155 0.481998 0.517740 0.552416 0.103817 
0.590368 0.527758 0.762690 0.008043 0.638415 0.671456 
0.243253 0.968632 0.310914 0.358212 0.106323 0.969402 
0.743141 0.247349 0.841725 0.491627 0.783337 0.609876 
0.825789 0.549631 0.031719 0.390396 0.917560 0.150819 
0.250804 0.452757 0.353810 0.695288 0.220796 0.835312 
0.884216 0.086092 0.787015 0.886103 0.178184 0.631047 
0.532398 0.334890 0.877646 0.786966 0.572975 0.056203 
0.868448 0.938280 0.587245 0.449867 0.430016 0.082116 
0.779776 0.698266 0.413417 0.542491 0.037397 0.665495 
0.259970 0.936914 0.373218 0.295029 0.919842 0.269869 
0.421423 0.029829 0.585986 0.603620 0.764892 0.501042 
0.106484 0.478916 0.465006 0.353550 0.329504 0.532692 
0.983322 0.028522 0.127713 0.642344 0.721295 0.288749 
0.976958 0.716481 0.140227 0.919537 0.266943 0.103262 
0.690023 0.532931 0.334920 0.746946 0.173878 0.179406 
0.176052 0.479753 0.860647 0.145014 0.573812 0.667852 
0.745424 0.347830 0.375225 0.690060 0.402048 0.293148 
0.858982 0.908422 0.577918 0.465651 0.081355 0.126660 
0.422764 0.770327 0.612347 0.130272 0.790888 0.019390 
0.857098 0.359899 0.754480 0.405124 0.208242 0.524444 
0.155251 0.201456 0.639571 0.721928 0.792380 0.442143 
0.470284 0.658898 0.062689 0.354595 0.824941 0.139901 
0.667864 0.237336 0.621152 0.521688 0.196410 0.781671 
0.561781 0.624551 0.028113 0.725823 0.677372 0.558475 
0.471548 0.790455 0.208748 0.010537 0.761711 0.754641 
0.526173 0.658304 0.539905 0.840422 0.098423 0.560768 
0.399006 0.438720 0.864324 0.241385 0.473814 0.479999 
0.296647 0.560968 0.975648 0.346616 0.701814 0.266852 
0.098599 0.801845 0.307532 0.905195 0.653630 0.364620 
0.100276 0.607942 0.801743 0.309188 0.312007 0.808451 
0.559954 0.795750 0.064427 0.483143 0.162437 0.703544 
0.332391 0.511635 0.747344 0.606598 0.345888 0.503722 
0.656140 0.544729 0.193794 0.535614 0.231295 0.654497 
0.529195 0.756690 0.320715 0.675122 0.099024 0.514235 
0.741176 0.662664 0.098937 0.336620 0.402983 0.226709 
0.665938 0.464960 0.767184 0.600470 0.553914 0.354281 
0.020137 0.998227 0.866127 0.383324 0.615098 0.176759 
0.421261 0.817549 0.088771 0.257001 0.784527 0.264004 
0.628452 0.319599 0.489074 0.572939 0.697805 0.357734 
0.783509 0.056390 0.616929 0.373385 0.912823 0.356478 
0.728874 0.617973 0.707576 0.417798 0.714493 0.064443 
0.573083 0.505455 0.514250 0.269306 0.247078 0.692263 
0.840605 0.134071 0.782256 0.149210 0.143133 0.798812 
0.202151 0.717465 0.558615 0.314158 0.610708 0.868227 
0.337085 0.645673 0.443772 0.919799 0.309193 0.153613 
0.423047 0.072477 0.536753 0.566623 0.257179 0.563570 
0.284449 0.377028 0.606991 0.859190 0.028853 0.799968 
0.230107 0.693140 0.018854 0.504550 0.708494 0.988592 
0.380471 0.391758 0.745581 0.759684 0.939186 0.240682 
0.379533 0.576494 0.665070 0.611868 0.522756 0.159380 
0.809343 0.530639 0.592159 0.464840 0.815177 0.107873 
0.198300 0.728415 0.510548 0.175082 0.446603 0.812213 
0.129297 0.569460 0.778391 0.616215 0.342269 0.112535 
0.198847 0.356120 0.802179 0.263248 0.991577 0.287821 
0.172652 0.801193 0.909995 0.016872 0.796746 0.192508 
0.685786 0.602593 0.712825 0.850746 0.218956 0.214782 
0.864603 0.595631 0.591956 0.334957 0.094496 0.491758 
0.303150 0.368609 0.645758 0.490920 0.456692 0.471617 
0.612410 0.816403 0.115022 0.615453 0.220760 0.798349 
0.072405 0.994297 0.481553 0.102230 0.356059 0.952091 
0.486395 0.642938 0.562388 0.851477 0.234587 0.166366 
0.605271 0.866566 0.490968 0.408220 0.645263 0.308203 
0.409684 0.939068 0.742520 0.210478 0.519598 0.344058 
0.894074 0.391146 0.196599 0.731025 0.562479 0.528085 
0.901585 0.410812 0.464329 0.255820 0.411984 0.263845 
0.534892 0.145019 0.726397 0.702583 0.113552 0.699192 
0.451180 0.783721 0.667338 0.941546 0.279417 0.006581 
0.109277 0.942039 0.522109 0.816320 0.324839 0.745145 
0.310143 0.916144 0.348759 0.879778 0.335897 0.183154 
0.302477 0.348182 0.684428 0.518784 0.313717 0.686174 
0.493692 0.547923 0.584068 0.904920 0.884949 0.068085 
0.651559 0.136511 0.787235 0.492233 0.841106 0.761921 
0.715164 0.004120 0.437081 0.851062 0.567217 0.535413 
0.250505 0.418323 0.716748 0.712691 0.332293 0.839468 
0.269180 0.986872 0.160060 0.602317 0.677419 0.569220 
0.556238 0.535984 0.431266 0.591040 0.521100 0.136530 
0.594757 0.625585 0.605281 0.065477 0.847277 0.104920 
0.860728 0.516515 0.749539 0.143724 0.502529 0.490988 
0.941093 0.062333 0.484890 0.702618 0.463618 0.291829 
0.562166 0.613967 0.283855 0.183630 0.501353 0.676248 
0.767447 0.672761 0.596080 0.505387 0.275224 0.344207 
0.431215 0.443748 0.787367 0.110507 0.717816 0.186320 
0.288784 0.484960 0.123688 0.584120 0.954955 0.722040 
0.413868 0.953521 0.017482 0.722534 0.364412 0.526766 
0.952329 0.119287 0.511823 0.517128 0.837931 0.468934 
0.559597 0.636059 0.190451 0.512471 0.579544 0.089789 
0.888769 0.077608 0.308659 0.596705 0.405921 0.974725 
0.768893 0.040558 0.517372 0.886054 0.413329 0.568030 
0.678405 0.413099 0.786968 0.262578 0.766560 0.390102 
0.074839 0.380315 0.512847 0.709302 0.269906 0.932060 
0.773500 0.022459 0.811183 0.898881 0.136597 0.195192 
0.426746 0.574541 0.844952 0.249910 0.471790 0.641279 
0.624228 0.304927 0.639518 0.590801 0.649885 0.353962 
0.188109 0.355324 0.679052 0.333668 0.832595 0.177473 
0.233337 0.924591 0.208847 0.186273 0.459802 0.844295 
0.881290 0.469420 0.727911 0.190813 0.244901 0.444796 
0.708938 0.362587 0.502901 0.449085 0.550972 0.590132 
0.453413 0.470812 0.273842 0.641434 0.299528 0.457630 
0.179706 0.128206 0.653153 0.338336 0.429283 0.833938 
0.815965 0.674063 0.591026 0.529406 0.437169 0.000649 
0.620483 0.606415 0.353678 0.523743 0.370307 0.109738 
0.408806 0.141784 0.869226 0.627869 0.447740 0.350983 
0.143914 0.958929 0.774895 0.412405 0.476749 0.793838 
0.417957 0.674802 0.704489 0.209552 0.241252 0.946096 
0.123025 0.647550 0.546660 0.778012 0.023008 0.988856 
0.403583 0.108221 0.351368 0.579379 0.320403 0.966496 
0.308925 0.516998 0.711552 0.246267 0.945069 0.260290 
0.937857 0.073004 0.331663 0.715210 0.260479 0.430704 
0.654658 0.329535 0.213402 0.941047 0.483447 0.373444 
0.616568 0.404400 0.876728 0.575070 0.178495 0.079629 
0.465843 0.377824 0.781061 0.584115 0.526767 0.376297 
0.937276 0.810760 0.084859 0.299193 0.928474 0.001873 
0.978691 0.109490 0.655829 0.449197 0.400523 0.769877 
0.854174 0.907205 0.279990 0.477107 0.283306 0.386930 
0.934474 0.241906 0.152760 0.864213 0.220501 0.933586 
0.292453 0.243631 0.594202 0.807882 0.510175 0.653054 
0.905427 0.366691 0.841660 0.120404 0.119732 0.296223 
0.843410 0.256310 0.141069 0.308202 0.765899 0.641064 
0.553500 0.348786 0.876616 0.453858 0.455878 0.603855 
0.204821 0.684209 0.704118 0.457316 0.235218 0.664301 
0.861863 0.559928 0.621075 0.195355 0.590058 0.347917 
0.969741 0.148739 0.135935 0.860243 0.292021 0.098336 
0.095316 0.742735 0.971343 0.559216 0.570363 0.134896 
0.207518 0.411056 0.296502 0.608098 0.497380 0.692372 
0.260748 0.631376 0.634294 0.184431 0.792355 0.618153 
0.196552 0.847607 0.477874 0.095753 0.425257 0.867914 
0.314219 0.030267 0.558951 0.567163 0.866976 0.885991 
0.339183 0.630381 0.521330 0.136573 0.882485 0.127039 
0.748772 0.124223 0.786350 0.141196 0.651171 0.614528 
0.347712 0.896771 0.805928 0.350262 0.250051 0.410599 
0.146772 0.527042 0.520551 0.404770 0.700300 0.472769 
0.927950 0.617160 0.461555 0.459305 0.140829 0.239791 
0.423535 0.066392 0.775340 0.422959 0.279018 0.837709 
0.434986 0.327775 0.406968 0.781929 0.039187 0.619008 
0.120533 0.492477 0.623282 0.570515 0.244710 0.684254 
0.515433 0.181111 0.362986 0.543370 0.287165 0.494616 
0.114472 0.986680 0.158986 0.559162 0.721485 0.778784 
0.631849 0.112909 0.512171 0.305918 0.505081 0.714768 
0.391916 0.445808 0.651840 0.639594 0.678378 0.235236 
0.132139 0.557349 0.515307 0.571239 0.488669 0.809574 
0.819133 0.525996 0.029736 0.507467 0.429798 0.512973 
0.460833 0.849585 0.642156 0.630187 0.538402 0.226610 
0.907058 0.421160 0.166471 0.511196 0.239289 0.040005 
0.099772 0.418788 0.668933 0.539851 0.594598 0.760558 
0.654471 0.588039 0.968593 0.509196 0.035725 0.137224 
0.643257 0.209490 0.640202 0.081868 0.597446 0.713806 
0.675697 0.229541 0.554509 0.912063 0.443423 0.281929 
0.757213 0.334411 0.240904 0.547776 0.502618 0.349576 
0.794832 0.095015 0.590788 0.773263 0.108970 0.348366 
0.790064 0.449640 0.309432 0.414436 0.673305 0.467087 
0.992308 0.173561 0.434313 0.751912 0.578346 0.109209 
0.320631 0.242489 0.319089 0.672094 0.420717 0.501293 
0.253297 0.162980 0.732929 0.399734 0.593584 0.457713 
0.312839 0.830086 0.101339 0.238802 0.360829 0.780292 
0.589904 0.447470 0.818862 0.173734 0.595933 0.493472 
0.560114 0.633594 0.370478 0.273464 0.894970 0.461508 
0.486713 0.312975 0.326731 0.038953 0.908247 0.837096 
0.227668 0.402222 0.758467 0.800342 0.828843 0.237232 
0.100785 0.799666 0.727772 0.802889 0.348144 0.368514 
0.364621 0.642241 0.183497 0.286797 0.836024 0.796492 
0.047823 0.809250 0.829114 0.279753 0.548148 0.861556 
0.057705 0.803264 0.997765 0.508188 0.495823 0.075626 
0.018443 0.717837 0.871268 0.617498 0.437802 0.357115 
0.453051 0.720760 0.462956 0.267650 0.231125 0.881056 
0.552559 0.371141 0.625477 0.399776 0.760666 0.088580 
0.197790 0.777628 0.682994 0.245222 0.204652 0.420637 
0.462766 0.851136 0.562282 0.067373 0.497270 0.979640 
0.469830 0.802097 0.013723 0.288672 0.934600 0.257476 
0.494041 0.670051 0.194916 0.768832 0.439427 0.321328 
0.174525 0.675554 0.874119 0.252856 0.673868 0.091465 
0.856920 0.031249 0.358851 0.725783 0.474589 0.719639 
0.394504 0.106745 0.830586 0.347859 0.749188 0.684372 
0.588989 0.752290 0.573054 0.827890 0.609371 0.141634 
0.592205 0.889959 0.089175 0.590117 0.619950 0.044580 
0.686067 0.829388 0.084296 0.515113 0.844941 0.605499 
0.810838 0.356802 0.864010 0.378809 0.310272 0.506477 
0.903144 0.202529 0.256373 0.607731 0.723211 0.057907 
0.544631 0.873551 0.917356 0.675319 0.088100 0.025731 
0.861855 0.280187 0.083521 0.640686 0.865665 0.287572 
0.512661 0.340168 0.012364 0.681794 0.507348 0.518269 
0.628036 0.350750 0.866428 0.451917 0.311902 0.415658 
0.784500 0.717242 0.448198 0.521202 0.455438 0.088845 
0.950116 0.062469 0.402536 0.680600 0.505702 0.049560 
0.780314 0.010267 0.749907 0.355246 0.411066 0.820116 
0.351622 0.133029 0.406157 0.684120 0.769124 0.584230 
0.940943 0.373055 0.178471 0.901957 0.588007 0.123383 
0.224372 0.582738 0.542765 0.416031 0.692014 0.312817 
0.201226 0.023457 0.444097 0.407930 0.878561 0.610733 
0.431299 0.425723 0.765524 0.087688 0.353886 0.727220 
0.469836 0.819708 0.451090 0.627277 0.651745 0.026306 
0.169448 0.267428 0.791673 0.790837 0.384650 0.501054 
0.670154 0.518526 0.623762 0.589678 0.561838 0.381938 
0.305117 0.718266 0.901782 0.033811 0.447862 0.328724 
0.533937 0.500868 0.755105 0.377774 0.685939 0.574136 
0.818394 0.744109 0.019026 0.486439 0.294491 0.416261 
0.441156 0.174407 0.311056 0.576639 0.426259 0.615767 
0.877924 0.124470 0.898906 0.322585 0.486767 0.519026 
0.409445 0.370832 0.826327 0.214894 0.621487 0.765092 
0.002046 0.238522 0.825723 0.114909 0.238544 0.973429 
0.631063 0.622832 0.502379 0.387430 0.387007 0.187862 
0.110580 0.422486 0.446929 0.436786 0.433795 0.848427 
0.775236 0.593362 0.051418 0.588009 0.355987 0.437117 
0.019780 0.713623 0.439299 0.703873 0.598927 0.368131 
0.504509 0.969068 0.122056 0.829430 0.130034 0.406491 
0.315517 0.764735 0.963164 0.266263 0.583116 0.285665 
0.352344 0.377127 0.938795 0.445946 0.972100 0.585886 
0.747026 0.150128 0.543495 0.988487 0.818322 0.514386 
0.256246 0.823653 0.771996 0.553083 0.100879 0.453770 
0.676917 0.633093 0.641137 0.040499 0.585261 0.583795 
0.219416 0.697255 0.889130 0.468414 0.433686 0.584736 
0.118321 0.588385 0.382631 0.962166 0.320491 0.584845 
0.646490 0.338686 0.879605 0.448139 0.455841 0.162471 
0.308541 0.770684 0.253350 0.405888 0.084156 0.973172 
0.984848 0.161882 0.484560 0.407398 0.448740 0.321094 
0.097923 0.958234 0.470330 0.178272 0.062122 0.483214 
0.138332 0.735884 0.635758 0.393113 0.742717 0.664384 
0.441238 0.688915 0.489131 0.439514 0.434864 0.198010 
0.561835 0.544862 0.592405 0.632590 0.276172 0.619593 
0.343922 0.525228 0.819457 0.609908 0.224431 0.685017 
0.388064 0.541532 0.849235 0.704354 0.257956 0.425006 
0.754823 0.008670 0.453664 0.629345 0.103349 0.254926 
0.884827 0.663087 0.742510 0.562658 0.475997 0.055139 
0.027241 0.745438 0.475404 0.282779 0.610754 0.949953 
0.581504 0.677868 0.495749 0.685564 0.386219 0.297365 
0.695613 0.704169 0.095362 0.690632 0.577219 0.328781 
0.347950 0.890136 0.491398 0.564940 0.692873 0.063561 
0.569955 0.400390 0.168172 0.872532 0.572167 0.768477 
0.707709 0.723616 0.273327 0.332024 0.048235 0.708631 
0.388004 0.603365 0.246880 0.376856 0.624850 0.612006 
0.937542 0.111905 0.983126 0.332165 0.990715 0.006172 
0.573293 0.656870 0.485674 0.230672 0.655912 0.314132 
0.390611 0.995722 0.518126 0.485199 0.508392 0.168054 
0.414635 0.968265 0.542628 0.466680 0.643811 0.567290 
0.775402 0.411010 0.159542 0.357030 0.855786 0.392039 
0.795893 0.282419 0.260504 0.281027 0.768533 0.707309 
0.800927 0.233192 0.963116 0.105953 0.562578 0.001349 
0.141415 0.899969 0.356466 0.517592 0.615073 0.317884 
0.462906 0.820380 0.574883 0.519854 0.923972 0.254359 
0.225491 0.700146 0.527673 0.646980 0.032980 0.869388 
0.455735 0.043841 0.919398 0.254504 0.364112 0.863025 
0.349002 0.559062 0.939448 0.204658 0.002182 0.726952 
0.531566 0.409672 0.007524 0.281536 0.987361 0.426685 
0.508490 0.800623 0.753950 0.233827 0.714379 0.206088 
0.085683 0.295525 0.530388 0.845990 0.591114 0.442522 
0.437879 0.642043 0.562763 0.665159 0.666636 0.565925 
0.025269 0.861547 0.169359 0.159019 0.508325 0.833559 
0.277038 0.473109 0.951996 0.394106 0.256270 0.822724 
0.920213 0.495860 0.579003 0.832384 0.267886 0.555316 
0.929698 0.300533 0.049685 0.414730 0.972661 0.548572 
0.461949 0.578509 0.988288 0.150022 0.732863 0.416563 
0.672881 0.651863 0.741502 0.135340 0.366629 0.492914 
0.547778 0.108883 0.668075 0.375012 0.897242 0.635595 
0.264101 0.967579 0.352556 0.153411 0.798570 0.391778 
0.588912 0.863410 0.278831 0.515320 0.703421 0.059529 
0.967019 0.433721 0.445982 0.168422 0.598963 0.525826 
0.392506 0.474505 0.501626 0.427141 0.818318 0.123430 
0.597690 0.577776 0.348123 0.147836 0.566773 0.273151 
0.785631 0.036874 0.614258 0.677468 0.556588 0.535303 
0.371282 0.051975 0.987370 0.327540 0.997993 0.657638 
0.589491 0.718915 0.889996 0.413741 0.085683 0.682128 
0.228120 0.860868 0.544731 0.420259 0.170794 0.640752 
0.774788 0.711225 0.398277 0.026776 0.637684 0.389979 
0.888781 0.155180 0.534341 0.747505 0.462277 0.151234 
0.270327 0.874115 0.152193 0.246565 0.578398 0.999289 
0.812306 0.411082 0.782004 0.311181 0.401861 0.519014 
0.207087 0.509354 0.973360 0.735157 0.496755 0.069347 
0.879680 0.126685 0.851125 0.559762 0.131998 0.868603 
0.229644 0.813568 0.157106 0.170797 0.705733 0.695814 
0.134632 0.873134 0.017699 0.559112 0.498956 0.519202 
0.083556 0.744925 0.437943 0.410509 0.531110 0.536598 
0.335069 0.707933 0.495156 0.617426 0.245838 0.680487 
0.722195 0.546306 0.245306 0.852820 0.343824 0.544193 
0.820218 0.254546 0.554918 0.664791 0.166420 0.200851 
0.420436 0.773349 0.056338 0.861460 0.001266 0.996278 
0.388313 0.792739 0.540780 0.043209 0.533034 0.817672 
0.548738 0.450919 0.578990 0.034424 0.165780 0.972477 
0.920615 0.374221 0.275920 0.551634 0.874144 0.162225 
0.450005 0.685325 0.140429 0.367531 0.480012 0.971520 
0.877069 0.201196 0.404537 0.721073 0.538936 0.002534 
0.743689 0.533416 0.749515 0.167591 0.098774 0.425886 
0.137686 0.446957 0.125226 0.941075 0.868277 0.565036 
0.754979 0.699901 0.560495 0.128796 0.681605 0.035404 
0.891670 0.061420 0.280540 0.919346 0.672639 0.249420 
0.817768 0.689347 0.824902 0.034785 0.429261 0.518207 
0.665517 0.332056 0.370723 0.380096 0.794193 0.686728 
0.118497 0.853416 0.793229 0.035377 0.862311 0.529043 
0.335876 0.447917 0.535051 0.653785 0.470893 0.239603 
0.885293 0.301330 0.870578 0.008007 0.645972 0.347280 
0.583357 0.850550 0.570619 0.273943 0.905200 0.009148 
0.153274 0.318027 0.896555 0.207181 0.643169 0.566118 
0.305755 0.068304 0.793714 0.021606 0.709798 0.925949 
0.533783 0.532260 0.403203 0.939804 0.058727 0.213226 
0.163389 0.644695 0.750534 0.209698 0.277557 0.518890 
0.481162 0.683676 0.152263 0.267873 0.974290 0.343153 
0.678884 0.537037 0.813184 0.504726 0.436527 0.156112 
0.551814 0.588255 0.618892 0.371470 0.198684 0.535812 
0.543643 0.416158 0.482157 0.653045 0.408769 0.356777 
0.724151 0.560183 0.397937 0.159499 0.235095 0.264472 
0.477218 0.716520 0.409052 0.150751 0.711587 0.093682 
0.474699 0.631225 0.667119 0.273351 0.536821 0.117270 
0.329997 0.722369 0.123618 0.392732 0.571657 0.338503 
0.013885 0.790878 0.173343 0.670814 0.327470 0.353366 
0.638087 0.315285 0.954964 0.100633 0.846437 0.074327 
0.656091 0.192465 0.606886 0.508389 0.313639 0.146115 
0.550606 0.420936 0.772174 0.108159 0.634389 0.217646 
0.613150 0.427101 0.666272 0.348768 0.656200 0.761135 
0.209907 0.862816 0.232770 0.016965 0.757817 0.668317 
0.287307 0.877223 0.458094 0.512393 0.392543 0.631359 
0.632775 0.832081 0.110406 0.772203 0.342454 0.955566 
0.773941 0.402559 0.377364 0.350749 0.453447 0.659034 
0.562751 0.569710 0.281757 0.664503 0.324704 0.760698 
0.238617 0.736315 0.289945 0.869307 0.094525 0.796748 
0.574408 0.695019 0.002790 0.709982 0.893426 0.205430 
0.020470 0.583106 0.672690 0.797784 0.259467 0.828866 
0.646087 0.437875 0.666794 0.582106 0.742976 0.103881 
0.584796 0.696678 0.195499 0.163225 0.983025 0.036650 
0.230384 0.778885 0.094481 0.715323 0.668027 0.101608 
0.639191 0.737136 0.141833 0.679061 0.283421 0.384709 
0.748305 0.217282 0.710850 0.364277 0.233571 0.276994 
0.994568 0.092465 0.496128 0.583852 0.595892 0.478917 
0.672632 0.713264 0.648471 0.322152 0.574220 0.328869 
0.914682 0.119960 0.393648 0.597850 0.025052 0.217199 
0.850669 0.888189 0.297683 0.514884 0.728680 0.111726 
0.036870 0.628115 0.795872 0.952022 0.009104 0.508494 
0.851231 0.556756 0.202114 0.141460 0.912269 0.060309 
0.813664 0.388655 0.399099 0.696786 0.130706 0.386156 
0.479047 0.698804 0.190756 0.198090 0.931475 0.377622 
0.232344 0.122141 0.512147 0.920583 0.404676 0.666506 
0.140630 0.623686 0.399681 0.233099 0.917559 0.629181 
0.238335 0.592623 0.889105 0.785665 0.477858 0.448536 
0.319942 0.709722 0.115423 0.287690 0.667911 0.853065 
0.344488 0.572606 0.568239 0.086729 0.653690 0.970379 
0.800586 0.402449 0.599121 0.328500 0.688318 0.620814 
0.234237 0.425790 0.898655 0.937910 0.621632 0.222747 
0.267498 0.710272 0.081501 0.516120 0.495958 0.934278 
0.087388 0.943857 0.358615 0.723194 0.372362 0.380617 
0.495220 0.860416 0.029582 0.558915 0.623699 0.361981 
0.327764 0.835780 0.825853 0.026129 0.794956 0.382355 
0.939053 0.093556 0.742950 0.040683 0.465717 0.786575 
0.750631 0.236144 0.910670 0.131018 0.141279 0.909623 
0.864017 0.374428 0.516951 0.320451 0.662529 0.310003 
0.058585 0.385099 0.916079 0.470331 0.625264 0.975996 
0.446263 0.395571 0.654205 0.238052 0.939080 0.504951 
0.810101 0.456153 0.498134 0.643537 0.478448 0.037878 
0.682192 0.707920 0.506201 0.227534 0.818630 0.313172 
0.501644 0.122291 0.234670 0.877981 0.745789 0.647838 
0.273649 0.351164 0.532617 0.445237 0.900133 0.417637 
0.684165 0.882469 0.057974 0.444384 0.768421 0.461112 
0.188184 0.897038 0.221742 0.661496 0.567323 0.476698 
0.417344 0.118719 0.106587 0.728790 0.354516 0.833615 
0.983396 0.003900 0.581671 0.673791 0.596826 0.362825 
0.122940 0.842521 0.324832 0.883602 0.100477 0.795684 
0.109405 0.550372 0.586637 0.656120 0.223012 0.449583 
0.394969 0.519705 0.412481 0.281247 0.592100 0.583079 
0.688362 0.373420 0.010976 0.407942 0.346094 0.410398 
0.164406 0.518073 0.621130 0.618869 0.452256 0.730175 
0.578574 0.482480 0.572525 0.911729 0.174954 0.099220 
0.239971 0.673978 0.311188 0.726112 0.537663 0.507538 
0.738391 0.285272 0.390708 0.915244 0.520997 0.415765 
0.208216 0.525427 0.409736 0.348232 0.734081 0.690117 
0.622295 0.541237 0.430064 0.334233 0.570701 0.502645 
0.389090 0.231517 0.834187 0.339681 0.993378 0.655737 
0.793786 0.042026 0.809759 0.359583 0.887924 0.348492 
0.367882 0.935758 0.415871 0.987439 0.316144 0.517898 
0.870614 0.993318 0.096374 0.477527 0.205125 0.422548 
0.302288 0.522223 0.395424 0.512462 0.941240 0.369544 
0.609418 0.716568 0.376183 0.552708 0.412549 0.261608 
0.085555 0.857035 0.048979 0.751266 0.179718 0.953810 
0.594346 0.137017 0.815266 0.499626 0.418060 0.764927 
0.485415 0.522009 0.093318 0.972846 0.276030 0.343329 
0.273380 0.496637 0.558249 0.057745 0.871671 0.431523 
0.067751 0.391549 0.325334 0.415526 0.836869 0.788778 
0.750181 0.482935 0.182127 0.274954 0.502718 0.740288 
0.662788 0.004902 0.446556 0.713800 0.181220 0.512172 
0.336998 0.700597 0.902877 0.513169 0.675718 0.148975 
0.789900 0.030548 0.498287 0.549804 0.924088 0.409563 
0.535371 0.915121 0.027804 0.509163 0.302029 0.605498 
0.352133 0.547936 0.023030 0.732160 0.660901 0.611864 
0.449718 0.850266 0.649360 0.781662 0.239416 0.223552 
0.850578 0.866181 0.138976 0.079594 0.710410 0.123101 
0.439685 0.778144 0.782027 0.157151 0.310206 0.469508 
0.862232 0.313336 0.741789 0.587959 0.138240 0.261360 
0.425897 0.973533 0.009685 0.551438 0.489385 0.621894 
0.057598 0.977341 0.270957 0.437045 0.881101 0.475944 
0.736366 0.244747 0.211428 0.332009 0.539501 0.860848 
0.278960 0.072074 0.447364 0.896628 0.521752 0.946833 
0.366034 0.662263 0.089929 0.657498 0.598836 0.746734 
0.226586 0.809874 0.203747 0.647174 0.762890 0.592280 
0.057709 0.979742 0.059826 0.614066 0.659413 0.583777 
0.663400 0.361715 0.699836 0.743108 0.214137 0.452493 
0.770205 0.501446 0.768046 0.543802 0.198392 0.308296 
0.682065 0.271713 0.750293 0.168094 0.350526 0.522219 
0.095637 0.971309 0.808650 0.055474 0.715778 0.462507 
0.273975 0.760604 0.383109 0.619376 0.518946 0.753046 
0.951923 0.667755 0.227720 0.073915 0.921161 0.292851 
0.479785 0.317165 0.887857 0.877336 0.513370 0.074469 
0.147573 0.459315 0.585333 0.724284 0.170903 0.756685 
0.713415 0.135207 0.238928 0.735077 0.600717 0.332936 
0.591045 0.340788 0.934094 0.507807 0.526285 0.125393 
0.149573 0.979799 0.249271 0.566651 0.274091 0.730589 
0.835673 0.304317 0.380678 0.639666 0.723804 0.421311 
0.217096 0.334734 0.686282 0.553441 0.371255 0.656304 
0.061240 0.952393 0.514801 0.066278 0.310285 0.879428 
0.632519 0.591681 0.053700 0.669444 0.470074 0.454578 
0.773818 0.250767 0.502633 0.311262 0.514739 0.219278 
0.549839 0.712550 0.429282 0.592053 0.647926 0.365350 
0.617822 0.079590 0.719930 0.293155 0.672797 0.194681 
0.868649 0.726894 0.104894 0.811491 0.205072 0.619202 
0.316624 0.624440 0.448411 0.542640 0.138898 0.397898 
0.350426 0.752542 0.557468 0.329780 0.631615 0.075046 
0.204215 0.838692 0.704361 0.432380 0.289532 0.687608 
0.484448 0.725801 0.055635 0.853990 0.720787 0.211513 
0.012202 0.750987 0.245416 0.967663 0.319222 0.820757 
0.715196 0.942940 0.572930 0.362556 0.008516 0.442016 
0.377391 0.463055 0.863548 0.179105 0.793030 0.152527 
0.582651 0.679569 0.780770 0.082277 0.489944 0.118087 
0.840086 0.341335 0.840586 0.423778 0.601140 0.290782 
0.757683 0.521327 0.287565 0.497868 0.579816 0.718516 
0.326109 0.246496 0.800709 0.655487 0.224409 0.636877 
0.454791 0.933928 0.188599 0.466140 0.746478 0.571954 
0.623277 0.852848 0.269722 0.619445 0.137684 0.214625 
0.504626 0.266199 0.394620 0.621434 0.769280 0.294915 
0.167317 0.642890 0.173386 0.882282 0.859695 0.157517 
0.187657 0.792197 0.793526 0.161309 0.546625 0.377531 
0.787723 0.203084 0.764114 0.191524 0.623242 0.680294 
0.371211 0.763502 0.323015 0.428495 0.609889 0.698101 
0.240055 0.681225 0.194103 0.441747 0.887266 0.360228 
0.834094 0.711997 0.157589 0.914207 0.202804 0.701742 
0.659978 0.662224 0.297424 0.161753 0.513294 0.842701 
0.793729 0.243754 0.371090 0.415639 0.055493 0.730269 
0.356855 0.656476 0.135942 0.381722 0.925046 0.291262 
0.530867 0.352507 0.140960 0.884284 0.079519 0.749646 
0.226424 0.071589 0.331189 0.714647 0.388283 0.932177 
0.361991 0.180410 0.866280 0.643476 0.216529 0.638911 
0.230288 0.653968 0.240737 0.330507 0.885696 0.632015 
0.623749 0.160243 0.788437 0.573462 0.761943 0.188565 
0.451616 0.788920 0.374791 0.597165 0.377060 0.435000 
0.923855 0.264754 0.219607 0.621406 0.444944 0.036080 
0.137810 0.014272 0.496774 0.740254 0.336129 0.538366 
0.355674 0.463148 0.141973 0.288931 0.844869 0.312759 
0.224058 0.742746 0.964052 0.136160 0.933459 0.299067 
0.187161 0.604879 0.048868 0.743132 0.533395 0.867803 
0.172949 0.444839 0.574476 0.670414 0.935346 0.305981 
0.196922 0.829264 0.205328 0.775370 0.681579 0.379289 
0.473814 0.825656 0.328936 0.359765 0.554946 0.391812 
0.513013 0.565058 0.514649 0.860127 0.216536 0.490713 
0.774134 0.501105 0.033848 0.571195 0.345869 0.373731 
0.600021 0.131434 0.569384 0.423593 0.518159 0.715006 
0.510272 0.857406 0.604370 0.043821 0.919893 0.530306 
0.046323 0.548232 0.403032 0.882353 0.697757 0.740324 
0.656658 0.824669 0.449265 0.036355 0.470317 0.548847 
0.321660 0.522641 0.585086 0.539259 0.072308 0.835315 
0.461787 0.865851 0.169409 0.744350 0.527620 0.548389 
0.443752 0.096421 0.753230 0.935019 0.355721 0.457954 
0.156531 0.522192 0.948516 0.002424 0.249302 0.785521 
0.016571 0.663753 0.627615 0.569664 0.586791 0.547513 
0.506850 0.561992 0.958010 0.244279 0.956111 0.123459 
0.423947 0.792710 0.645259 0.623715 0.340578 0.662852 
0.147840 0.634396 0.697823 0.118480 0.984506 0.270949 
0.435119 0.388178 0.823024 0.597003 0.650443 0.868195 
0.330647 0.529635 0.595200 0.279684 0.997146 0.169547 
0.855466 0.515821 0.217434 0.685330 0.811316 0.280037 
0.371775 0.987264 0.061463 0.889152 0.010142 0.196897 
0.642609 0.746160 0.533918 0.500864 0.903279 0.213123 
0.701089 0.335862 0.113238 0.887820 0.264843 0.880168 
0.685847 0.237249 0.622970 0.563598 0.497547 0.497837 
0.814607 0.870215 0.320467 0.611585 0.130841 0.178392 
0.453308 0.651601 0.756937 0.370138 0.066969 0.654697 
0.313136 0.268930 0.915012 0.771463 0.285006 0.344515 
0.548281 0.793966 0.775408 0.724644 0.275859 0.111427 
0.387183 0.363661 0.618958 0.857229 0.712967 0.475651 
0.461823 0.329428 0.841357 0.553121 0.166628 0.458577 
0.678326 0.400708 0.103195 0.532863 0.853767 0.304084 
0.597658 0.494044 0.127034 0.656841 0.131952 0.655969 
0.491396 0.211841 0.698292 0.868806 0.641720 0.336651 
0.200023 0.564055 0.662064 0.371473 0.440790 0.837957 
0.482976 0.440996 0.645101 0.485918 0.647982 0.649068 
0.727345 0.372412 0.756870 0.013928 0.259364 0.824126 
0.381416 0.635970 0.417196 0.648650 0.619492 0.013872 
0.504969 0.985741 0.405791 0.231076 0.268875 0.276524 
0.767310 0.073710 0.763575 0.687605 0.340503 0.137197 
0.044553 0.867669 0.528842 0.456579 0.477902 0.249180 
0.208084 0.304703 0.782275 0.468811 0.113182 0.751445 
0.458975 0.670999 0.573303 0.317398 0.728033 0.270271 
0.183535 0.518581 0.653636 0.005485 0.860437 0.674588 
0.858522 0.467550 0.027632 0.903844 0.238584 0.361775 
0.076178 0.672608 0.046744 0.911036 0.606068 0.391680 
0.399998 0.533796 0.493825 0.925067 0.368048 0.471411 
0.094662 0.640490 0.418223 0.490299 0.133640 0.986682 
0.888971 0.566303 0.588580 0.081007 0.647831 0.478499 
0.656514 0.252782 0.587825 0.385097 0.825271 0.269439 
0.400518 0.089085 0.517726 0.489484 0.430828 0.797492 
0.223716 0.652490 0.237960 0.640705 0.887813 0.190447 
0.804023 0.362159 0.335024 0.354871 0.636544 0.734485 
0.613904 0.663673 0.449853 0.806175 0.284667 0.005058 
0.722622 0.016970 0.084486 0.731638 0.430103 0.397371 
0.448803 0.435137 0.826436 0.189832 0.392458 0.855803 
0.700594 0.219269 0.452688 0.681907 0.698406 0.458900 
0.988039 0.539740 0.206772 0.960041 0.168849 0.420347 
0.537318 0.434146 0.566151 0.519612 0.140579 0.783226 
0.927643 0.922045 0.294464 0.005224 0.672840 0.497817 
0.662145 0.288978 0.236764 0.538106 0.566988 0.758457 
0.692550 0.140934 0.880353 0.749532 0.383957 0.393455 
0.940843 0.427843 0.434452 0.875425 0.485577 0.356772 
0.542039 0.426643 0.684583 0.256220 0.560815 0.603097 
0.897849 0.456392 0.258470 0.640810 0.303110 0.396825 
0.358311 0.981421 0.433739 0.445410 0.004950 0.773387 
0.410503 0.432327 0.099957 0.418970 0.807559 0.978512 
0.798588 0.568062 0.222757 0.859023 0.195009 0.322834 
0.558308 0.252188 0.384094 0.475771 0.685604 0.528932 
0.313945 0.614163 0.951462 0.263598 0.143768 0.832450 
0.415292 0.115772 0.677947 0.256319 0.610947 0.632049 
0.320700 0.407160 0.132853 0.621523 0.812363 0.691314 
0.023206 0.817461 0.922239 0.267366 0.096120 0.963071 
0.533340 0.624684 0.389463 0.000974 0.700675 0.549865 
0.178972 0.100389 0.946843 0.348321 0.300366 0.764396 
0.954295 0.541909 0.464213 0.055587 0.241272 0.790958 
0.698964 0.780536 0.354709 0.781603 0.398729 0.276637 
0.361550 0.655749 0.581468 0.303558 0.738735 0.492264 
0.553236 0.833192 0.498625 0.202387 0.428625 0.701145 
0.050632 0.730011 0.246955 0.961361 0.159156 0.634966 
0.150764 0.778281 0.124712 0.778157 0.280305 0.780085 
0.521914 0.754306 0.285550 0.054478 0.938917 0.415299 
0.053990 0.658572 0.227508 0.286490 0.657002 0.920582 
0.013344 0.982148 0.452172 0.231778 0.727698 0.344209 
0.006065 0.544709 0.666680 0.013239 0.497055 0.790289 
0.031673 0.979466 0.079607 0.629957 0.160594 0.813312 
0.494259 0.554280 0.655830 0.151702 0.159600 0.868440 
0.795420 0.413575 0.076761 0.714565 0.557962 0.899454 
0.687546 0.537885 0.139381 0.866923 0.395791 0.084080 
0.683376 0.433170 0.572886 0.436656 0.662029 0.228412 
0.335082 0.510609 0.985376 0.544239 0.658441 0.381523 
0.755061 0.590700 0.262390 0.807684 0.616346 0.309944 
0.601605 0.245966 0.813260 0.259113 0.928456 0.230893 
0.930112 0.674122 0.395010 0.311511 0.451497 0.471801 
0.350570 0.605562 0.064970 0.403933 0.726319 0.963158 
0.882470 0.312843 0.766985 0.417663 0.447456 0.252585 
0.587603 0.065702 0.814380 0.694414 0.114475 0.904683 
0.386786 0.770105 0.407900 0.260207 0.566755 0.443020 
0.921030 0.743429 0.462973 0.419944 0.167088 0.641668 
0.361050 0.170911 0.920295 0.393430 0.849166 0.222218 
0.200862 0.411200 0.760663 0.540873 0.868254 0.617155 
0.357224 0.591827 0.825805 0.468080 0.486135 0.222953 
0.688399 0.885497 0.118112 0.484661 0.548906 0.171939 
0.924861 0.203085 0.628459 0.802048 0.119118 0.186558 
0.725986 0.631655 0.276754 0.571531 0.724561 0.401212 
0.716658 0.419039 0.599415 0.382644 0.814651 0.255819 
0.853591 0.973144 0.245499 0.278503 0.609544 0.128208 
0.391243 0.949532 0.221292 0.145603 0.503706 0.247139 
0.787034 0.432469 0.244568 0.839808 0.788396 0.510713 
0.415711 0.600298 0.125647 0.571676 0.254650 0.599364 
0.453921 0.540571 0.047574 0.524820 0.994362 0.370582 
0.003490 0.747220 0.475824 0.753751 0.344843 0.811368 
0.790642 0.527342 0.218871 0.658882 0.493688 0.930178 
0.268777 0.797202 0.296161 0.056291 0.557930 0.483109 
0.705408 0.311772 0.972201 0.596857 0.595898 0.065236 
0.044219 0.704379 0.561783 0.709100 0.580154 0.571218 
0.610011 0.454976 0.430122 0.846446 0.495226 0.104259 
0.778765 0.973048 0.223740 0.023884 0.528174 0.462989 
0.077987 0.826458 0.687462 0.219082 0.921998 0.573387 
0.960701 0.123706 0.640611 0.500167 0.373383 0.378056 
0.583277 0.653807 0.002220 0.609243 0.306364 0.804784 
0.765135 0.210649 0.161940 0.289617 0.940481 0.107880 
0.015332 0.709061 0.864014 0.710316 0.462400 0.495243 
0.569457 0.420585 0.418602 0.613848 0.750394 0.207888 
0.120722 0.684115 0.864760 0.617030 0.058158 0.949831 
0.187891 0.747626 0.652293 0.330272 0.248917 0.647293 
0.017165 0.314965 0.588085 0.411406 0.506206 0.556989 
0.284440 0.909448 0.427430 0.126262 0.817768 0.407917 
0.631696 0.149715 0.602192 0.182902 0.505735 0.736245 
0.109031 0.595640 0.566139 0.274931 0.488804 0.760845 
0.079619 0.724810 0.358659 0.539880 0.233575 0.416711 
0.729657 0.426981 0.606877 0.003607 0.671903 0.609065 
0.291596 0.442001 0.600134 0.951738 0.236493 0.301735 
0.999859 0.329989 0.668749 0.457113 0.521413 0.300165 
0.419060 0.473495 0.593453 0.532030 0.456071 0.688079 
0.468574 0.684656 0.520174 0.138416 0.512150 0.583229 
0.652944 0.461246 0.564665 0.697862 0.501680 0.228541 
0.205360 0.561123 0.569545 0.557609 0.123751 0.686560 
0.106342 0.853719 0.751915 0.465195 0.073688 0.951782 
0.402098 0.773820 0.180767 0.769699 0.422283 0.303997 
0.499368 0.490242 0.134141 0.959140 0.362472 0.537406 
0.522402 0.674762 0.578015 0.362545 0.910040 0.047998 
0.349044 0.220405 0.952049 0.415861 0.433093 0.410644 
0.269853 0.897346 0.345732 0.368589 0.619097 0.897350 
0.632810 0.927801 0.652484 0.597903 0.242596 0.039248 
0.326198 0.471734 0.757874 0.628633 0.320744 0.862488 
0.705699 0.958586 0.522501 0.082254 0.043414 0.652360 
0.117500 0.388351 0.470307 0.976753 0.372628 0.654591 
0.248684 0.481822 0.764310 0.547226 0.673337 0.152656 
0.624653 0.164938 0.701833 0.321427 0.197960 0.395109 
0.250946 0.883659 0.006984 0.255422 0.347340 0.925849 
0.526847 0.577690 0.694631 0.148957 0.825145 0.783339 
0.140099 0.160105 0.354891 0.877628 0.815428 0.550831 
0.859334 0.430504 0.189466 0.660097 0.751150 0.238105 
0.312604 0.101316 0.275056 0.484734 0.983143 0.588066 
0.192614 0.692173 0.169566 0.606899 0.640049 0.686823 
0.855216 0.417387 0.627478 0.201080 0.629379 0.171977 
0.432509 0.281965 0.687584 0.579327 0.902719 0.606374 
0.687149 0.334502 0.632088 0.432835 0.620218 0.219399 
0.874937 0.362487 0.372106 0.025865 0.903267 0.303364 
0.579611 0.471304 0.009816 0.694751 0.951387 0.446882 
0.962806 0.322529 0.334793 0.507650 0.683959 0.222206 
0.693501 0.442267 0.004875 0.356868 0.886525 0.532622 
0.303889 0.690068 0.421503 0.486657 0.304415 0.947581 
0.402153 0.354468 0.731878 0.090624 0.355209 0.889135 
0.495937 0.030228 0.736657 0.487915 0.394152 0.932050 
0.157261 0.905801 0.453405 0.475207 0.281824 0.827401 
0.178689 0.592769 0.794669 0.767445 0.358153 0.538129 
0.632346 0.514113 0.507074 0.122109 0.383061 0.674673 
0.327882 0.672121 0.610075 0.363404 0.219149 0.812822 
0.137884 0.174749 0.758436 0.574729 0.753780 0.612026 
0.556222 0.394967 0.654048 0.809061 0.932286 0.040905 
0.263025 0.685678 0.367308 0.058710 0.681154 0.494260 
0.220053 0.530986 0.347837 0.765132 0.445270 0.819004 
0.547748 0.164179 0.116135 0.831368 0.411921 0.633829 
0.302075 0.971731 0.590114 0.026740 0.264923 0.810820 
0.813226 0.407519 0.067893 0.741011 0.164313 0.720481 
0.360343 0.752922 0.485565 0.868507 0.366068 0.541031 
0.847975 0.461147 0.947819 0.001882 0.373064 0.544755 
0.863196 0.728306 0.303305 0.049865 0.727024 0.479642 
0.308168 0.549682 0.244275 0.665223 0.845989 0.896710 
0.535931 0.682374 0.647581 0.379753 0.205143 0.200885 
0.108900 0.681599 0.417453 0.621405 0.045420 0.804449 
0.717074 0.294207 0.533973 0.251771 0.192690 0.642154 
0.021941 0.786450 0.432567 0.422153 0.428730 0.990643 
0.646762 0.739029 0.080677 0.707634 0.007842 0.256947 
0.506830 0.363544 0.362933 0.491785 0.763419 0.189189 
0.234358 0.804898 0.672780 0.566922 0.072441 0.414271 
0.164428 0.823891 0.193881 0.937546 0.408073 0.238369 
0.294382 0.988370 0.016706 0.643277 0.453794 0.569052 
0.749599 0.130250 0.726862 0.059221 0.868377 0.439947 
0.744576 0.532806 0.514383 0.482761 0.008182 0.386417 
0.658302 0.257595 0.440893 0.640644 0.003767 0.675471 
0.228277 0.401351 0.800735 0.100031 0.743434 0.201431 
0.392999 0.920275 0.227572 0.510263 0.475332 0.235014 
0.675958 0.502715 0.843441 0.244755 0.389475 0.177903 
0.343081 0.443628 0.991254 0.193857 0.664175 0.665676 
0.534058 0.792076 0.602983 0.464924 0.290281 0.560131 
0.799155 0.156474 0.590268 0.819291 0.352396 0.233159 
0.488063 0.433773 0.074721 0.875295 0.555584 0.607928 
0.281222 0.657804 0.471951 0.683871 0.170454 0.807878 
0.341355 0.155247 0.747661 0.257028 0.822719 0.485752 
0.980724 0.427309 0.661485 0.015637 0.148209 0.744957 
0.624369 0.523729 0.603374 0.090192 0.883625 0.285345 
0.801404 0.738720 0.554507 0.343518 0.761646 0.400663 
0.235315 0.980181 0.165379 0.571938 0.493948 0.823789 
0.772121 0.343621 0.468766 0.411228 0.921422 0.502427 
0.569036 0.321609 0.833915 0.571281 0.535189 0.367329 
0.913768 0.871170 0.170248 0.576031 0.317473 0.392236 
0.718965 0.665253 0.150297 0.442654 0.470972 0.907197 
0.762190 0.032580 0.644711 0.955237 0.277508 0.147098 
0.632984 0.681199 0.255251 0.408810 0.023329 0.436668 
0.330185 0.604601 0.733151 0.573684 0.021975 0.881742 
0.899797 0.489745 0.506110 0.664590 0.188008 0.172622 
0.587038 0.023281 0.864287 0.723924 0.266079 0.731962 
0.687280 0.750964 0.043259 0.948148 0.340945 0.984287 
0.904094 0.368967 0.523723 0.473581 0.381948 0.285354 
0.726731 0.515434 0.502273 0.418067 0.769456 0.132968 
0.665594 0.319310 0.053093 0.799945 0.723483 0.299418 
0.880305 0.272612 0.447083 0.938202 0.538903 0.216933 
0.525706 0.774685 0.449536 0.161783 0.423273 0.736889 
0.694479 0.033015 0.842718 0.322791 0.996297 0.315005 
0.649924 0.978807 0.201606 0.825998 0.248587 0.353623 
0.831262 0.613586 0.108296 0.827881 0.244062 0.493735 
0.887190 0.526399 0.133536 0.705923 0.330504 0.685361 
0.026625 0.320181 0.188314 0.929806 0.734498 0.510774 
0.609562 0.398462 0.694873 0.399437 0.444589 0.564146 
0.981668 0.313678 0.239631 0.656456 0.754694 0.167272 
0.071734 0.803386 0.798188 0.181943 0.386871 0.402434 
0.365769 0.593201 0.425107 0.564530 0.042079 0.807164 
0.731336 0.399931 0.712240 0.025520 0.960824 0.457483 
0.179076 0.150334 0.850486 0.805854 0.392251 0.518717 
0.568078 0.383901 0.797151 0.105248 0.283147 0.746361 
0.679756 0.942639 0.028572 0.990210 0.331560 0.357034 
0.229552 0.878948 0.355512 0.527816 0.831357 0.194132 
0.183089 0.324132 0.334643 0.650062 0.781190 0.437601 
0.499188 0.242836 0.632686 0.698344 0.316860 0.470427 
0.153276 0.812336 0.606351 0.169404 0.705116 0.846819 
0.445879 0.665864 0.464967 0.621031 0.138429 0.694658 
0.989410 0.130853 0.538733 0.093494 0.888241 0.320893 
0.609002 0.671132 0.646613 0.101359 0.345018 0.573999 
0.351972 0.354936 0.758654 0.699823 0.003165 0.506481 
0.478960 0.506599 0.233114 0.518073 0.705529 0.441475 
0.098749 0.423548 0.791234 0.199538 0.877559 0.545099 
0.358834 0.568118 0.749504 0.373224 0.404126 0.291230 
0.253428 0.491927 0.876956 0.419180 0.175540 0.589097 
0.454615 0.689836 0.461425 0.393614 0.217082 0.911996 
0.287466 0.375532 0.487261 0.736117 0.386000 0.536835 
0.221911 0.454551 0.347242 0.916872 0.779648 0.668728 
0.078621 0.012525 0.489932 0.835452 0.806244 0.447369 
0.053369 0.519363 0.814424 0.316396 0.542146 0.940810 
0.211051 0.288830 0.377983 0.986703 0.152574 0.387473 
0.422111 0.511836 0.785564 0.439328 0.152140 0.993045 
