10 6
0.164061 0.329812 0.401697 0.901515 0.368720 0.508482 
0.524071 0.540149 0.527745 0.468502 0.137128 0.851654 
0.709264 0.292903 0.146859 0.359689 0.331525 0.474231 
0.554792 0.148694 0.769994 0.856622 0.494212 0.290485 
0.630856 0.168644 0.720012 0.379103 0.682240 0.197455 
0.380483 0.816689 0.055329 0.982976 0.149184 0.434167 
0.982982 0.428401 0.484101 0.976605 0.454964 0.292723 
0.308878 0.332408 0.873406 0.073309 0.734665 0.891191 
0.307075 0.597450 0.253947 0.854925 0.000794 0.586278 
0.320098 0.619149 0.333168 0.920476 0.817885 0.025944 
