10 6
0.729517 0.786815 0.972328 0.526310 0.415707 0.646386 
0.551747 0.891737 0.832436 0.189341 0.957028 0.245969 
0.214953 0.057372 0.549224 0.493399 0.912490 0.123074 
0.209338 0.895385 0.050441 0.217318 0.378089 0.776006 
0.511375 0.952685 0.393178 0.784525 0.345322 0.926825 
0.910843 0.074839 0.713640 0.883171 0.601149 0.129347 
0.529557 0.152896 0.021083 0.361993 0.342237 0.978111 
0.607963 0.557190 0.035483 0.157186 0.050589 0.947973 
0.280260 0.259927 0.843358 0.330701 0.477245 0.221448 
0.106706 0.988620 0.174133 0.499884 0.773145 0.519454 
