10 6
0.399470 0.379173 0.553442 0.400238 0.313898 0.561781 
0.790241 0.688841 0.747226 0.819791 0.651327 0.719834 
0.353128 0.741028 0.389053 0.657582 0.702984 0.467381 
0.686783 0.473424 0.780245 0.487844 0.539991 0.722511 
0.688013 0.253940 0.592019 0.553330 0.605991 0.404805 
0.397380 0.506787 0.404360 0.606606 0.378971 0.560616 
0.391235 0.397314 0.493140 0.522486 0.551578 0.612468 
0.403220 0.400317 0.307282 0.478344 0.300927 0.480266 
0.512118 0.401261 0.581853 0.404423 0.490406 0.666999 
0.476776 0.403338 0.358936 0.648957 0.189039 0.528946 
