500 4
0.501089 0.610053 0.537301 0.522659 
0.820537 0.662723 0.671592 0.485651 
0.710853 0.598929 0.599049 0.517143 
0.686206 0.563630 0.606781 0.370882 
0.457044 0.598269 0.523494 0.653192 
0.280356 0.563847 0.402343 0.422756 
0.401761 0.365882 0.504683 0.197889 
0.463937 0.368396 0.423187 0.332851 
0.711335 0.488001 0.658189 0.359876 
0.349477 0.305258 0.386513 0.391138 
0.583683 0.505655 0.613584 0.714903 
0.250554 0.220801 0.208162 0.333894 
0.626732 0.767270 0.494705 0.677921 
0.143751 0.605735 0.162037 0.481547 
0.508160 0.474498 0.448059 0.506489 
0.228665 0.206830 0.215308 0.304456 
0.325828 0.337969 0.446605 0.396555 
0.329783 0.351857 0.267463 0.328988 
0.630938 0.499821 0.715668 0.763755 
0.497471 0.531908 0.491230 0.615733 
0.824081 0.616538 0.674301 0.612648 
0.372369 0.287000 0.293912 0.427653 
0.491023 0.429042 0.498372 0.349639 
0.455633 0.525177 0.157749 0.572632 
0.531474 0.448455 0.523580 0.343723 
0.454812 0.649130 0.581671 0.706521 
0.660060 0.519928 0.296525 0.527310 
0.489864 0.504797 0.562166 0.428376 
0.617936 0.399667 0.609865 0.486972 
0.585455 0.342559 0.684406 0.701201 
0.389592 0.250392 0.280257 0.282201 
0.160027 0.152780 0.203191 0.173258 
0.538989 0.564702 0.713558 0.580045 
0.280155 0.155039 0.349562 0.218325 
0.399909 0.511794 0.443136 0.323745 
0.289829 0.386320 0.220013 0.416723 
0.809736 0.752141 0.647434 0.626989 
0.331022 0.268321 0.237824 0.287010 
0.641129 0.573936 0.482683 0.532941 
0.483026 0.286006 0.442787 0.552124 
0.643977 0.727217 0.698423 0.581513 
0.548537 0.327358 0.617371 0.495031 
0.432285 0.357393 0.450595 0.652608 
0.293274 0.221406 0.582532 0.437080 
0.646963 0.695028 0.618472 0.691958 
0.481274 0.516434 0.514734 0.298518 
0.628586 0.564283 0.687712 0.673773 
0.382012 0.478239 0.171131 0.383882 
0.534592 0.695812 0.641950 0.691985 
0.329039 0.539949 0.371308 0.332544 
0.432329 0.590210 0.614802 0.366491 
0.326922 0.303722 0.339133 0.415958 
0.351188 0.456264 0.354987 0.538526 
0.292408 0.392815 0.273036 0.291403 
0.351785 0.506312 0.534400 0.295757 
0.599185 0.279654 0.585682 0.291912 
0.412406 0.288820 0.292276 0.521242 
0.495642 0.489985 0.465878 0.604565 
0.331402 0.239996 0.243927 0.315129 
0.636829 0.919520 0.669396 0.824502 
0.456281 0.400895 0.511680 0.581049 
0.351705 0.419701 0.447617 0.690482 
0.373946 0.637530 0.337373 0.465511 
0.270036 0.153536 0.306313 0.164446 
0.356962 0.353398 0.364531 0.232835 
0.445488 0.360773 0.447873 0.504641 
0.765662 0.673847 0.780325 0.609201 
0.325288 0.511007 0.746481 0.652866 
0.381385 0.353841 0.667325 0.268909 
0.408296 0.469018 0.171161 0.384440 
0.712140 0.576305 0.740887 0.752990 
0.681507 0.578956 0.676904 0.519110 
0.269972 0.499723 0.304167 0.347972 
0.389509 0.470727 0.418023 0.568774 
0.520720 0.235229 0.489722 0.329584 
0.560445 0.514216 0.694262 0.482555 
0.318705 0.237200 0.373299 0.423230 
0.706080 0.837087 0.662450 0.472778 
0.674265 0.732811 0.717547 0.713500 
0.602912 0.473893 0.543089 0.709234 
0.370450 0.410865 0.506373 0.348036 
0.816833 0.511964 0.765186 0.533599 
0.500007 0.617801 0.606239 0.495911 
0.705097 0.610097 0.562955 0.524459 
0.504463 0.435788 0.384176 0.583921 
0.512423 0.631971 0.520209 0.575268 
0.628086 0.608737 0.500965 0.460933 
0.445388 0.433388 0.403169 0.461868 
0.762758 0.640333 0.758235 0.686668 
0.415037 0.650738 0.561533 0.630113 
0.634011 0.713051 0.646662 0.509642 
0.519449 0.395052 0.643881 0.592741 
0.505124 0.580458 0.500306 0.475128 
0.724365 0.753521 0.762036 0.787775 
0.592587 0.674698 0.411645 0.388866 
0.384010 0.412070 0.269985 0.439828 
0.474369 0.493705 0.488491 0.499825 
0.464560 0.375345 0.380001 0.304826 
0.645881 0.312998 0.636228 0.365168 
0.545461 0.462167 0.589979 0.536413 
0.712874 0.695645 0.678414 0.593531 
0.326487 0.672300 0.283593 0.631333 
0.541970 0.712784 0.685092 0.750943 
0.377564 0.575162 0.363167 0.608601 
0.457794 0.141980 0.518577 0.319761 
0.381524 0.620452 0.340872 0.449983 
0.542151 0.570710 0.551433 0.451671 
0.589537 0.654726 0.799547 0.656999 
0.419776 0.382581 0.540649 0.393551 
0.291722 0.212053 0.282702 0.181229 
0.682597 0.741719 0.746960 0.816822 
0.333653 0.235046 0.313121 0.284480 
0.530443 0.424722 0.304432 0.562671 
0.431755 0.518426 0.546906 0.582608 
0.739845 0.801357 0.846780 0.881218 
0.268273 0.547895 0.529347 0.572379 
0.686548 0.448364 0.596910 0.468353 
0.533198 0.560454 0.319373 0.497595 
0.654901 0.609535 0.656848 0.470299 
0.452179 0.777403 0.561723 0.471005 
0.216963 0.179692 0.239996 0.146426 
0.597815 0.452026 0.410348 0.414143 
0.612606 0.569449 0.643568 0.789607 
0.420694 0.261051 0.220084 0.335866 
0.611985 0.632410 0.687994 0.548622 
0.700281 0.535719 0.453221 0.602962 
0.407354 0.135080 0.380973 0.144261 
0.254560 0.389883 0.295201 0.481459 
0.649518 0.602299 0.678952 0.683174 
0.696014 0.543631 0.517878 0.718849 
0.754218 0.280510 0.493582 0.426239 
0.316394 0.412808 0.378624 0.362486 
0.525969 0.341466 0.371226 0.578354 
0.244537 0.482411 0.348419 0.374308 
0.438543 0.419749 0.699774 0.566171 
0.712477 0.750141 0.659309 0.616159 
0.468743 0.686496 0.454028 0.567510 
0.536407 0.688652 0.436400 0.684923 
0.444694 0.382873 0.582784 0.446166 
0.121162 0.116097 0.097944 0.161271 
0.300276 0.381467 0.448410 0.338482 
0.514253 0.757235 0.472120 0.652570 
0.293697 0.206109 0.253519 0.245176 
0.655549 0.780968 0.523854 0.782885 
0.311354 0.388999 0.325703 0.384003 
0.618916 0.687134 0.656578 0.585905 
0.575163 0.438119 0.567787 0.618086 
0.358045 0.333667 0.555651 0.247438 
0.275733 0.409173 0.230809 0.363020 
0.540926 0.523281 0.690234 0.582381 
0.570176 0.470769 0.468831 0.558379 
0.847637 0.844767 0.849774 0.747975 
0.513392 0.343268 0.545717 0.300209 
0.703610 0.538105 0.598459 0.624845 
0.366296 0.589013 0.515908 0.790569 
0.782696 0.813948 0.730598 0.782441 
0.845620 0.827722 0.733169 0.802604 
0.410279 0.402487 0.325348 0.424368 
0.406343 0.278572 0.355735 0.362984 
0.641569 0.820266 0.671417 0.797530 
0.439543 0.473876 0.633680 0.490172 
0.187161 0.242052 0.236066 0.157610 
0.384447 0.517460 0.388853 0.358724 
0.205648 0.528596 0.203956 0.515389 
0.521874 0.711029 0.449482 0.613344 
0.505876 0.551863 0.511659 0.300131 
0.309673 0.174962 0.244323 0.325152 
0.755643 0.389318 0.463429 0.273520 
0.314884 0.259527 0.315085 0.349971 
0.766739 0.520213 0.734721 0.644293 
0.229714 0.464483 0.460630 0.437152 
0.391233 0.736160 0.457789 0.764580 
0.411999 0.246102 0.377743 0.344845 
0.433891 0.728328 0.632795 0.773647 
0.374497 0.439569 0.322943 0.290867 
0.450271 0.524405 0.410671 0.577364 
0.498603 0.640555 0.320802 0.630957 
0.620170 0.557167 0.620137 0.682076 
0.712247 0.578105 0.762844 0.703039 
0.531590 0.437368 0.856015 0.264384 
0.339033 0.739308 0.401215 0.387106 
0.221981 0.221832 0.124652 0.180711 
0.350557 0.770663 0.309615 0.562062 
0.578671 0.364924 0.535473 0.353012 
0.563100 0.329602 0.493856 0.362350 
0.502159 0.392011 0.503962 0.363159 
0.852086 0.784871 0.914593 0.761512 
0.191304 0.346511 0.351283 0.302515 
0.540715 0.560473 0.517023 0.578533 
0.417626 0.282190 0.387721 0.457953 
0.714306 0.769018 0.717954 0.774504 
0.312897 0.331567 0.370491 0.377503 
0.737041 0.563966 0.731547 0.628351 
0.440627 0.333702 0.183564 0.401798 
0.301466 0.258111 0.387980 0.302260 
0.767476 0.472267 0.366270 0.512557 
0.391705 0.262736 0.498588 0.326367 
0.583058 0.592273 0.504709 0.678139 
0.381546 0.186130 0.428184 0.275906 
0.287563 0.429401 0.550769 0.423157 
0.308566 0.541639 0.577110 0.403129 
0.629577 0.630537 0.560950 0.654636 
0.661346 0.362904 0.695284 0.717799 
0.629402 0.638641 0.444500 0.856019 
0.221070 0.474094 0.304394 0.453680 
0.348258 0.270667 0.412058 0.242473 
0.477185 0.424552 0.346963 0.572369 
0.579022 0.582147 0.653450 0.458274 
0.627118 0.394303 0.518448 0.696474 
0.764422 0.760683 0.616147 0.706785 
0.536151 0.560134 0.517598 0.632917 
0.521768 0.555410 0.651750 0.817546 
0.471376 0.795288 0.609730 0.749586 
0.524709 0.574272 0.344604 0.539956 
0.489650 0.540185 0.595693 0.914160 
0.556322 0.639656 0.727142 0.450217 
0.374807 0.593711 0.279513 0.507382 
0.433741 0.209145 0.469780 0.222573 
0.525970 0.747050 0.720202 0.744861 
0.535070 0.507179 0.374092 0.588727 
0.651550 0.264810 0.679442 0.286149 
0.644012 0.268058 0.392574 0.390891 
0.531798 0.478712 0.544618 0.621439 
0.481537 0.445878 0.500306 0.451242 
0.329822 0.367666 0.390126 0.232131 
0.495161 0.465724 0.366406 0.308207 
0.105476 0.136284 0.182384 0.117662 
0.434321 0.317878 0.502925 0.412950 
0.691135 0.559421 0.242718 0.472360 
0.352348 0.472704 0.393861 0.619887 
0.634139 0.747715 0.821318 0.723702 
0.561351 0.558338 0.712099 0.647610 
0.587973 0.386374 0.430611 0.377439 
0.374206 0.571240 0.311527 0.420540 
0.677925 0.370165 0.573815 0.259156 
0.378841 0.586773 0.413375 0.774942 
0.575310 0.458153 0.696415 0.546487 
0.724397 0.746491 0.660252 0.683443 
0.659526 0.501749 0.545403 0.699836 
0.384836 0.434704 0.371683 0.330277 
0.579565 0.426000 0.605918 0.547444 
0.715781 0.405075 0.586479 0.520226 
0.507446 0.611677 0.405122 0.427150 
0.531747 0.553421 0.562660 0.631748 
0.646454 0.743484 0.437465 0.534138 
0.680613 0.647903 0.338244 0.479068 
0.442990 0.406056 0.413632 0.467399 
0.083634 0.143710 0.114475 0.115805 
0.303575 0.582349 0.537178 0.718293 
0.381539 0.509123 0.180477 0.596054 
0.109983 0.323910 0.089717 0.291165 
0.587703 0.487921 0.708364 0.640071 
0.686669 0.506991 0.615675 0.545601 
0.496621 0.457225 0.482846 0.632889 
0.343885 0.210859 0.244634 0.279239 
0.519462 0.545576 0.491706 0.510788 
0.461577 0.571910 0.449210 0.440332 
0.547763 0.423918 0.563500 0.388002 
0.438455 0.464997 0.335597 0.490785 
0.244076 0.202476 0.310885 0.197467 
0.499301 0.465220 0.325173 0.635017 
0.335843 0.428672 0.267391 0.468511 
0.360133 0.637569 0.606062 0.518380 
0.301510 0.289273 0.342802 0.486258 
0.678992 0.373064 0.569258 0.396755 
0.623884 0.498336 0.619179 0.354997 
0.700372 0.613927 0.274102 0.408452 
0.568602 0.336474 0.372153 0.594464 
0.351801 0.623310 0.382418 0.431646 
0.213884 0.285116 0.370223 0.279720 
0.498475 0.487601 0.287122 0.528221 
0.796072 0.873907 0.794781 0.782574 
0.470015 0.617027 0.452819 0.443563 
0.321858 0.303898 0.226916 0.350263 
0.698145 0.798174 0.706280 0.756448 
0.311743 0.347345 0.454008 0.375168 
0.230531 0.453394 0.250727 0.532317 
0.730441 0.528993 0.559374 0.603131 
0.303203 0.311345 0.474406 0.442830 
0.554565 0.553001 0.459131 0.691710 
0.610116 0.636250 0.551510 0.509819 
0.649365 0.684774 0.636459 0.634843 
0.518644 0.702290 0.569843 0.523080 
0.624666 0.657602 0.837246 0.713673 
0.343005 0.350183 0.333438 0.446682 
0.793886 0.782628 0.761412 0.863664 
0.639784 0.726438 0.417950 0.728722 
0.493661 0.582512 0.608824 0.711502 
0.269329 0.482391 0.261870 0.400052 
0.488846 0.637527 0.648356 0.745663 
0.548014 0.446660 0.470999 0.271131 
0.610917 0.530860 0.642249 0.480856 
0.751837 0.685620 0.767783 0.678692 
0.341922 0.594669 0.414149 0.378370 
0.628229 0.411262 0.655482 0.536517 
0.310766 0.580435 0.487476 0.511817 
0.297224 0.328861 0.234524 0.383253 
0.619395 0.493650 0.256619 0.634464 
0.386198 0.536433 0.201148 0.467189 
0.239350 0.306729 0.343107 0.321010 
0.392309 0.391813 0.584608 0.481798 
0.634355 0.653899 0.556297 0.647669 
0.296363 0.386522 0.284018 0.590524 
0.539685 0.444680 0.493258 0.266485 
0.342915 0.411987 0.565599 0.552333 
0.519148 0.516581 0.702297 0.653519 
0.340200 0.531408 0.515016 0.367195 
0.682400 0.688218 0.785218 0.713069 
0.216547 0.215721 0.187777 0.206706 
0.448282 0.318645 0.287924 0.462794 
0.253423 0.570395 0.532499 0.687929 
0.720842 0.292978 0.468845 0.282206 
0.532513 0.498634 0.327534 0.318633 
0.561352 0.200818 0.490959 0.304918 
0.492139 0.414431 0.636478 0.621268 
0.307743 0.356839 0.643653 0.488355 
0.464461 0.482235 0.423441 0.555712 
0.337800 0.525577 0.561288 0.726586 
0.428001 0.509823 0.431504 0.788697 
0.374425 0.437525 0.450576 0.547220 
0.339368 0.353201 0.312609 0.475987 
0.442818 0.390069 0.663965 0.344739 
0.285144 0.289224 0.353596 0.393754 
0.814861 0.614625 0.621758 0.643262 
0.553890 0.403346 0.603053 0.606358 
0.804294 0.833013 0.870108 0.855933 
0.404647 0.289293 0.371592 0.335472 
0.773106 0.672514 0.675285 0.691832 
0.472371 0.388245 0.402223 0.499467 
0.602841 0.814553 0.498699 0.644086 
0.270914 0.344205 0.232278 0.412852 
0.386134 0.277576 0.262968 0.409120 
0.505537 0.451953 0.292037 0.521797 
0.911902 0.172000 0.556212 0.316653 
0.421587 0.549093 0.304469 0.587183 
0.677524 0.691347 0.720603 0.803234 
0.732764 0.412319 0.458454 0.162784 
0.428945 0.399826 0.459390 0.418794 
0.532367 0.526642 0.642055 0.615905 
0.620877 0.535838 0.311931 0.601271 
0.330509 0.365509 0.267736 0.207220 
0.312123 0.292035 0.476099 0.181535 
0.566517 0.679497 0.497862 0.522965 
0.697015 0.568867 0.680408 0.442799 
0.618999 0.339523 0.641207 0.499139 
0.590869 0.459981 0.560241 0.631888 
0.370925 0.308386 0.274926 0.305738 
0.510616 0.594175 0.615796 0.598136 
0.486565 0.238428 0.337395 0.394678 
0.403620 0.613324 0.475656 0.528900 
0.734605 0.856354 0.728880 0.753621 
0.588555 0.743854 0.601341 0.514737 
0.341179 0.645510 0.318557 0.381745 
0.676114 0.618804 0.701034 0.575675 
0.652659 0.533263 0.752083 0.611110 
0.620573 0.740794 0.638404 0.673078 
0.396687 0.359720 0.442666 0.505018 
0.291908 0.312327 0.262502 0.351016 
0.726474 0.801956 0.839388 0.784267 
0.447636 0.491699 0.240154 0.598736 
0.433799 0.774434 0.423868 0.615231 
0.527341 0.629600 0.579809 0.451994 
0.822891 0.882703 0.818309 0.896222 
0.453898 0.409552 0.792586 0.673028 
0.407507 0.161508 0.406093 0.174331 
0.317264 0.484976 0.380304 0.323502 
0.781592 0.653799 0.605247 0.447818 
0.609132 0.517007 0.665882 0.426212 
0.548422 0.775211 0.719510 0.718896 
0.605793 0.595019 0.532647 0.475019 
0.895448 0.773581 0.784811 0.743364 
0.411745 0.576378 0.445722 0.491380 
0.685363 0.572650 0.457272 0.523951 
0.439126 0.647936 0.439722 0.760885 
0.437024 0.330728 0.549537 0.393048 
0.479454 0.653448 0.270036 0.602974 
0.112232 0.426511 0.353015 0.305674 
0.179816 0.285617 0.234598 0.196830 
0.499415 0.710583 0.537810 0.589545 
0.547812 0.726753 0.678391 0.749191 
0.366231 0.505388 0.507195 0.329758 
0.531422 0.587930 0.536338 0.589187 
0.775390 0.739536 0.813589 0.775596 
0.297207 0.224531 0.392205 0.170588 
0.465662 0.440884 0.446235 0.577530 
0.612933 0.386101 0.590931 0.542634 
0.455649 0.345317 0.428973 0.323844 
0.739803 0.687646 0.697602 0.836249 
0.486385 0.289379 0.596411 0.616049 
0.452796 0.542383 0.773234 0.555526 
0.579807 0.598126 0.624227 0.340497 
0.386688 0.333983 0.502915 0.311895 
0.732695 0.568983 0.639911 0.490070 
0.612035 0.617126 0.775844 0.563690 
0.270829 0.660447 0.525597 0.756402 
0.476922 0.398199 0.327870 0.271376 
0.508048 0.308760 0.293205 0.305899 
0.648358 0.421870 0.627493 0.430074 
0.686384 0.574081 0.651697 0.453489 
0.600157 0.608074 0.465687 0.321431 
0.452021 0.697698 0.560615 0.620231 
0.488905 0.574516 0.417278 0.516804 
0.723692 0.731362 0.661997 0.748577 
0.392252 0.315234 0.456475 0.634476 
0.459661 0.633303 0.328429 0.387800 
0.396117 0.535303 0.481652 0.344733 
0.478589 0.628820 0.534084 0.247380 
0.672550 0.616801 0.474203 0.622424 
0.425575 0.683710 0.567278 0.371067 
0.399195 0.263524 0.477394 0.233535 
0.455296 0.263376 0.277692 0.331069 
0.552764 0.450080 0.697996 0.373164 
0.630755 0.447896 0.721216 0.350582 
0.269702 0.422907 0.424397 0.370551 
0.521756 0.261091 0.351477 0.322299 
0.501083 0.796506 0.829491 0.681591 
0.304724 0.512850 0.507682 0.536324 
0.186404 0.555993 0.168759 0.644750 
0.439397 0.408244 0.585974 0.360855 
0.464919 0.512422 0.569175 0.565220 
0.592629 0.558238 0.526017 0.522562 
0.475375 0.272920 0.517874 0.431054 
0.232721 0.200944 0.180046 0.125560 
0.853822 0.742056 0.760361 0.788233 
0.708121 0.784220 0.730566 0.832385 
0.391206 0.377285 0.654655 0.536165 
0.181132 0.433709 0.480749 0.414248 
0.270265 0.560560 0.548663 0.701081 
0.582755 0.834436 0.645913 0.460913 
0.485717 0.424621 0.545024 0.461882 
0.851162 0.853540 0.704631 0.864631 
0.640748 0.661585 0.445452 0.680570 
0.610612 0.770338 0.754783 0.604180 
0.345536 0.544725 0.559964 0.535267 
0.630043 0.622700 0.669027 0.553792 
0.806614 0.752694 0.840880 0.687422 
0.262224 0.243965 0.382594 0.420699 
0.161776 0.506261 0.288425 0.528323 
0.687379 0.295095 0.830389 0.243870 
0.503213 0.553168 0.533538 0.567845 
0.481381 0.421523 0.282732 0.428805 
0.232026 0.247480 0.170526 0.338943 
0.619476 0.827222 0.742151 0.657777 
0.545405 0.711226 0.450844 0.681293 
0.447909 0.269742 0.250276 0.516383 
0.752568 0.517360 0.561890 0.460394 
0.531404 0.347734 0.301467 0.367186 
0.384016 0.360356 0.430882 0.363344 
0.474639 0.724157 0.552387 0.583496 
0.324206 0.451910 0.400460 0.297016 
0.461944 0.826798 0.489482 0.615522 
0.365691 0.549635 0.589479 0.359097 
0.510323 0.512917 0.462905 0.409491 
0.283284 0.267994 0.384217 0.149018 
0.404037 0.526891 0.582914 0.453060 
0.356790 0.444773 0.431563 0.437816 
0.743223 0.573385 0.637240 0.583104 
0.712002 0.582872 0.554727 0.372787 
0.716086 0.727115 0.491780 0.754539 
0.445490 0.379137 0.376210 0.466229 
0.523323 0.304631 0.535892 0.574129 
0.349612 0.674998 0.629276 0.504863 
0.301886 0.349214 0.264441 0.484453 
0.636363 0.628466 0.493632 0.615299 
0.679327 0.744969 0.616018 0.633938 
0.386845 0.577014 0.349706 0.421074 
0.746851 0.642652 0.726652 0.736473 
0.442496 0.255581 0.350146 0.337516 
0.636487 0.476257 0.709239 0.644708 
0.191936 0.185927 0.189302 0.127738 
0.646772 0.211655 0.498618 0.283984 
0.319631 0.462285 0.470799 0.727382 
0.213129 0.525787 0.426949 0.551846 
0.649682 0.796667 0.644479 0.674873 
0.513921 0.252847 0.495857 0.380908 
0.622780 0.638787 0.592049 0.578767 
0.234323 0.514851 0.378754 0.368911 
0.444652 0.404568 0.338231 0.299316 
0.659320 0.462903 0.535899 0.543643 
0.200442 0.338671 0.298703 0.229325 
0.857644 0.443463 0.658807 0.641913 
0.309451 0.336278 0.409040 0.578079 
0.481219 0.338466 0.442220 0.326322 
0.351741 0.455054 0.213066 0.486772 
0.608352 0.738037 0.642647 0.487254 
0.393224 0.400504 0.297380 0.328970 
0.525712 0.771221 0.552792 0.738318 
0.582997 0.813923 0.410288 0.591497 
0.651432 0.622802 0.516584 0.612773 
0.417990 0.450785 0.360244 0.216255 
0.385671 0.459189 0.291600 0.453308 
0.301358 0.407646 0.278746 0.272143 
0.697689 0.295801 0.523829 0.384689 
0.365938 0.512341 0.449170 0.750664 
0.360277 0.361893 0.301796 0.336464 
0.316256 0.222754 0.222609 0.337049 
0.437788 0.402908 0.465931 0.449607 
0.270768 0.427242 0.413610 0.540837 
0.794999 0.839906 0.742213 0.741318 
0.382304 0.278918 0.482291 0.329287 
