4000 5
4732,4979,9817,497,2699
4524,4752,3924,8304,8045
8187,1509,7268,4014,9184
2203,7757,1417,1004,4720
483,6643,484,6977,193
4797,2045,9512,601,4813
1022,5333,9792,840,5831
2491,5364,584,6416,3668
8629,4603,5178,5898,8618
4363,8101,6376,5780,9106
1096,6263,5750,1580,3241
5944,6378,5286,5456,6979
100,6479,2313,9893,7319
8145,2384,2683,8729,8801
6352,7359,3404,1530,3257
2023,5894,1358,8399,1674
465,9495,7938,6215,1076
1179,2159,7454,6465,7616
4434,6565,4095,6748,6458
1415,4893,8843,4099,3623
7645,451,982,1049,1982
4240,3073,7876,5599,1472
9550,6064,968,7489,2280
2044,8668,4439,9499,5134
2056,3934,1700,6152,683
8159,7567,5576,7002,1666
9200,4647,2118,183,5697
4100,4423,8771,1976,22
243,1527,6087,1212,9016
8367,3257,7684,2806,2757
2819,4863,6691,4519,1015
7374,2678,8583,2951,9681
249,2152,4329,2368,2335
26,6468,6758,8797,8444
6781,9041,9972,2868,254
8988,1235,3511,6673,4042
6268,9492,8905,2960,4011
9920,335,6689,8503,3287
6370,8753,5439,699,1121
7774,726,7590,4533,9524
6035,1314,8566,6007,4183
8821,4996,5418,2332,1669
9460,8601,1162,8366,1562
5173,8286,1897,1863,6790
5184,8234,5544,623,8934
6666,8398,9660,4256,2932
9185,291,4247,7752,6298
8430,6573,1295,3848,8906
2964,3309,7507,4126,1675
9070,9300,9962,967,1163
6753,6152,9398,2297,6776
8332,8963,5175,7992,3219
8107,7178,3511,2354,4930
9810,784,1503,1105,4633
409,4069,7943,7917,8196
9618,6987,7497,9581,7955
8661,6334,4108,8059,8631
884,6391,7595,6059,4384
815,4167,1563,4326,6521
6493,4136,7306,7996,5241
1939,8406,9311,9882,6324
7508,9501,3311,5005,9083
1267,3666,5417,5375,1726
4049,6260,8118,1644,2320
2502,2460,6487,4065,6786
3009,559,922,315,8556
6164,2255,6962,5476,2138
3286,2984,1640,6598,7990
723,7866,1657,6141,3242
3383,190,9502,1501,1835
1823,4004,4295,8311,8070
1082,1320,8629,2005,1636
7185,8169,3892,4148,3645
6030,7435,6630,7670,4033
4620,8394,1900,6277,4535
5142,9661,4726,4644,1162
6562,6468,5167,858,4779
3237,1940,6099,1867,3945
7736,9053,2115,1628,3201
5760,7658,636,2391,5329
4670,7011,3724,6571,3289
8260,1713,2950,2986,6358
4113,9549,2826,9280,407
7605,2518,2347,3705,4385
6293,1441,3438,8408,3069
6640,4168,728,7277,6559
6058,1948,3571,9782,8519
6860,8042,232,9810,1029
6591,3924,578,9417,3204
985,7022,5723,3333,727
109,9626,2168,3548,8034
5238,188,2203,5966,7466
8763,2024,9414,2334,1807
7934,9195,9849,8167,9005
878,4758,2930,1457,4175
6135,2442,1198,1858,5776
1925,1967,5402,4094,5515
3436,9332,5704,5640,5299
3171,4403,7324,2586,6737
9131,520,5933,8980,8688
4938,9859,3446,7869,1317
7622,4004,3760,8821,5862
9536,747,7830,4938,4841
3346,8375,4174,9050,4015
9474,2222,8419,6798,4808
5157,5929,5329,1090,4910
4017,6029,4770,7464,3898
6087,5086,7902,9847,3907
3764,9383,4654,1595,4321
9496,4941,2697,3671,3991
6713,3145,6214,5132,9943
1022,289,5872,6351,1379
783,368,7408,5553,7833
1307,1640,2919,9209,1487
6827,2974,870,1482,4569
5192,979,9510,7890,4650
3502,4603,7796,9716,9735
7739,738,25,3612,7090
1404,4395,7458,8813,9948
5291,120,1589,8211,9329
3076,5039,2304,3947,6522
6873,9140,7501,6383,7030
2152,9886,1633,9949,9602
1369,7689,341,1394,1301
7431,2799,5697,4890,1612
5646,181,1733,7235,8393
1063,312,3433,3367,4260
9955,241,3400,7457,6625
431,9610,6511,2064,9559
6113,3434,7248,6455,4829
8550,3886,7628,4247,8776
9241,9894,8958,975,7130
7351,2038,7442,784,5406
1703,740,5647,5103,8197
2272,5534,7807,8783,7599
7367,4897,1034,4615,1352
5863,3165,5238,3492,7413
4015,2733,7307,2973,3708
4438,325,5747,1881,1109
1153,3584,1850,6800,8687
48,9073,4222,7855,7856
1821,5222,2754,2856,9838
4107,8719,3003,9346,2211
417,3361,4945,7725,6334
8653,2163,6659,4401,4044
7769,5554,7629,9620,2355
6316,9668,1428,539,7524
9285,2361,2747,2040,5217
2585,6147,3936,5589,5493
6148,6006,8854,1093,3731
5189,9747,5894,1849,4148
9939,9619,9702,7568,9239
2058,3885,8907,3487,4424
6432,2772,6785,9179,4812
2002,1764,959,5939,7353
6453,2087,3359,5307,3180
7090,497,2927,2985,2346
7076,2924,1965,6778,493
1205,8837,4378,113,2324
8802,6545,5097,5588,5724
9910,7591,7489,870,3530
4842,7323,5617,8202,2631
8798,5292,3128,1726,8278
5474,8802,1202,7440,5581
1696,8646,4418,6074,8759
6743,4877,5304,1840,465
1029,1750,8056,8518,2621
1586,3360,9944,7204,1562
2575,6003,6855,5703,7729
5134,1178,6531,6337,8619
2112,8033,7265,6531,4107
6024,3274,8984,1329,5114
9449,2358,6865,7506,877
9486,9093,4238,9431,6298
5801,2006,2301,2656,7710
30,7790,8889,6562,4127
7508,8674,2160,4773,5205
6268,798,8479,5252,2128
3594,4702,4486,460,2209
5364,9946,1302,9602,9377
7600,5403,1384,9902,8060
9094,9932,5851,7983,6494
9979,5492,5169,2140,266
374,8408,1064,8854,3661
3193,2449,8364,7680,2909
573,3044,2855,1875,2646
2233,9476,8050,3617,9378
6110,2712,9311,1961,696
5805,1941,6188,975,4081
6454,1350,2489,7519,204
6151,712,2654,4515,8392
5563,5088,1437,8419,6963
4083,652,6440,2133,4270
5818,8244,6982,5129,206
7678,935,2147,3867,1910
6228,322,3260,8718,7842
3465,4869,8555,6119,9385
6948,1683,4473,8385,102
1437,2469,755,7877,4603
5025,3695,2847,2008,8825
3054,9686,9760,5201,3554
1670,1430,3876,4931,148
1719,8397,5018,274,4517
4403,7223,6200,8877,5608
6302,314,8078,7058,8191
2681,2083,1887,5529,4091
712,8583,3778,473,3785
7333,2144,5215,1210,7075
5364,2929,5473,383,3204
9990,4787,427,6190,3664
6035,2493,3978,4114,9552
2170,6795,1635,4058,2324
5727,4771,908,9506,5244
4693,6839,7388,9909,8049
4464,5274,979,9937,5657
4183,9928,445,4610,6119
4109,646,8612,8088,4760
8164,258,1556,9800,4317
3881,5528,9088,4789,5034
4332,9483,1874,1721,9393
9923,6185,4667,903,6123
325,5086,6051,770,9697
2170,4880,344,783,2968
5104,8948,3227,6661,8749
7544,542,4277,6632,5332
9312,965,4815,1186,2686
4209,1110,8872,8877,2013
4996,9202,7100,1047,9973
6797,3218,4853,7141,4002
7822,2246,2950,1049,8907
1700,8594,9450,5977,5227
4782,5289,6192,9598,6475
8879,3807,7585,7752,2684
9599,2748,1887,6699,3796
1860,3496,7014,6714,638
1017,4537,2885,3968,5587
1793,5668,4181,1243,1645
9409,6026,6935,5601,5624
3411,4481,9432,997,2233
2116,596,4981,4003,7295
8777,5864,792,5792,2579
1431,6809,7116,4316,777
2703,6110,6445,6885,7353
8091,6294,3379,5027,1896
9004,8438,6377,8436,9435
8611,552,32,3592,4556
7327,2370,421,8120,8162
3001,9552,4972,117,3868
5750,2821,9978,2196,9707
7332,288,6002,712,5315
7898,9716,3753,4276,8152
3189,2887,8705,3221,6480
3262,549,8850,3684,8669
7013,6685,8221,1986,6803
2090,7736,9625,2069,9933
9333,9401,221,5335,114
5536,3233,9830,9290,7510
7983,2479,397,6689,5700
6877,9952,6249,5728,3636
4919,2741,322,3141,4728
7125,5231,2464,6751,7301
2397,6084,6702,2618,1419
6816,8155,4653,6647,7445
2164,4631,9924,2562,1320
5624,9439,1272,1874,5168
4909,6793,7910,5231,9934
2638,2357,5166,5102,9109
2467,7500,5193,9170,119
6613,5987,8274,1267,2634
5719,3432,7266,5643,5994
8586,1268,5434,9859,3143
602,4769,9936,8512,1
9871,1150,2359,5038,6253
1468,7505,3754,6662,6675
3873,3276,2662,2147,4544
5297,7867,7976,2563,3511
3970,1150,4779,9404,1010
7923,7,5780,7860,8520
5781,7731,9671,8141,2769
5924,9609,275,9678,6272
6950,3552,9548,9613,5699
4093,4911,3566,2069,7475
7077,6040,8625,1857,5445
9636,9780,5453,5416,7640
3973,1198,5372,3644,9339
8142,9569,8949,8417,9247
5221,5367,2800,4770,4981
8499,8864,9892,2066,933
7368,9144,6974,5994,1001
2420,5630,782,7873,1047
8423,1846,2246,3795,5490
1585,1937,5059,535,354
4307,5756,5722,7107,527
704,5607,9391,596,7673
325,7965,6818,7299,3959
7819,9720,9589,8602,7593
637,7025,9439,2883,821
4930,4468,2758,9990,5003
3113,4298,760,8836,1405
1288,9540,7013,679,137
4687,1004,8102,1505,8304
2061,9325,8024,1650,7927
5618,2288,4952,5057,5171
5773,9988,9640,8532,9978
4644,1646,4276,5404,482
5682,6692,22,2696,7372
159,7383,8377,8261,8888
6681,323,8213,4706,1974
6141,324,4262,1094,5382
9433,6868,5371,9073,5400
5349,3718,7046,9626,9122
7528,5309,5815,7551,8005
3187,7710,5388,1565,5972
4277,8247,6296,2491,2953
8270,8632,3278,2532,9726
8661,1966,6594,4032,1040
1995,9382,4758,9042,9008
3881,6571,4317,9696,4122
2322,2884,1833,7710,4449
7806,1988,2696,4102,4479
5650,2372,3111,8929,4905
2838,7590,6871,9432,1623
7911,1428,1005,2669,470
13,6550,7042,4331,6247
1165,6653,9132,2998,4364
3582,805,6352,6279,4907
831,1929,7280,3943,859
2185,6781,8450,9057,6213
73,6968,7642,1078,9638
8113,1091,6189,5155,5422
2436,6320,2076,1569,9319
6440,5151,124,2793,1430
5032,3624,3360,2313,7568
4219,4498,4349,2669,3556
562,2742,524,8205,3820
163,6318,4912,6352,1473
335,8789,7794,2411,358
7113,8852,5509,7237,1645
6940,2270,5270,300,4583
2839,4520,9082,7188,7190
2638,7751,9933,3163,5956
3754,3326,2274,8666,9678
3748,9002,8468,1542,1414
8826,8655,266,4336,5893
1912,1277,8163,7183,1577
2747,22,6098,1829,7210
3288,4467,4961,3221,7630
918,6975,957,3192,5642
636,6941,4645,9104,8483
6059,7931,7139,6325,2268
3033,8238,3545,1197,5421
5123,3944,5444,1221,5774
2655,4510,241,7617,7732
7872,8535,4708,8829,1728
351,9465,8669,4996,8570
7153,1055,6501,4292,7381
8769,7325,5619,2315,8523
1041,7438,2467,6486,8660
8241,9141,3170,8483,6758
903,6356,5293,5611,5186
7021,5962,4652,5690,959
3222,2843,2014,9724,7136
9395,8493,4462,5014,808
2985,6056,8247,5453,2542
6907,3695,1683,78,2179
8441,981,8535,3735,6593
3721,757,2556,8373,6448
3515,1596,9292,5529,1320
6428,4925,9813,891,9939
622,3877,5996,8870,9331
8538,5777,3026,221,5856
5205,8663,6837,3741,2399
3431,7462,3156,5987,5836
9604,9503,7432,8896,5032
8752,5325,9958,8566,6216
9897,9189,94,5893,8059
9425,4432,3836,2451,4653
9693,7657,3317,6530,1398
5716,9962,8861,8872,5949
4698,8477,5453,2131,7373
485,883,2699,444,9450
8915,341,8639,9010,6235
6699,8435,668,536,886
5321,229,8544,8639,6760
9942,4355,6722,8804,3228
2672,3502,1706,8125,5634
9079,8611,6517,1778,9055
5968,694,9397,4608,9704
5633,1307,8139,6301,1843
9026,1623,2072,7570,262
8832,7513,4618,5555,6318
7847,8227,9821,9553,6352
5455,8633,4963,1973,412
4018,7941,1106,3415,2549
811,9048,3857,8951,5349
5700,7978,6972,7773,5549
7235,6606,3062,1853,2161
9381,9701,389,9202,9254
6741,4657,7887,1705,6630
8299,5723,4572,9406,9139
7122,218,8187,979,9169
3537,6680,7148,510,4454
2697,7746,1061,5760,9600
3222,5141,9301,3612,4343
8555,353,9001,6443,2058
5632,4742,7782,204,4149
6921,7326,4367,5109,8306
3536,8647,4986,684,9158
9440,3382,6904,501,9142
6504,3724,4283,5805,7336
8626,4361,7690,7628,804
9749,3260,5547,7531,3464
9696,4453,791,4063,9562
9097,7600,8210,4083,8285
7368,3524,1667,4272,4026
809,777,7751,5093,6582
5088,3720,944,2778,1348
1749,2528,4608,7296,59
8073,6993,4513,8864,1057
4076,7961,8657,2286,2045
6943,9655,5570,8611,3927
9596,9421,4705,7347,4514
1288,2435,8234,2232,5214
9583,3981,7743,4191,1278
7802,2264,8271,2316,1128
9328,6392,9090,7986,8678
1135,4930,8333,6705,3541
2261,6302,2963,6966,3650
7478,8255,6086,5712,487
1300,5295,4469,9043,9487
5747,6846,1752,4019,9162
2880,3347,5554,1971,1334
4233,3107,6264,2567,9812
9806,4829,6115,2769,1796
9765,247,51,5851,5960
538,7152,1256,5008,6196
744,755,3043,2496,4774
2206,5377,8122,7761,7348
9457,1994,455,5721,4562
268,5528,9391,6383,8298
1187,6149,8546,1239,2000
4506,1778,9153,5763,6786
5350,6507,7542,8393,9004
2317,599,4381,439,8361
1729,9896,356,2185,5618
4918,2453,1146,4310,8837
9445,5498,4986,7991,6737
6987,2497,8515,6141,8261
5301,1491,4769,2844,9884
3773,5161,484,8154,5601
8845,9884,5498,9201,2069
1116,4120,4523,2263,8430
3361,1708,3928,8347,9699
665,5335,2197,9181,1476
458,4483,2968,5227,7327
2853,9001,2488,3337,7155
8090,2183,7040,3588,1385
9109,4705,5505,3633,6968
3935,6994,8677,7864,5342
8376,8530,677,574,7711
2154,1033,2194,5122,6261
9521,7975,5262,2010,1313
2418,100,3497,9458,3688
4882,8567,8394,387,2201
5362,4323,9195,4040,2188
4537,2416,718,5215,2991
8429,7369,4024,623,2492
285,145,468,5548,2155
1781,7966,2256,5279,7424
5945,161,5992,4339,549
8193,9702,4873,7388,3742
7061,1925,6159,7779,7140
9150,6209,4510,3175,6832
7002,3461,6978,7471,9009
9134,9252,6975,1390,4532
4399,7336,4693,391,1675
5243,8584,1378,116,5973
5120,7178,7898,1279,4958
5039,430,1167,9550,3605
8000,6552,7067,4978,4023
6076,4112,3276,3051,5503
7808,7451,2839,2502,7842
4515,7745,6427,5893,7862
2400,1014,5041,299,2293
9999,5339,2724,1166,4889
6330,9166,1442,3397,4145
5466,9473,8257,8743,2524
3760,6552,9976,6600,9055
7819,1115,6800,4246,7009
4663,6647,8023,9704,6947
317,9704,2287,3041,871
7176,9371,38,8619,2768
4183,4086,2242,2441,2829
4767,6201,9381,4743,2802
8436,2562,3918,5237,6808
927,9901,3456,8950,9606
404,9267,9310,2691,2308
181,9868,1680,219,8487
4449,4403,2573,6691,6844
5403,1458,3046,4785,6201
5848,3221,8763,9766,8459
5572,693,8361,9029,9644
7967,9433,8911,7278,2124
1220,7460,1992,2901,7680
480,7350,2083,3053,4041
8927,8456,5499,1974,3241
1700,7822,6463,464,7589
4923,6037,8282,3285,5066
7927,1253,4499,6839,8531
6624,8059,5992,8616,961
3672,9096,8311,5756,2150
2353,4684,607,7852,6658
3849,9553,4480,313,18
2069,5237,6055,352,8522
1121,8279,9775,5621,5118
8306,2245,3178,4299,861
4140,7972,9958,2451,3728
2109,4804,8412,2716,2657
5071,6566,2211,9552,6879
2229,1621,2116,8284,1974
638,9405,254,413,5026
5373,8720,7272,8552,3020
8133,2692,992,8092,5143
4720,201,9948,3133,2917
2606,8204,9483,4817,7756
6363,7046,9378,8479,5330
1353,9118,4736,1607,9532
9763,6980,8253,7035,5533
1273,5169,8225,2265,3261
3369,6986,3462,3317,119
6380,5923,8324,5864,741
6081,2227,7787,5459,707
3118,6812,9826,7855,8420
9358,7619,5401,7612,4654
934,8886,9824,9159,1151
3086,2528,8138,6549,5846
8258,2929,1770,6582,8794
2511,2663,1022,299,8123
1729,3417,4936,1556,1272
3356,915,8891,8758,8527
3546,9692,7413,3371,8851
8565,6457,1380,6703,3006
7227,4961,5936,8998,1544
4730,1510,4207,5752,1809
2331,7482,5227,7267,9038
6500,624,9953,5392,9382
8481,8939,9074,5894,2310
7926,4460,8767,9307,1163
1774,6534,6125,7710,5533
7669,2441,7043,1877,8193
8852,4208,5676,4080,1476
4714,580,2100,4668,5972
1482,3149,4911,557,9044
7222,8483,3504,5989,7790
4668,7764,4325,794,5474
9858,8463,7915,6902,341
6109,5755,4549,1785,9835
6026,6500,415,8126,1169
6388,9609,4319,1300,166
3363,8522,8649,6868,4512
6440,1537,2276,766,2331
7750,625,795,5666,7527
1136,1776,3282,5686,3562
3118,1712,62,3533,9839
1231,9922,9448,5551,1222
9614,8915,9744,8264,5784
4256,4705,7321,6532,5471
9653,4283,6097,449,9950
3624,1586,1726,6907,7273
5288,25,8986,5351,3559
8825,6583,3482,8273,2134
4704,7888,1049,4449,6153
6833,8705,858,4155,5238
6330,3808,9522,2427,4258
9473,6051,5844,1199,2959
3117,6488,2984,2103,1840
6544,929,8423,26,9203
557,4731,7091,1607,9180
3244,8441,7886,4103,2596
3125,433,6405,2647,2860
663,2120,8911,6507,3320
1871,9625,9809,4855,1728
1649,1400,2657,72,1426
1860,630,6157,8952,2238
5338,2197,679,3224,6300
3275,6349,6733,9680,8996
9593,344,1117,8505,6851
4438,376,6477,4248,5232
8205,5897,6632,863,5970
8059,2724,6601,4216,1677
8839,9554,3874,9519,2779
174,2794,9128,6908,2475
8125,6501,2819,9243,5006
9671,3681,5382,6148,7929
615,4354,3827,7247,5218
9797,5306,7943,6399,9523
9620,5239,9078,3494,4758
1857,3669,7553,986,577
28,9111,7079,2848,8354
2085,2520,2036,7468,8668
9966,8083,3023,3793,5331
8241,3591,637,6184,9990
161,5804,5229,9239,9299
9988,1097,2969,7541,2083
3547,7570,1195,626,418
9549,2711,2938,1586,180
1607,1552,8264,4631,5345
3595,2872,8936,4233,9057
8927,4395,4862,4157,3635
4162,4145,4732,7131,1686
6816,678,9256,8011,1304
9675,7561,4016,2614,9147
4197,4222,699,2461,8853
6045,6057,1726,4982,291
783,3909,4686,5645,8067
8321,9807,2212,3053,6939
3899,9870,7617,3156,7881
8922,2832,5443,2938,5447
4590,7136,9669,5289,9597
8522,1335,5655,249,6317
5946,1032,227,632,6678
8294,8953,6485,507,2007
3424,4407,1877,1042,7563
9759,9964,396,5202,2903
5843,9792,39,5512,5082
9637,4035,6417,5292,4284
2735,1238,5317,2962,1870
1995,1257,824,8480,1764
2831,1905,6171,4709,2947
3735,4468,2912,4131,9671
5815,9974,9463,5854,5486
4546,5491,9522,964,784
3807,3700,2022,9124,6662
3893,1119,7919,4717,9599
9684,7549,1505,5856,2258
4453,9591,6726,7365,3722
6397,3181,3697,5861,9035
9184,408,4527,8706,1373
5312,2513,5073,7334,1638
1735,1227,2757,9655,5945
2357,9340,3494,3862,5196
5752,8316,4788,2479,5681
8511,8877,8862,2208,4739
7898,1392,5147,2426,99
6521,7738,2613,1594,5073
4251,3330,6301,7008,2986
2246,9366,2326,5741,3228
7523,1493,1544,2311,3973
7226,822,2851,6089,3030
7590,3987,4423,2738,6414
4522,9259,4152,7135,853
9225,1386,4184,5527,8395
7170,7773,7761,9496,3514
990,7020,5008,2535,9331
8982,9762,154,1833,5851
3184,9424,9838,7608,2162
6252,2130,1422,405,9266
2276,9631,653,6460,5158
9048,3630,2932,6810,3127
6446,7801,147,1455,336
9479,437,99,9633,2271
5950,2818,1695,5789,426
3858,2042,2557,5280,2447
1823,7557,2079,2476,4017
7237,1525,7648,169,8335
776,6616,6136,924,8072
6473,403,8510,6572,37
781,2523,2856,2476,8312
3282,6335,354,5840,1615
2802,7663,9173,4881,140
3190,2118,1665,839,2288
1,1615,8905,6138,2540
6977,2612,2943,5488,9185
2981,6269,1708,5837,8746
20,9120,5081,375,4960
6697,3177,2624,5870,8058
2764,9061,177,4430,9901
2466,4432,1517,1372,570
4057,8350,3182,7001,3838
2367,9982,107,4076,5819
8854,4097,4939,3936,4472
9900,633,7650,2524,6504
5709,5289,5565,5887,9719
5466,8353,4151,6983,9725
4722,1041,8075,7905,8042
1914,273,8024,2021,4349
3844,876,8447,8784,4812
2919,8684,5445,570,1208
1950,6279,6498,7515,2166
6218,2982,520,370,9966
246,5092,1007,8321,2997
9050,236,3271,7075,2257
7621,919,3134,6068,9703
7946,8987,8388,3392,9557
9597,5342,5837,6095,2858
8003,2313,5841,8523,2683
5807,8769,7776,6815,7091
773,5866,7327,4045,2941
9585,1666,3860,2719,7734
3564,666,6722,1952,4058
6279,1549,9401,2117,7645
2259,120,9958,8100,8644
2642,3908,7414,418,724
4506,1192,6590,1834,5237
9531,1419,6903,3392,4139
4638,6956,4806,1360,8909
8864,7640,459,8265,9757
8104,525,9878,8063,8626
8522,706,2535,5937,1124
3259,443,2317,9850,2277
7554,9381,3697,4458,2774
7837,9096,9730,2643,457
8640,1507,8097,9099,9773
7854,7204,299,7732,5268
8925,6255,5974,1461,2192
7099,4720,2635,9416,4571
4913,6971,3953,8610,1430
6727,6447,527,6458,9090
984,5098,598,9082,4198
372,6936,1402,671,4669
6671,9597,925,2646,1058
3117,9745,5779,5753,9162
351,667,6133,4304,9278
7564,1031,5725,8091,7489
4816,9075,2587,5415,8157
6786,5787,5094,8188,6459
9764,4860,6057,689,7506
7116,3807,7251,2896,9560
6413,3247,227,2547,7551
9505,111,8583,5231,8202
6072,48,7278,8660,5464
5436,5446,1252,531,3635
7711,295,8495,3769,985
6001,886,4792,3253,3782
4353,9667,7030,4581,2214
4581,4087,2326,3164,9319
529,9237,9367,7808,7897
4831,3245,3344,6083,3776
6979,3795,4072,5474,7565
5058,1475,8451,9850,4729
2234,4204,4396,9264,8785
6611,3845,2872,8937,7010
2191,9466,6248,1559,7275
4145,6391,520,7489,2475
4297,4469,6271,8369,9943
3836,3427,1419,2288,3278
6148,4522,7482,545,3786
6268,7156,7632,9140,6093
4643,1332,5560,891,2891
2836,5037,9282,3356,2527
1758,7653,6996,8029,6023
6939,1865,9451,8359,4153
2729,4508,8675,212,5053
2462,6480,2209,94,5621
8303,4737,6953,3864,5628
9845,6700,665,9127,56
3192,886,7710,189,8915
3733,7129,780,3185,5488
4934,5914,9996,3610,6127
5050,6072,2607,7260,6166
8228,5563,904,5182,9428
6532,5027,6128,7198,4155
6185,391,5041,3896,580
3956,7630,7709,4737,815
3198,9671,6730,3194,3282
2857,8245,9354,5465,5505
5521,3694,1069,6425,8876
498,2958,3903,6626,157
8058,2812,548,3100,6708
1128,7056,4339,8838,1793
5154,2036,1465,1884,5231
4747,4742,3476,4102,207
8982,9624,3901,52,6050
2778,550,9008,6681,7177
9165,4740,9989,9714,7840
6698,843,4897,1037,9681
6690,6192,1718,8156,8077
6949,2904,2819,426,7006
3027,9409,6631,6928,9461
2681,9707,12,1690,6388
7189,856,1129,7179,570
8970,3877,1413,3867,4915
1095,557,1107,2813,8714
9185,9763,1618,2004,190
8625,5031,9599,5256,1960
9061,7937,1667,9073,9628
8056,6262,484,9186,3441
1054,8156,7319,2468,2023
2234,3563,2581,3342,6377
1295,2527,6141,2913,4532
6331,1539,9563,5930,6795
1524,4991,4733,3191,4064
4361,1248,326,4846,434
3768,5900,8590,1087,8369
613,3322,1933,3195,6664
8310,4490,9192,4451,7404
3724,783,8943,3288,6713
5739,4812,1704,472,8004
5769,4834,9252,6096,9680
9686,9864,5581,8276,952
3950,8890,4274,5883,2085
939,4194,6576,131,8646
3980,3856,9429,2924,7144
6142,8663,1956,7847,9135
9960,3616,3969,9213,9713
3650,8899,9578,9231,7176
530,3181,6067,4805,9065
8153,5744,3259,4729,5876
1905,8710,9732,1335,1634
6877,7477,297,8834,5325
9432,8795,8942,3402,8008
8655,7053,6908,8233,6284
4084,8764,9465,152,3569
8531,8305,9314,1790,3034
5190,3696,1744,4923,5031
3378,1801,2509,3676,635
7834,3109,9430,6776,6511
7439,5432,3565,4347,3666
9849,8432,2430,9315,8585
5999,7846,6890,5313,9637
9925,504,3333,1670,5427
8364,5049,7228,873,8725
7864,8707,1834,7295,5484
8346,4735,916,1911,9082
4582,1760,7515,7013,1076
6101,3013,8922,2991,8326
8560,2917,8831,1893,4587
4259,257,9636,1488,1131
8361,9352,9839,195,6648
5324,8542,1383,6240,453
466,823,2214,7982,7837
3290,4083,850,2213,7075
9177,773,9992,8008,2667
4579,2267,2925,4216,3755
4056,2578,3107,3896,2774
9756,9220,1316,1139,5461
1769,1605,6284,3983,9587
4121,7274,3670,4972,9488
745,4149,261,737,2157
2929,5317,4424,5854,9534
8180,9910,2112,1288,3806
4886,1044,3027,6202,2183
8488,7972,3788,4773,1956
3375,8895,9230,7045,3867
8718,7791,8016,8980,8529
173,1909,3847,4598,7764
3381,2778,7674,5493,4066
1481,380,5110,4508,6582
7294,2996,4554,1082,7770
6511,4457,6665,5741,1503
532,4460,9295,8548,3441
7824,8721,5351,1671,3320
3115,5052,6098,790,546
165,2271,926,5275,6780
7509,2569,9777,2064,3652
7547,8575,8110,4212,4317
9614,4744,8777,8909,3293
2219,6733,2014,7571,8405
5334,687,3458,1433,1477
4004,1598,3749,4931,6874
530,2440,9444,307,4505
3096,7855,3080,1207,2067
7398,821,6812,6176,9730
105,8395,6464,2120,5967
4869,7455,6654,8327,8888
8131,2332,487,1881,7263
7362,2411,9704,6806,2719
4209,9903,574,7290,1110
2642,4688,1931,9454,865
1661,9560,9260,8125,1680
5228,2995,9135,1882,1322
8024,14,3654,8512,1895
917,5874,4306,622,2680
7026,4832,2583,7600,2122
3694,242,6811,5625,9696
7676,7287,9256,6937,5412
937,2166,8407,73,4048
9730,8097,4062,3384,6610
5958,4302,2484,265,4924
5164,7291,9756,7748,4891
1879,1442,5134,8691,7068
4831,6368,4355,4088,3306
9768,5025,5472,8176,5098
9521,7906,3196,3583,1290
9806,9542,5593,2290,9807
518,7455,7099,274,5204
1991,2154,6647,7125,845
3715,1956,7214,8071,6044
520,7839,1069,5993,6015
6168,5514,3921,9364,9098
5212,9171,8640,805,1462
8448,1324,8917,5547,1598
4122,7538,3753,769,4663
4599,4485,6620,1813,2556
2664,2334,395,3734,8327
6410,9902,3841,332,9267
2939,5545,8439,1579,6351
9901,27,7675,8819,5575
9274,2941,3114,3027,3711
7778,7626,8196,4398,9440
752,7062,1774,1148,796
101,7558,699,3943,7891
9966,6882,3436,8405,8462
9787,8306,8490,7463,7126
4065,6737,67,7179,9764
3779,4957,7391,1975,9356
6832,2728,6418,8606,3876
7215,8708,1435,7914,2652
9326,7881,9534,2763,6286
7996,2551,4593,6487,14
1719,552,6751,1787,7732
6516,5567,2690,3908,7542
2046,740,271,8465,9347
4147,5680,8056,5582,3595
708,4909,1476,243,7672
7763,8240,224,2356,4727
238,4076,5280,6990,5864
3012,3507,1431,5703,7416
8974,7750,8156,9245,6215
7504,3393,1896,5561,8976
5492,6269,3885,6968,6513
1558,4731,4753,1782,7088
9480,2020,1165,4760,9011
7030,7773,2518,8462,3476
9935,7436,1227,8091,6682
7443,5596,76,9339,1157
9052,4831,7427,2937,1800
3940,4495,6531,8694,6277
3620,8174,8298,4785,2935
7310,1815,709,9829,277
4186,9764,7714,5413,7856
4397,2856,3452,4473,2196
4610,3526,7028,2037,6463
8828,5978,959,5360,4672
7237,8980,2847,5536,3766
5783,2846,5582,6492,2675
5860,678,2440,3575,6091
296,7972,8947,3749,2446
1144,8359,5972,8172,397
2436,7000,6375,3395,2361
1048,632,1342,3895,6168
5108,9678,9015,691,6171
1691,6551,6849,4131,126
2940,4428,8099,1888,8177
545,3032,6536,6518,1205
6933,8954,8206,3309,2350
567,4357,2983,1909,8253
9152,7018,7932,8167,7709
4103,9859,4261,952,3990
4387,3893,8418,2487,5781
6595,3033,8814,3132,9551
19,65,8506,8225,3375
856,8793,7732,3840,702
5986,2992,7721,3918,1160
5430,8022,1019,9691,8974
5010,4079,2868,3428,6566
8649,24,9600,7464,3156
9151,7484,3222,7658,5710
6597,8515,4503,4330,2355
5206,316,5348,2927,4234
6508,8358,2256,7527,8049
1231,2538,2129,4099,5966
8696,2749,5991,8296,214
9148,7448,7698,2371,5106
3409,8968,3621,7912,3299
5977,3118,3615,1325,6045
7850,7833,4403,107,5361
2453,1338,7899,4583,5438
3866,3279,8188,9858,1576
8402,9006,9024,6101,1377
4131,9510,346,7752,7422
3645,3729,541,7260,5055
6587,5111,2888,991,5218
8250,3445,6556,6149,8028
1995,16,1308,183,9874
2884,8586,8881,1909,4687
259,6040,4198,605,3793
1621,4251,7523,2163,1512
2578,8750,6623,5466,9742
1841,3716,3187,8398,9866
1216,393,9883,2524,577
9758,5409,9163,8639,7319
3851,8899,3359,8050,9504
7153,9671,3756,4676,1834
5268,7254,585,1891,2720
327,3733,6437,3515,2131
6304,4731,2525,6188,7256
3102,5946,2666,2266,4586
9986,6118,3485,3345,4168
2989,499,3840,6746,5175
5675,2014,2429,6261,3906
5150,6589,7639,1588,104
9770,7892,4836,2295,4081
2093,5397,27,4760,7664
4613,4746,3782,8098,8092
7950,1088,8591,1791,7834
3766,7466,9849,6196,3728
3755,1346,317,1394,2934
421,1164,827,5258,3459
4908,7352,8857,4936,2112
6521,9549,6858,304,7648
4951,8255,8737,3542,46
6572,7309,7513,6421,3505
1241,176,4852,1558,1570
7787,1980,2735,8614,7239
6195,3523,4591,5053,8459
6703,1574,8009,3562,1879
5658,8513,134,4396,2056
180,968,9366,7694,7389
2871,8935,7566,7724,494
9137,5511,2475,1872,4125
9714,8067,7649,4306,3120
6109,1009,4695,4119,4572
6574,9778,3086,6709,4174
5142,6889,5142,4508,4584
2532,7380,3520,98,5104
4014,9236,615,6490,1108
4741,6205,9176,2391,511
2297,8500,1521,6992,2620
6093,3567,2398,9179,276
6572,4322,7166,1715,8831
1750,4248,6211,5270,4347
1316,9285,3583,1931,5776
4691,6673,1981,3868,9064
2492,6165,7565,4013,3158
185,107,6725,2584,9287
7002,9157,3609,4169,873
2440,5920,5121,8652,1191
9468,9968,476,3052,1900
6253,7744,8574,8234,1612
7638,727,7777,5204,4741
935,5390,4848,7661,7974
4135,4663,7131,7745,8833
8004,186,4753,3126,8838
5944,2595,8807,6421,5647
708,2674,3391,9282,909
5003,6921,1636,2781,2125
6378,3717,7515,1226,1378
5489,5362,6042,2621,3108
4875,626,3294,9628,3752
2133,5572,6348,940,1994
1995,1648,4668,5387,931
5577,391,7852,7214,3172
9977,3592,6889,7493,4819
8268,2983,182,4310,5605
3290,9186,6231,6585,8815
9984,8718,4388,6332,9659
6382,8328,1308,1050,3715
2239,6628,4106,92,3842
7279,70,7435,4169,7563
2254,2437,546,2437,6748
6152,5727,5934,2383,2313
4749,2368,1032,9137,8701
691,5519,7029,2000,6570
745,4239,3199,4852,4331
7042,2131,4401,4477,6300
1965,6732,8737,2512,9169
5486,8664,4897,1420,1048
7211,6169,3416,8243,5307
2117,8934,827,9147,934
7397,9892,5174,597,4744
9506,7639,6875,3908,2117
3176,5873,8849,1914,8386
8019,7400,7050,2917,8820
8098,128,4990,1515,8371
298,3632,7306,1125,2780
8240,8523,2672,3415,9120
7417,2921,6759,4292,6830
8876,7469,2704,7726,9383
1090,5745,6783,8141,8662
5604,6239,8791,595,7755
7162,893,1388,4468,2018
4168,2709,541,6840,6124
9662,4257,9046,6421,8550
5876,5298,6019,8580,3025
5403,9671,8771,2187,7812
7433,7791,4052,6225,8386
1807,3387,9279,3195,7856
1297,7363,565,1839,4204
6690,1501,8462,5736,7923
7013,1613,3222,3033,194
6247,8436,9865,5018,623
7677,2452,8415,1729,8677
6801,3537,2065,6081,6732
9921,7379,4096,487,9218
8301,7177,720,6763,2914
8644,3777,4528,1866,6810
4722,8113,5247,4588,3132
5870,2265,5585,4286,3995
4262,1087,7532,6328,7169
4265,6249,4548,8361,6736
3767,6662,3914,4487,3426
6828,3131,7203,1356,4998
4013,6079,3112,9260,667
6244,5131,2933,1829,9417
6929,6092,505,4462,2420
7674,8727,8670,2223,7089
5407,5990,3752,9321,477
7178,6150,3609,4382,7507
8607,8396,3586,1719,7657
4254,7964,2788,7188,9794
2206,4117,5887,2712,8579
8308,387,7307,6978,2610
4396,2386,8600,8149,1708
9078,5327,7858,2688,9709
5365,1295,8105,8952,3015
5762,3207,980,8551,395
774,758,4512,6662,3470
3092,4970,3858,400,1949
6468,4797,4335,5069,2946
6043,4147,8274,3902,6836
7983,9268,8132,6089,8220
1147,1852,1427,2128,404
1823,2903,1162,6336,9565
4633,9429,4535,8491,9829
6485,4960,4626,821,29
7572,6864,4177,5847,767
1013,3830,35,9145,9920
8255,293,1773,9683,2422
2177,1507,5325,3339,7843
4890,7973,7272,9426,6465
7102,5912,1425,1728,6733
1455,9301,3598,5633,5148
4365,6646,8979,4400,5792
8900,2656,6086,673,2340
8508,2850,3847,3834,6190
1690,8725,4163,8963,8151
628,6065,4064,2054,7794
797,3509,7096,4395,9142
2245,8760,5789,1224,3161
1582,124,5817,7669,797
8157,6178,3648,2004,12
9838,3695,8737,4002,2658
6889,4630,8724,953,6685
6518,1751,195,3615,6146
9338,5860,4907,5128,7084
8068,6710,7209,3886,4380
8007,2043,559,1655,4047
571,1494,7743,9309,5496
401,6199,127,9126,7152
6812,5645,8903,7007,9260
5050,6345,5120,9958,1474
2205,8027,8185,9414,1913
2565,7422,3956,3124,9078
8004,3696,572,5747,3005
6068,6149,9204,6195,5275
6357,3008,920,5261,16
181,312,6361,5301,270
7836,7507,8297,6021,6922
210,8586,4344,4167,1711
3422,2171,5407,3995,7918
8413,63,4068,7618,6259
9343,3975,9267,264,9237
9283,446,9549,5645,5748
9820,3481,3255,8117,9502
177,8328,8089,4522,2495
9800,7944,4667,5208,1939
2586,3621,2003,6654,1239
8262,5998,5215,7530,6263
4452,6814,6709,4002,2459
2458,3822,5941,5713,1940
5443,5891,269,3533,413
2764,3334,8358,7432,8542
298,18,2164,2301,6673
3404,564,2671,8619,8095
8935,3072,4909,5645,7075
7369,8103,897,3310,3817
2837,8754,9708,3107,2287
121,5871,5621,8480,3304
4164,8778,3323,6328,1080
9996,9732,1645,2668,8352
9740,1603,1424,4650,7249
8499,2019,5352,9397,5329
9169,2235,4083,8877,5342
6371,8999,1214,1993,7479
4518,6157,6258,7841,2485
7339,7838,2218,8984,506
570,8725,2110,1995,3375
9359,494,5394,4711,9892
724,3881,2127,4808,2759
7469,1180,1759,8684,3173
9239,3202,9330,5497,1044
1816,2836,8882,4034,1821
9388,4604,546,1498,6600
3922,858,7095,9317,5569
6987,42,9451,9114,4850
2210,6584,6031,3969,5268
9204,3208,8471,8535,8706
9516,351,1543,8398,4386
3364,7787,8991,3911,9286
5591,7834,144,2686,7152
5714,9673,7194,5165,8788
2045,7376,5373,8076,1346
642,7280,4555,9114,5816
3262,8630,6167,4805,7029
554,8170,4816,9545,2082
4103,5137,9916,4248,7824
7069,9962,7498,4263,5128
6286,6308,2505,1660,4384
3851,2302,1665,8407,1417
7481,1669,47,3649,6474
7076,4204,4645,1893,3750
6727,5997,8887,6644,245
6711,3713,208,4209,7977
5336,496,4285,7842,2157
8670,1693,4459,336,101
5876,7817,1770,5924,1467
8245,3001,5671,2890,4894
9421,9618,891,8308,6263
1136,5020,9976,1345,9230
7953,6681,9727,2239,4523
1884,910,6217,6344,1246
6319,2220,9063,8089,8145
531,6334,1146,6202,9225
6040,5623,8843,6932,3932
5107,8069,8953,5083,9414
8184,3037,6096,7911,5277
620,9795,6187,6838,6139
7433,3157,8360,6497,1247
6506,7028,7582,7652,3230
6807,3693,8854,5651,625
2787,758,8695,1741,5842
8110,9925,8879,4206,7837
4157,4826,7632,344,1665
3772,7777,4822,2133,4274
6069,8639,1303,3651,6291
4533,459,9985,3388,6111
610,6176,6869,9306,7918
2711,7416,7843,1591,1622
5680,5749,6449,3313,6093
8114,7086,3871,2937,9219
8145,9007,7858,9448,2658
4150,3982,3118,4135,7371
9229,4746,3548,6099,4052
1466,8810,1469,9310,402
3092,4991,6152,9541,8304
2245,7656,5390,6116,593
4610,4262,9600,2468,3711
2259,6619,7693,5377,754
5065,4607,5501,8613,706
9553,80,9517,1023,9390
9920,4115,4381,6072,3656
2686,8317,1312,8076,4434
1906,2686,8696,1507,5155
2407,3766,1774,101,9144
2529,5166,3751,8030,3780
4457,7584,3861,3975,8608
3251,3895,2723,7633,9967
6380,319,8284,7693,8396
2719,9599,1083,1415,1106
6239,3822,4872,8014,3924
4017,543,9091,7768,8574
2872,2226,6159,6733,6201
4767,9984,96,7490,7618
63,3870,7937,8348,1563
6334,1067,1163,7417,2483
2269,3656,6306,7142,1670
230,1159,2214,9321,8928
788,2193,1154,6948,8926
7356,1715,8911,7452,9206
6530,7516,3076,4467,5865
4640,801,6933,5803,8219
9416,8072,1875,5723,5215
3545,5953,6374,5760,5275
5303,6549,7469,6457,3497
6396,3813,5212,5307,1266
4418,1837,8783,7495,6305
4648,2135,7107,1582,7939
5326,999,6011,7201,6722
1227,747,2676,7602,6507
7951,2905,3056,5420,9363
6554,1816,3177,1766,7124
4443,6185,8962,3226,3680
5268,7875,5816,2375,9458
3755,7701,457,9767,4903
7179,994,5651,9856,8597
2159,7807,1502,5216,3228
865,1770,5045,4042,3537
2170,8486,9722,1133,1713
3403,6401,9589,9219,8777
9047,2975,6479,9504,2742
1382,6684,3737,7034,6540
2334,9193,4348,3836,4409
7576,4702,6180,2622,8745
9717,4792,7232,9439,5925
8946,2842,2326,8535,2062
1104,7583,5037,7583,7088
7780,8966,3772,1517,6000
313,3852,5193,4661,7689
9603,2238,2392,5783,4860
1137,5501,9652,8370,4940
5578,7316,7783,7905,5852
9846,9009,3435,4884,6592
523,2664,5558,4296,4182
1558,4609,8034,6752,9271
5724,6356,1509,8116,2140
6369,9254,7641,6022,7624
2582,1600,4940,366,9505
792,212,8515,4228,5096
5107,4751,7761,665,9047
1944,2224,3656,9979,8977
2928,5703,5333,4437,3819
7473,807,3073,5115,6829
698,7697,8430,5639,8063
7936,6431,8276,6451,660
3373,1559,5411,1134,2225
4459,3079,4449,8116,3058
3427,1044,8761,8760,5481
2581,6234,6288,5655,1350
3118,6353,9047,1549,1992
7111,9486,8424,5388,5937
9084,8761,7497,4495,9896
9722,8955,2975,4171,7071
6033,7598,8115,4795,6359
3597,7376,2594,9886,3031
3944,3004,9384,2992,4554
1376,103,4040,9800,5491
9978,8885,4253,7476,3381
4149,7198,2336,7125,1370
9407,3158,8968,7523,7953
5328,1120,5329,7923,1006
8361,1867,4011,7745,4860
8565,9122,4963,2606,8923
455,2585,7808,4709,61
1189,8858,7260,3526,5983
8630,2934,9142,7599,457
7096,2927,1577,2425,851
2583,786,2718,6595,8532
7578,5161,7654,2542,7768
6578,2998,353,4386,7708
415,5576,6567,7675,9102
2550,6306,2036,1693,3905
2494,8789,6832,4071,1215
7683,6655,2002,402,3250
535,7981,8411,8189,524
6179,4768,3523,6533,9154
1231,6949,4731,7798,4625
3833,349,931,5870,2042
4836,8364,832,1669,2436
2047,9353,9091,4050,9756
2342,4585,7737,753,2775
8262,6933,7543,1785,3467
6697,3016,417,1428,814
5043,5262,1164,5974,1133
3206,811,9497,4039,2481
1934,6086,1834,1025,137
1590,3367,4722,9328,4121
7497,7590,1055,5040,9376
4523,1738,2392,4940,3167
3207,9983,8429,4371,5958
9563,7578,6769,9060,1618
9250,994,7704,1085,2020
7842,2676,5388,2564,2004
9510,61,9595,565,5102
8971,5088,6840,1364,29
7,4572,12,8437,8944
5971,8000,6522,2741,7061
8140,1991,8056,5845,3077
76,3688,5753,5465,6252
7758,4975,6314,7353,5541
1416,6325,630,8257,7689
659,8265,2261,672,6702
1205,6643,4702,7728,9384
1764,5869,1376,9820,1715
4453,9897,5403,207,5362
1655,7965,338,7970,5318
5879,9386,1643,6509,7644
9333,7168,5909,1594,7841
2611,2800,4484,7314,528
3869,9079,6397,5246,8899
8112,9699,8797,3515,9907
4160,5171,7872,4498,3141
3191,377,2528,4835,6887
173,4168,4055,6082,5763
1897,8694,8563,6381,6008
9092,251,5087,5489,5497
3987,3602,5197,2785,7118
5104,6945,2290,2977,1443
5431,6169,1821,7960,1005
8708,8133,5174,2764,4216
937,4661,2910,9501,1043
8919,8593,1295,4007,4083
6792,7994,7685,1990,780
4803,7095,7725,7094,73
9168,2526,6242,990,486
7247,9698,8620,2421,2462
2837,3359,7124,5747,2860
8167,4666,1454,9462,8674
5537,6255,6669,3222,8245
7449,8026,5341,5174,5120
5414,4343,7646,1656,5333
8133,8904,5031,6754,1325
7494,9591,4685,4619,5338
7545,2786,5,8999,2249
8679,4537,8505,5349,7760
6751,2798,5786,2092,7972
907,7506,2315,8554,9163
7649,6688,8067,2680,3442
9393,175,3033,4078,4794
8372,1624,7581,8378,624
9831,7058,5161,8336,2407
2921,5087,5206,8708,7180
3178,9615,4686,5494,8170
3849,3143,4858,1917,5824
8300,1310,5999,1334,5388
794,9707,7013,8376,8086
7637,8208,5145,2799,6545
7552,5720,1633,2758,4429
8813,5937,4044,3499,1431
2214,7349,4575,7073,9266
399,5373,577,6399,6708
5966,7194,6416,2979,5571
4502,617,3779,9647,3416
324,7200,9137,1957,9959
3566,771,5896,7610,4271
7328,9825,1620,1903,6898
887,2303,2272,1464,8702
8981,7431,5896,5397,410
1467,9900,1027,5247,9547
4444,5571,6748,3581,7529
6707,7147,8300,2604,4758
2571,9932,4583,4192,1836
1482,5080,4139,3755,6545
2841,2737,3976,8738,8134
4387,206,8034,5414,5453
7582,9859,1024,4330,3440
8554,1037,587,6854,3641
5345,9426,3574,9929,3619
5411,1412,8699,9550,5167
5244,2392,7904,9220,1131
6039,3608,1337,4074,9023
6790,1656,8882,7815,5986
2322,6369,7024,2909,3224
666,8254,2651,4240,8184
6270,9651,9596,4969,9202
4764,214,1594,2669,9435
2725,8708,3043,4063,2782
2066,853,4439,948,8668
425,3270,5038,7450,6179
8263,8116,4434,914,2357
2619,7184,2009,2215,2154
1211,6979,2368,2806,9648
1803,5532,8357,4846,9595
1140,6912,449,5579,7860
9118,6005,1131,4156,3455
7311,2419,1572,1746,3333
3929,4365,518,5938,6580
2672,7150,3560,5040,9957
3208,6843,5489,1566,1690
5085,2706,8602,5534,8285
6463,4652,4290,7594,8809
7746,4905,1229,9318,6652
4562,3247,1017,5080,9186
7598,7753,6337,1158,2793
6294,4367,9637,1784,5933
1327,6870,8639,9930,2405
6924,6393,7057,1215,3988
5867,8961,8894,7096,8279
5546,1659,1527,6564,6740
714,4162,4493,7052,5320
7287,3346,9687,6924,5131
5620,8252,2001,4260,8182
4406,1185,4576,1464,2400
8565,7332,1362,7460,4428
9642,3006,6087,1170,9570
2828,1884,3732,7321,8936
9053,4608,2283,8740,1533
7415,4361,9786,9417,8622
7968,3824,9807,2545,5289
2208,1111,2621,3570,8571
7050,3212,1578,3137,4382
1149,5966,6267,4882,3287
5204,3935,7896,7488,2676
9429,4903,7038,9215,4321
5660,7184,8145,5467,9730
3434,7676,841,6055,1246
9413,3105,4458,991,6243
8841,2141,2209,5109,7023
5497,313,958,3393,7802
3635,2823,2706,673,2039
7027,6334,9224,5172,1802
8954,8606,9478,9796,4662
724,9210,7768,5183,202
4012,4025,2343,6221,9134
9366,1719,9448,325,5113
7250,3961,7936,9956,4635
9976,6983,969,9200,2156
2771,8155,763,2250,7952
5425,2974,7162,3194,8158
7364,7206,2183,9708,3428
1318,9075,5147,766,9401
260,8017,3362,8197,7973
7997,8173,4957,8966,7374
7113,1738,5529,7877,3988
3481,3302,6963,644,6497
5122,8009,3703,7305,7717
7131,8624,6792,2279,9390
6193,2540,7408,9556,737
5381,7553,8911,339,6520
6285,7453,8259,1814,5330
2248,5296,8633,9211,5940
5130,4334,3949,8834,1640
1667,5965,264,8459,8245
9655,4653,785,7063,4209
1522,2445,1763,433,2784
8284,6719,238,6543,8534
5568,8791,3830,4202,8003
9771,9332,2338,3720,8166
3978,5388,4132,4242,3847
2377,3898,8501,3162,961
2711,4685,3406,4474,5119
6191,2759,1838,6429,9302
372,1998,8094,4203,6200
6098,3974,5533,8436,7695
3700,2414,3083,7833,6657
6931,210,555,5432,3373
1516,8144,8058,4923,2618
3178,1114,5378,5016,7544
4680,5389,9542,2775,9592
5743,8873,3566,1277,7310
1262,4977,9724,4345,2810
6382,1276,3021,6937,6709
6394,8454,4853,4453,3377
7472,7631,4492,2850,2648
2036,7531,8037,1579,306
7630,7322,9180,1196,8599
6490,2458,3577,6215,6804
6388,2597,8081,9409,9534
4790,5804,7988,9644,258
1366,7117,7890,5858,9967
538,7895,7499,8576,9474
7806,6206,6797,6986,7403
5397,3477,9861,8974,9692
6666,5362,2289,4747,4771
1824,9538,576,9813,9182
834,1179,6299,8724,7037
6267,9263,4933,3767,7839
4407,1573,4046,1204,8559
1449,6601,2036,1311,5576
1729,7977,938,4018,2724
5710,5843,2262,6286,5656
1445,7121,6835,7745,5846
3873,4012,5109,8806,7779
2949,3214,9352,6996,4418
7912,8445,1020,9949,9757
6596,1678,7734,7535,5697
459,3246,1540,2722,9532
7196,4167,6654,4032,1912
2500,7906,5925,7610,6713
3704,560,9927,3057,7556
4346,970,6002,5367,919
5759,1963,2598,3493,9499
8295,3953,2745,9835,6675
2278,7032,842,8932,1065
2755,1433,8971,8680,9043
5684,2385,9604,5611,5443
7160,9957,6413,3162,5324
7333,8921,7288,9931,2415
6788,8227,6368,9533,8063
3043,1812,5096,3886,744
6161,6641,2177,5132,5321
1221,816,7706,825,6428
3149,7986,6386,9563,1148
1711,6896,70,9000,6828
2485,5788,5056,8853,5322
3119,1897,7134,8215,5783
7879,4376,2424,57,9509
7746,1278,326,5453,2104
6754,8602,90,3141,8166
1239,4853,5063,1309,3853
1892,3795,9642,6948,2648
4964,68,4546,2099,8284
329,9978,2661,2754,35
2170,500,1314,2497,5953
3418,9252,4556,3509,2393
2723,4749,7246,7786,6058
1100,9679,9853,742,6627
2502,5707,6696,7048,7806
4980,7378,7784,7641,132
7819,9812,633,9134,2309
6587,2552,1561,1144,6062
3955,3867,811,1202,1654
6869,2302,1333,6723,3045
7960,9226,8752,4657,6274
6558,9637,3653,4343,7279
3785,2163,7091,4419,1297
9401,1006,3849,963,2150
9912,4918,6017,723,6120
7671,7593,8423,9005,4317
1468,6965,3543,220,1623
9818,6779,1260,3471,1122
8539,7257,3285,5631,1677
4582,5033,2683,8432,5996
4834,8345,915,852,9068
7035,8524,6662,5459,7529
979,6927,4495,4523,7147
6118,4341,3927,7378,7813
5049,5918,5071,8335,1550
6748,2918,6583,9432,1351
2580,4266,9696,3495,5118
8765,531,3642,5428,5990
1172,6407,2918,5667,931
66,1785,5273,3993,9164
3086,9043,5083,8158,7378
6633,4906,297,3217,4339
1648,5798,8605,1345,9293
3724,110,9825,7366,5538
5815,8538,1946,8733,4206
2878,8799,5991,8151,2793
5155,1238,1836,238,9396
9215,6872,4303,9512,89
8642,1160,5888,7247,2506
5181,972,2616,5006,8338
8155,822,6877,102,9556
1083,2980,8356,7075,1132
1149,2230,2370,2986,2469
1766,2201,9341,6070,1713
9431,4713,2874,5319,1960
5380,501,2932,7997,5508
1271,6153,6331,8149,6255
5887,9233,9236,4244,6308
368,5394,8538,2739,8380
1008,4506,581,349,576
2294,9781,5289,5168,5101
7250,548,5602,183,8546
1111,1455,4699,7442,9604
954,3330,8837,191,7574
5145,560,2969,3684,3299
1349,4692,7805,1930,5042
8381,4225,4824,3670,9394
9925,921,9943,5528,1104
8489,6639,2560,3188,4082
2164,4143,7412,1002,4334
4987,6148,4894,7956,9832
8193,9305,4525,5998,1236
9568,4380,5462,4392,8051
4856,4317,8972,4799,9845
77,3289,6485,2637,6477
567,4802,620,7979,5804
4955,2967,1952,9850,923
1785,8044,229,6310,4043
1465,5879,8423,6927,271
6474,1784,4589,5447,6583
4435,5524,9872,920,8162
6350,1487,2964,6971,9467
8768,1927,2435,721,1777
3358,2506,9822,3588,8817
3865,5054,4697,2288,1981
4968,8763,3766,9557,4210
350,3992,9735,223,4913
7897,6573,6401,862,3545
5869,9630,5472,8304,352
7250,1662,2859,7072,5251
1677,937,305,6374,3226
2287,1342,1989,6053,900
6199,6403,4892,5935,6626
9805,3832,3200,6207,4694
6745,2076,4325,2217,380
4678,9467,2043,7537,6539
7294,9215,7477,7599,5589
703,9886,6932,2692,5940
7832,8892,2343,2725,4827
8970,2531,8660,2170,8738
3355,8915,814,7681,1133
1194,2359,601,3237,9897
7141,531,9112,4618,8131
4701,5322,8017,1633,8014
3957,9466,6907,6301,2191
1735,5271,4722,395,7442
3460,3751,6358,4275,1432
7491,5469,3792,8093,8707
3690,5234,9238,2802,9853
7370,7504,5175,5388,9138
3190,9345,8604,97,5647
796,1832,919,5518,2228
8361,8979,5979,4720,3254
7412,2212,8724,1205,305
7431,4895,5540,6669,7698
5393,4040,5202,568,9428
4340,3758,8774,2945,3855
4421,3741,5688,5340,9260
7916,3702,8239,3896,8422
1494,1308,634,218,2514
940,7649,7409,6480,4319
5107,1873,8359,310,2442
7787,4650,6200,6561,7596
56,982,1337,5745,6323
598,3661,26,8837,7557
8448,332,8866,9083,550
1380,23,8199,8790,6503
2519,3897,8377,878,4208
819,8665,8859,7019,5226
6455,7076,6209,7793,2821
2533,8391,6483,2559,7229
4041,1008,7561,2907,92
8111,4288,116,6311,3078
6619,8830,6976,4997,9708
1184,5816,8374,43,2836
3601,6499,9912,9810,4292
2734,2344,2683,9217,4904
9913,3258,5912,7474,6166
6005,5585,455,6121,1897
3533,2741,727,510,7738
436,1695,3554,8810,1739
6391,2411,8238,6303,2222
2531,9038,4567,5215,8256
9471,5128,1515,5383,2602
7682,1389,8188,8137,7510
85,1670,251,813,2181
7990,1249,3876,1544,60
5615,7936,2472,3854,4239
4695,6385,3278,9262,1600
1535,8733,6728,3050,4117
9331,732,5506,7519,8869
3016,7605,540,3268,8418
2721,1258,9668,6598,2803
9728,2213,739,2200,6068
4979,6896,2453,8258,6158
4053,9793,4891,782,2843
9008,113,3576,4514,7632
2445,7531,5237,2986,799
3656,5708,2058,3324,2306
4861,3052,4520,5601,5253
588,580,2149,3041,8838
8308,7095,8631,3199,7877
1475,2207,7991,5051,6721
5624,7497,4252,862,484
5052,4518,6192,7110,7842
8499,1972,895,3020,7573
6149,3608,8154,8299,6650
6992,6607,3746,5624,9806
1624,7100,2014,9615,2152
8736,5240,9650,2989,6102
134,8041,620,6327,5151
8462,4826,7123,9358,7846
4697,5507,1455,2851,3806
8106,9844,414,1853,5468
220,3477,2569,2234,3093
4721,971,8333,4371,3960
4435,4506,2001,5055,833
7153,3518,5659,4277,2877
3506,8974,8384,4962,1825
2191,3069,1669,2605,4922
7138,2826,8400,9708,5061
1493,4429,6032,9827,8801
9992,4262,3307,1994,9318
4140,9147,2837,9800,3425
5714,3307,2399,4099,8270
4225,6290,1339,5895,8896
6262,3034,1723,4662,2742
6785,6156,7172,2817,5983
5973,2810,245,9281,4805
9564,3422,3953,2401,3222
7378,8116,6530,9778,2215
4800,4003,8506,6140,9899
7402,2402,2933,9126,7065
5676,5911,3221,2848,8729
9204,8822,1540,9450,8104
6345,9015,1526,298,1417
4749,7677,9533,1279,7455
1749,6080,1459,255,2220
1358,7657,4623,4292,6784
1688,9969,2695,4910,2817
1424,4114,1640,2964,3565
9744,9310,2580,1270,9609
3997,6019,7286,3531,7299
4742,5280,3379,6201,5535
5600,7560,3193,223,1853
9977,1912,1822,2673,6822
4639,4098,937,6280,7063
4503,6024,6373,7084,7295
5982,1081,3315,3269,4613
615,8011,9893,3994,4212
5429,9595,1773,8623,9819
3626,8601,1732,5448,1274
8555,87,5372,9492,6368
2435,3996,2393,8809,1080
9688,4791,2162,3004,8060
6775,3619,6072,6669,7614
284,2099,7209,2057,722
7028,5683,9323,8760,1132
597,7315,1220,5970,6808
7588,8405,804,9981,7215
1884,9670,2006,4047,2674
67,822,6293,6139,7492
3907,6424,9591,1116,8482
313,8145,4166,9637,6906
5298,234,4221,6518,6205
1030,4107,4611,1834,4088
1826,3719,3758,3833,7766
6432,3900,8589,2726,40
6081,6634,6465,5673,7751
4948,5986,5896,9114,5623
2802,4413,5858,7024,932
2063,8054,5039,6675,9889
9127,8501,3608,2886,2334
1375,9318,6235,9965,2045
6276,6047,8679,2741,1720
6430,7690,7707,2327,6805
3330,5129,1218,9189,2153
2150,1253,208,7190,7928
97,6317,6429,3705,9204
8764,5081,8522,4999,5046
568,1275,1094,9247,4017
2814,5678,1707,521,8005
8512,3852,3134,9731,3041
5288,1882,4294,5496,9072
2222,5593,5390,8652,9299
4594,7416,4380,3117,2415
9427,3685,3691,521,2933
7708,3336,8611,9416,3857
6616,7928,7709,9751,7660
751,5040,9542,5045,536
8614,7268,6130,4004,5920
5430,8599,3336,9811,1716
5752,9238,5402,9443,9760
8335,7152,3097,6946,6568
6955,3563,4497,4665,3315
2157,5416,8355,1699,462
8892,314,7730,5022,4319
3650,452,2918,6987,263
4634,2739,9502,36,2183
9263,8372,9335,2360,5318
5903,9315,8882,401,3980
2197,2558,9397,553,4257
9859,9445,4572,7589,4467
8891,1240,4920,1809,8227
5184,6444,967,4687,6481
3150,3950,4853,2485,6311
172,8389,5626,9054,8790
9607,1252,1349,9004,1805
5607,8863,1250,179,6453
5718,9070,7693,639,879
5920,5823,7323,6887,510
3804,37,4461,8658,2523
772,8830,913,6398,7884
9704,6006,9137,1053,5011
942,6660,3874,2193,6840
327,7911,5910,8020,8550
6790,3941,4374,4114,828
4885,7919,866,9346,6577
3390,118,5407,4304,6517
3292,4008,2524,2429,5062
7535,3371,1723,1409,5564
8563,1737,3476,4473,9758
2027,1263,3699,6401,5377
4528,1286,3297,5395,633
9874,8785,751,5281,3089
7269,8573,7098,9793,1003
2160,7328,4375,3883,8738
9939,2447,476,3416,6921
234,5443,8185,3934,1845
3563,8463,3132,6860,3858
3765,6734,2644,4517,2015
5734,1787,589,2832,1580
1592,4993,8909,5967,8877
7647,5907,1324,8123,9324
8245,8358,4767,6430,2292
6613,9993,755,9745,6853
4614,3511,3588,7258,8029
5604,2992,9816,6193,5825
1396,7786,818,306,3754
9695,7953,9661,1019,6077
8985,9265,4435,3753,5696
6727,367,5690,7483,113
2544,2097,3624,6132,9356
1654,1736,2348,1470,7929
8173,2867,5716,8992,3173
9470,8687,1127,9131,9707
7204,8117,8973,1639,1871
4669,8367,2238,359,5850
2351,2903,7948,5976,9035
7304,7630,771,9653,9101
8701,7827,1968,4417,6819
5142,3887,5507,6269,3019
5214,3473,1137,4187,5113
3008,8856,3480,5246,9216
9330,7598,2119,7278,3574
1155,4583,1204,1927,4236
306,628,2063,2275,5046
8883,7417,8934,4390,3687
1954,9604,7161,3091,3792
2274,6099,2649,5755,1346
1865,5085,8944,3985,2364
2518,5140,6948,3723,7068
1184,4029,7696,3248,6304
2743,2131,3722,1677,6522
7409,3631,6126,4571,6723
9919,6845,2822,2569,2600
4168,4434,7686,3112,8420
51,5631,3561,6999,9354
629,8184,3383,8326,1433
9688,1069,3564,3410,2747
86,819,6379,6213,5390
3102,6133,2236,5925,8702
4837,93,3137,2524,3206
1557,2576,8837,5118,9575
8191,5747,7760,1575,4074
9193,1263,5143,2758,4673
7891,2845,5493,4270,9059
884,7373,5192,3120,3298
3894,7958,3392,7031,482
6598,8589,3058,5436,3707
2634,3628,9455,394,5203
3529,9588,6467,8673,2347
1141,6565,5192,6634,835
4251,7518,8209,9444,639
1507,3338,8597,4900,370
9080,1498,8960,2138,6934
2668,4772,563,2123,5167
5766,5653,4756,2234,4327
7103,3375,892,2295,10
1728,6547,7529,9937,5991
8168,1445,9330,6766,6345
9701,5846,7844,8661,7984
4779,1329,2757,5342,3453
7925,1109,9106,2681,3343
3434,9785,6719,4326,2080
6729,6055,8628,4259,5993
4619,2427,7438,3950,9194
3784,3651,5040,1629,2312
3025,6408,3641,5783,1750
7094,3708,2860,6201,6390
6203,9635,6175,2922,3962
8256,9652,17,6884,3911
6010,1504,6339,3449,5454
5533,7234,9105,574,8863
1418,3599,5272,5059,9382
7022,2154,3091,9882,8355
9481,6086,7991,5656,9009
1954,3912,8662,1972,797
2574,7983,2301,8913,1432
7755,4447,8667,6861,5021
7530,8279,8621,2802,3339
8003,9825,5493,1094,9708
3849,575,5795,1841,6232
4804,3796,144,3467,5768
942,6041,3751,3243,4954
5184,999,9402,3852,7861
4423,1382,6141,3045,4185
9480,1048,4011,4974,2143
3720,8824,2719,9515,666
8952,4319,4462,9097,7787
231,39,3828,3983,3282
8782,9167,4282,8185,3020
2143,2609,4402,8284,5654
8588,7765,6703,2600,2740
8847,6320,1564,1566,5835
2231,518,155,6693,9615
7942,6924,9655,1770,908
2937,553,75,7220,8738
3095,9363,1347,7498,7648
7002,6087,5413,3705,8687
8153,2552,5007,9718,4118
843,1949,4637,998,8643
4253,8940,5568,3908,711
6476,6846,1264,6552,4066
3,9648,3430,1350,7147
1078,8352,3234,6492,2058
1922,4646,4610,6930,4364
8729,7773,6314,3367,8771
4957,7620,7712,525,1529
8423,7001,8376,9687,3553
2442,9690,3202,5873,1041
349,6951,9394,3583,3444
1452,5506,8091,6063,2436
2456,4792,209,8770,8159
8980,3728,5780,6693,4253
7309,5116,1255,5686,4804
4809,8128,4495,8011,4001
5537,8360,953,4931,1944
4398,6384,7450,2489,2447
9886,4945,7239,96,3716
5399,9077,7444,1179,5770
1697,8489,886,2953,4175
5691,7763,2304,186,5774
6306,5723,4135,7260,655
6080,1658,7039,3530,4148
9486,3417,9093,6726,3513
2809,2125,2590,253,3305
8361,1951,1795,9248,4905
5970,4939,2668,8275,5125
8443,4581,849,2579,1841
1504,8659,3500,8543,2190
7648,8030,5608,6742,4757
9122,9552,6883,1712,9806
189,74,1758,1984,9322
6663,7955,4261,9332,6230
9387,7775,812,236,355
2653,1740,9014,6154,284
1205,3803,8315,6813,545
3073,5935,98,9956,7648
9904,145,7722,1662,2130
7045,8326,85,1306,7658
6315,693,5434,7127,929
5789,9781,2670,4804,5936
2955,6009,9739,1270,2823
285,4343,8758,383,4299
6407,287,4445,4130,1950
6575,1175,276,6660,2481
7935,2976,3175,3369,104
4105,9158,9885,6775,3962
5822,9730,9972,5561,1001
2795,5846,5344,1554,6230
9644,7961,6518,4090,2092
8468,665,3268,8745,7326
5749,6680,303,8925,49
407,3030,9208,293,9806
3171,6115,9536,3143,1677
538,5939,7524,5882,7493
3754,5527,5455,272,9617
7547,8741,283,815,7486
7610,6565,4167,7913,5491
4217,8321,8521,3425,8615
8328,6596,4730,7865,9740
6408,8403,5679,3932,4285
3172,7686,9813,8628,7959
9430,6175,6701,9714,6991
4187,7324,3557,8355,5238
9048,2572,3559,7570,5997
2174,5899,2594,6905,3764
2334,3313,2167,8013,7246
6453,1186,4933,6266,9814
2892,5696,5990,9594,5410
2982,3781,2735,6539,2137
7973,5588,4709,1533,3159
707,3708,9058,3301,613
2822,5636,3927,4990,3649
1174,1443,4836,6107,7709
4650,9000,3406,641,8594
8817,3623,2376,1552,162
4513,9526,5751,9223,1059
8911,9930,4767,7969,3231
5381,792,8867,9309,5782
2517,483,7225,7353,6591
4935,2004,5591,8341,2645
4186,7159,6268,6562,8712
6431,1076,8238,2183,299
9298,1094,229,4066,9063
3461,9447,9856,2328,8757
5638,4846,9241,2863,2200
5832,7799,4204,1423,6140
6850,5610,3300,3119,2172
2012,9550,3248,250,1734
3548,9548,2828,3777,3615
1892,7238,3062,1748,9567
1820,7387,4413,1061,251
6614,6893,8050,818,8317
4191,7669,3927,7491,788
6100,9503,339,9349,9754
2073,2897,9302,4902,6675
2918,6794,3914,5981,8543
3481,7801,5931,7895,8862
6182,4509,5756,4232,5328
4074,8423,2997,8002,5915
3786,4102,5418,4125,3451
5172,6199,6349,4475,1101
3024,7393,7896,6938,3374
6440,420,1175,2371,8316
38,8553,2826,5795,2786
8155,9869,1210,1152,7871
7125,4939,1974,2543,9064
5426,7716,5263,1775,2191
6364,4800,9585,4261,1739
2959,701,2160,4135,3072
476,4174,1626,3303,9969
4412,1458,9839,5622,2611
7711,2747,7550,9685,5291
6614,5112,3007,1878,6887
5199,8243,1688,4784,2504
3428,7744,3206,5588,1880
6278,6065,6054,7904,9368
6024,2317,826,5863,7939
3438,3574,687,988,3260
5978,7603,8372,8986,9481
5260,4186,7725,6949,8970
229,377,6715,3436,5965
8595,9714,2031,4649,7619
1400,674,9936,2226,6537
7876,5664,112,8563,6653
3372,4541,4256,1745,3528
3738,7005,7714,1463,3954
6685,1693,4332,3400,5129
298,1995,4844,2329,6645
2464,3729,7319,2400,5956
3857,277,1621,3969,8840
8274,7342,3382,2531,9088
6910,6269,6093,4625,7732
48,1310,9426,4380,4710
4555,4678,6706,9400,7008
3352,1864,737,672,4265
6694,4530,4542,8315,8499
3382,6590,5842,6765,9121
4930,3675,5390,1024,8300
3123,1073,9611,2550,5454
4321,7106,133,1028,6506
7141,4381,8371,7879,5053
2636,4573,9583,7179,2889
8083,561,9479,3926,7326
8601,8857,1002,3992,9881
9303,7116,955,8914,9666
6409,3236,6772,6542,4264
3279,3684,8646,1650,1564
3699,4287,6137,3283,1466
9027,1367,2027,8506,5294
9354,7107,4151,357,1099
4032,9660,8215,4988,8574
7882,1397,1810,4654,7940
6075,7934,1625,4721,9584
3189,8421,3872,9327,1705
5338,8354,3073,7366,6861
8367,6721,3968,2518,7078
5068,6551,6738,3284,1539
5313,1166,2937,7124,5821
878,3200,3756,2503,7922
3341,5692,6343,7213,5019
8049,2551,3374,1122,9917
235,9490,6639,4204,2008
3717,9272,8560,456,2557
100,5770,3724,3037,2894
9546,3915,6094,3302,6419
4016,6643,2111,360,3856
7131,8410,6408,505,9532
6326,740,9022,2965,4944
1031,6682,4217,9591,7139
6775,9692,2909,499,2729
5803,46,6645,1898,3348
3064,5915,9991,5176,6276
3848,2307,4686,256,2813
4218,6582,3553,3241,9547
8498,4273,6230,2716,3865
3369,9491,3557,6278,9991
6287,2082,37,2932,3980
3385,5997,9896,3377,1174
6172,7226,3481,858,7482
6295,5077,4065,9849,8319
3613,8347,2592,9843,1064
6457,3213,555,15,9491
546,6302,1573,583,9235
5554,3969,5232,5450,7347
6406,1622,4573,9888,2481
2055,6183,7558,6121,6032
5877,9734,4380,8470,9577
5444,4927,2790,5999,4942
2282,6546,1245,3856,7130
480,9410,1100,5712,4860
8447,2119,6483,3020,2007
8964,5076,8191,6523,1197
4224,2400,931,8604,870
508,4049,5798,3299,49
741,5581,6595,1986,9437
3726,2466,8848,4826,8179
3709,3273,299,193,6293
2306,9157,1369,498,5680
2566,4722,8081,3497,3327
8952,4006,7376,4750,7306
7425,5492,2888,4020,7478
2326,7746,9945,1174,2573
8125,4883,5846,8424,5076
2140,731,4234,3509,1229
9915,6076,5952,7997,9574
9279,6949,3580,6655,1700
886,4080,7193,3774,8101
4672,6100,5848,4617,7275
8422,2743,2159,4268,1167
7236,6408,1898,1470,9918
3128,1386,5994,9080,9383
5568,8360,6333,9149,5015
8034,35,9096,5227,3810
7198,9899,9911,3047,4517
7187,1469,7261,9346,5738
8428,6582,2146,327,8053
2064,3456,9440,8059,2537
8824,3627,897,5157,2776
5913,3192,2812,5010,8419
6623,2209,8319,6535,5256
2837,3722,6726,98,3068
2464,8526,9651,4611,8854
7705,6676,2310,7145,4735
4847,5969,8362,5745,1127
1139,1658,4319,3951,6669
2739,575,8878,1058,7110
4135,3895,832,861,3993
3901,3326,2520,3553,7938
1375,1258,4614,3685,8404
9350,8533,4374,7713,4278
5501,8852,5937,9821,2804
2606,2560,3379,1484,3618
489,5620,7514,1322,6482
1508,5223,9808,4028,8776
7747,5403,35,2362,9089
8439,1712,7623,2813,9425
1902,8315,8278,7839,8136
1082,446,696,4462,1931
4315,4952,7551,1829,6274
4033,3337,1498,3842,7366
275,1590,2770,310,3952
1860,8750,5664,9483,1564
5090,1386,9879,3368,9225
8015,4451,9672,8712,8914
1603,3027,3866,9155,4857
141,3189,8195,1640,7031
5561,1915,8621,8332,2226
2574,193,976,8238,9676
2540,3329,1063,2420,6697
289,436,1149,9961,9148
63,1565,2175,3930,720
7032,4071,3909,5227,5712
941,789,7627,9563,9122
9854,2137,9315,830,376
8992,3371,3705,55,5792
403,344,6228,1552,305
5376,1616,1870,7552,5546
2591,4585,9618,6501,9812
5330,7443,602,2958,7006
9724,2812,9144,9039,3643
9521,8031,7015,3226,8087
2807,3630,8431,9036,5183
8736,4412,6799,607,1965
2346,3199,6550,1964,9701
6362,7295,7144,6965,253
4151,6690,3066,3296,5729
6710,2817,3761,3725,6044
1848,6533,9674,279,5569
4858,9016,9982,1657,9624
1947,4003,2823,8497,5968
2524,4860,3264,9669,1825
3517,3820,8515,6584,7117
4245,3294,9934,8007,7020
5978,9855,3554,5653,135
9123,511,9152,9105,2169
8776,1053,6173,1600,9550
2142,4125,4410,5406,3794
6236,8924,7615,4752,5508
4732,8997,8803,4667,7004
5824,645,6860,9378,6299
6996,8501,6811,6148,7607
8980,4925,8660,5154,6525
8211,7296,651,2621,2702
4445,8857,1626,2061,3609
7135,6793,2607,5939,1460
9612,1763,2106,6473,1141
8406,3469,9643,5217,9618
7250,4198,4544,5911,9352
1070,4122,6649,1721,6743
9351,6167,5601,978,8228
9211,8114,5022,1819,4053
6483,1431,5816,8590,7904
6957,6996,1374,6600,2214
993,3851,6412,5537,9762
5765,6607,3885,2414,8329
629,1766,4496,6230,2744
2724,5442,859,7747,7262
4912,4230,8694,728,2820
6599,7686,9817,7973,4286
2031,8966,8138,8443,4504
7901,4209,1112,1786,6623
9441,2415,8390,3937,8646
1135,6662,4089,1994,4409
1351,6906,8640,45,7634
1461,6644,5321,1278,4618
9608,3310,3585,7746,1753
8089,5647,5963,9201,7433
2586,8642,9849,976,2579
8495,2111,9241,2584,4105
3651,3935,1012,2291,3981
8647,3752,626,3968,5030
5244,3576,8340,8829,1322
94,6919,6970,6057,6120
4404,8644,4763,4253,9621
7343,2748,1733,6585,5333
5839,236,9269,6851,2527
3250,5498,6279,3877,9466
1310,9121,3043,9651,7951
4366,9746,4870,1336,5804
990,5740,4448,5754,9994
4070,3097,2743,5803,9682
8076,1643,9918,7345,8494
2446,596,3993,8726,4473
3460,36,3595,6503,9688
1546,870,9434,6416,2206
5238,7407,7947,9687,3161
7941,3757,6258,685,9561
5941,8761,1204,5859,6107
9699,8306,6704,3693,7032
1178,7154,7068,4773,3657
6757,6320,4527,6191,2736
6734,1429,144,4682,1117
3305,2624,4874,9564,3309
4436,5505,2071,5641,1365
8178,5341,9671,4883,9034
6703,6062,6188,3772,835
9846,529,7156,4374,6720
9893,1109,8150,37,5791
9267,3343,8415,4142,2907
1724,8579,8413,3796,4220
9778,1974,9562,9450,6858
8597,6154,2920,4786,9926
3756,4632,456,912,9007
7176,805,117,5327,843
5908,4595,4186,4324,8737
7094,6049,7317,5507,9845
1537,5286,1820,1099,4737
8678,9697,891,1599,4483
817,5355,9116,1273,6268
8124,8450,7074,8241,3778
7917,4150,8373,2103,8474
7111,9198,4524,4428,4705
4369,5965,9992,6190,7065
4729,4869,6763,5621,6468
1246,6438,1824,362,7712
8093,8486,6163,5167,6727
9941,3084,878,8314,5188
9353,5425,4386,3877,9853
9092,8247,5819,9085,4437
2885,3815,9306,9648,9436
5775,894,5875,7600,1256
3587,5693,9743,9750,861
6470,9692,3945,7349,8006
9134,6702,3432,3521,579
3285,2613,8827,9105,1699
3264,1991,5514,2571,1639
4950,8347,2534,825,5948
3791,4413,1641,3534,4164
2502,5,3856,6448,7354
1862,5583,4057,5295,9104
4636,8580,1718,3464,7686
3417,6728,9677,8931,9300
1317,3882,7648,3851,4708
3596,7643,9122,5238,1178
3286,7740,1183,7142,4189
8538,9005,9772,2595,4300
8876,7232,2881,594,696
568,4012,7425,245,2943
6726,1563,6826,4374,5415
1534,7971,3058,656,3209
4236,3943,950,5420,1085
5139,3959,91,4912,6554
4392,3788,3787,7274,4383
4483,7842,8395,1909,8088
1339,8635,9652,8165,3010
5067,9700,981,8125,357
4191,2362,4300,5141,7782
5386,281,1742,5477,5193
8296,9870,8982,2083,7145
3366,6567,4987,1762,8476
3076,3101,7112,2728,1267
122,7796,968,1104,5921
1325,5295,8284,5625,437
6067,1011,719,7809,6489
5913,6106,6360,4896,8190
3505,8262,4757,8493,24
3234,1569,3126,346,4298
4394,469,2094,5362,1573
8016,6688,6869,6300,2313
7307,2368,3325,8027,177
9815,3940,6284,6175,8836
4474,9681,7098,9232,8174
7123,2467,9743,250,2813
4042,4644,3283,6136,7
4857,4152,6695,1727,453
9009,9034,2821,2335,7062
2999,2151,1002,9283,8326
9839,3757,8008,6938,2990
6182,4061,5457,5926,4312
8270,9968,8956,1554,6104
8964,6411,257,5659,8138
710,4669,7173,3532,7004
4235,6531,9156,5238,5815
7483,5077,9573,5491,2015
2563,1673,6077,8020,7599
389,6291,7568,9345,7845
3673,8309,4257,3930,3969
2395,4641,8639,9569,8173
5644,3804,4705,4800,9043
521,2283,4120,94,7774
6135,2657,9448,2213,677
7047,2602,6968,4616,1948
4814,8289,258,9071,2219
4228,1467,6861,2867,1036
5035,8511,4841,9741,3311
3884,262,5595,8004,356
3369,4140,3013,2817,6354
3690,9865,8956,659,4481
904,5473,2770,1163,4544
4990,5391,6012,1852,8258
7048,6887,6770,1889,6628
81,5774,6890,5676,3779
7246,9046,7919,259,1863
4273,3950,1729,3230,4610
6211,4135,83,8982,5298
4628,3972,689,640,5825
8948,7689,2712,5718,9578
9340,5800,5353,6231,1477
9132,3477,524,7052,3737
2388,1325,7688,4117,4556
2298,328,8691,2382,9310
3989,7010,3283,4679,7651
9108,3628,5340,1821,9347
4919,1162,5148,272,7393
6625,9405,870,7149,6457
4608,9537,7782,2296,3655
2339,4595,3984,1030,6977
3295,5020,3988,6578,9700
1639,5687,3329,6980,7508
2676,1900,8670,7824,2173
6064,4450,1578,6935,1599
8035,1543,1137,5818,3840
4793,8157,8436,8777,9188
5413,2072,4208,9401,8651
3909,1041,4339,7238,8022
1848,9914,9922,519,7738
2095,6583,2189,3674,3518
3788,1709,5062,4926,7527
8903,9720,5685,7339,8497
4873,2752,570,9082,2154
9222,2991,3196,3561,229
1218,5410,144,1141,5929
7883,3237,2512,72,6911
6031,3861,8621,1094,8788
6148,9997,8508,1834,7336
7006,6707,89,7577,5789
2243,6799,8780,5439,361
9010,6658,5771,9154,7799
1700,7038,1036,4213,7110
7948,244,972,6569,1338
9760,2718,1336,8268,4552
8672,5275,1259,8761,2852
7049,1005,9651,5830,6445
12,4840,3103,5783,3995
903,7484,1034,1940,1697
8144,9888,1942,9117,6458
3281,8877,9176,4617,7146
3729,3290,2421,4989,2052
5274,2038,3058,4925,7868
9503,4938,2709,2606,722
6705,3509,8207,7739,5450
9904,5884,5338,1847,5001
1796,5129,3878,973,9747
1025,4702,3037,3446,9691
5090,8721,1729,8148,3646
9598,7651,8585,2308,258
9308,9013,3768,7515,6753
9218,7420,2637,4556,9268
7639,6353,4397,1518,7326
4144,2543,2029,7181,5990
1720,2272,4711,3450,420
8358,3049,8071,6944,5357
8329,6252,4371,2097,3768
1124,1315,1189,3762,5872
457,1401,2226,4854,2919
9552,8998,5462,1582,6180
1453,3303,8453,6164,6754
8873,4522,9803,6944,1467
5161,5274,7719,9532,7372
1487,657,8688,2676,4419
4561,3134,5820,6787,7988
8739,6340,6987,4202,7922
3168,5655,1225,1621,1820
7979,494,6343,7783,7439
7810,2944,2714,5530,2477
87,7018,3134,8775,9694
7553,3337,2829,3373,124
817,2113,6464,7805,6316
4387,974,1972,5612,2595
3792,3592,3090,136,1376
530,7946,4321,3245,3476
6798,3332,494,9933,2108
189,7487,5445,3018,861
5570,3836,2974,2034,1642
9291,6422,2616,1263,2035
5211,5055,5628,8302,5192
7004,8833,3138,1325,2078
6615,8124,5410,7110,8057
7519,7300,5545,2965,319
6406,8535,4155,9380,570
5798,8671,6992,8414,9934
9028,3626,4990,4656,1928
182,1660,761,3321,2986
2840,9937,1110,8251,7047
9168,5770,4347,4713,8736
4666,1119,7271,8822,500
7842,4620,9172,4835,3034
9107,3863,6661,4097,8519
8589,4280,179,9351,7602
3165,2191,7539,4276,442
4586,3445,6213,8934,8158
4949,3600,9278,2221,2423
9778,63,7043,8951,4898
78,8058,8761,6739,2156
7280,5329,6436,7460,4681
4039,626,6872,1578,4902
7315,6164,8347,3529,5098
6506,8478,8699,5784,699
1122,5563,763,8166,4514
5661,8245,2572,4423,4984
4728,1704,314,1165,9164
4995,5204,9790,1868,6782
4693,9183,2947,3040,2713
8046,9547,1191,6746,5331
1891,7869,895,2654,6036
5409,8316,4281,7981,2739
9266,2710,4443,9580,3876
3608,4575,9080,3399,6443
5863,8092,5627,8811,1133
8340,6857,680,9532,3604
6011,1423,1473,6906,4078
7509,2316,2394,1790,298
5134,1056,3008,9578,637
6884,3186,5213,5965,6585
1656,1828,4677,7284,639
5810,5625,7497,6490,5158
1101,2502,6581,2575,9409
660,85,1725,3055,1875
2023,8189,2932,5032,7767
3570,1916,953,8783,7882
7539,440,9711,2216,7724
351,8027,3350,7849,4518
8508,8950,7020,5090,1526
6429,5750,1611,8154,8805
3487,178,6995,6420,5210
4762,9990,7127,5716,8773
5009,3255,9213,4721,5472
6938,5072,3499,289,2921
8017,8797,1872,5038,3888
3398,1468,9639,5009,9622
8445,8497,9801,5440,4917
5011,203,4907,2138,5919
3681,7148,9175,2895,1869
4647,9834,6941,8147,123
9862,6165,8921,1735,1203
2809,5133,2671,2449,143
2294,894,8640,2095,6334
3557,7107,6538,8465,9245
2457,2146,6394,1632,5042
8263,6280,4876,5204,4427
4999,5067,592,3921,6802
1795,6730,1936,4467,9180
2079,6762,74,720,8857
6409,4278,5964,2947,2744
5210,5405,4891,1604,7038
9933,9867,3318,4809,5072
7745,9808,140,8338,3729
6943,133,460,8879,4601
9641,959,1363,9715,1680
221,6125,5958,6185,9073
8702,1396,4478,3593,3000
1516,3526,2868,4835,8336
7941,2580,8144,8081,918
1874,5024,1052,2335,3904
5654,1976,4864,7017,1692
6544,7239,7817,2502,3425
6890,1205,4821,1369,4798
7822,2886,8325,690,7721
6661,8631,301,4806,6713
1220,6681,1737,2273,9017
5642,7927,993,506,4945
2686,7050,2184,504,9553
5609,7395,758,431,8764
5557,8253,1650,3882,8943
9371,544,7575,9673,5350
4288,894,2032,6026,3167
1049,1668,1095,2043,2174
6041,4729,9225,8226,5233
8778,3836,2628,9536,4267
1392,5094,2521,3043,8976
1465,2415,9521,9040,2088
4871,3328,2982,6903,9355
6150,7952,1023,7246,9996
3198,3288,4725,2423,1515
9958,1202,5351,2587,739
9619,3980,5833,2140,7023
4810,3605,9438,4331,2646
1527,9203,5975,4510,6107
5330,661,4060,6353,7908
4056,9552,1196,8781,1975
2711,8740,3178,8063,1327
3917,7683,5308,9750,9824
2331,4561,3430,1770,8892
6076,3297,8095,2051,7808
4203,7381,8469,8263,3735
6377,2319,3287,7574,1100
5263,286,9841,8441,8350
1169,2359,6033,6477,2110
5857,8809,6671,9287,579
5564,5363,3877,3659,7415
1685,7863,4797,155,6126
8533,6533,8445,1821,4107
9546,7084,4393,9387,5526
2743,556,7886,8777,7033
9996,4634,5842,6667,3921
6422,2231,9285,300,5891
6701,1986,3754,1498,2141
9881,31,8674,8326,1853
2782,7872,8937,7176,7260
4464,9920,7816,2350,8697
4850,2347,3331,693,9015
7253,7116,1246,6539,7416
7138,3241,9402,893,4739
1543,774,4771,218,9101
6624,3000,6974,5562,177
4234,27,97,2051,2378
8794,6902,4725,2126,7595
3740,9380,4711,4987,5920
2127,2126,9161,1530,3019
3901,3074,3794,8673,3292
2895,5297,6293,9870,860
6471,4104,887,6568,6156
3266,5363,3058,7991,7490
654,1732,6871,5365,6719
2791,7493,8845,1953,9024
1865,5854,2098,5659,4527
5391,8555,9825,1684,8425
686,8155,2530,1574,4724
8686,4840,88,1744,2831
7578,2399,4563,4449,7764
1283,7241,5258,129,9194
4283,1994,5049,6381,7654
9577,1772,6210,9403,3457
4636,89,1613,7166,1663
6337,5853,6503,6425,7597
9335,4004,9997,3899,8453
7762,5182,5695,3020,5311
4890,7303,7306,9939,3685
4960,9517,5457,1170,8920
8914,5806,9009,528,2973
672,6865,8826,7176,3291
6424,6511,7295,6421,410
5749,4183,5593,1444,7204
905,6335,4508,8211,6275
8193,3172,5792,3650,4343
4712,2565,150,3722,3093
3123,4395,9959,1949,1572
3251,8374,8083,547,4795
8494,6296,8979,4088,7741
6183,4993,4076,691,3205
351,8884,6377,6144,2535
720,857,5101,870,4579
8195,3994,8975,8155,5944
547,1406,4318,8631,1953
9113,7126,8250,8092,1214
5991,4276,6208,68,4967
9413,420,3852,5790,6564
6388,6511,7421,1489,7381
2000,9684,1375,976,7840
7319,1523,9246,1638,154
1200,751,7280,9451,8844
8495,5442,3121,4703,5511
8088,4116,5931,1940,9906
2495,8329,6417,9916,9818
3799,1917,9503,5175,2893
7343,2495,4417,6590,4133
4571,7791,4884,1852,7242
3729,348,2685,6850,5051
8196,4939,9167,4128,6880
9074,6623,5209,5492,6540
5027,9291,8457,4531,4467
1351,1875,6962,5768,8466
1095,340,6257,5980,2193
3499,9710,2541,6185,6561
7592,4382,1500,6760,8510
8380,5834,5134,3590,1327
1674,8618,619,132,3149
5086,1484,5025,2048,7253
3491,3144,7593,9748,9124
9787,3248,8835,2328,9433
5396,9921,3816,6896,6682
2326,5277,2517,7460,8868
3844,9135,7486,4463,9268
636,9550,752,5661,1599
8005,9152,4743,5599,8901
3868,5386,2149,2703,7715
1583,8099,7637,5399,4996
4319,7726,273,6836,5187
9141,680,4322,6628,5144
3591,7264,4694,4343,2926
6293,2349,2078,1037,7949
980,4905,3335,3130,7609
1051,4713,5709,8689,113
705,3008,7840,979,9845
3027,121,526,7350,6749
5671,941,4013,365,5285
6939,6659,7634,9018,7697
5583,9998,2602,8919,3128
212,9971,7842,5921,8660
7956,6626,1669,5796,7605
1514,8824,7726,2041,6174
4475,7712,7115,8489,8078
2401,5429,4737,36,4448
2434,5620,4447,5037,4540
7576,5249,4511,5419,1171
3172,3375,7797,4841,9172
5403,6356,7996,3129,8398
4170,7605,6110,1286,6095
4188,3687,1525,8926,3724
5973,1361,9344,420,6398
3884,7997,1648,8396,3416
2819,1568,6791,617,6410
5964,6020,2767,3960,9149
1165,8131,6755,7276,9417
2850,1464,3105,4375,391
6829,349,1752,6174,770
8151,58,8767,9800,8455
2184,2619,23,8976,3237
6434,4940,9257,9201,8900
8407,366,7031,5162,7642
6449,8013,9107,9554,2389
9499,6384,2739,1252,2558
3509,9403,2617,2277,9204
1072,4461,1824,1096,3437
5061,7530,8377,4318,6731
7278,2726,7098,4309,7889
4741,758,5902,3849,313
8292,3348,6698,1031,4601
9257,4541,4004,1874,6819
3209,2947,1280,5033,4043
4717,94,1574,3095,4413
8305,373,7139,5404,4683
5028,145,5442,931,3995
5756,9223,7344,2454,255
1945,1711,4797,5949,3586
1616,9159,6533,2896,4192
577,7614,4286,2151,710
8699,456,1083,5838,5861
5767,867,6006,1209,1798
2,6965,1021,7346,9420
1277,9291,1131,6074,5241
4717,7691,4400,1251,588
8592,1828,8202,2878,3979
8912,1578,4436,9996,7417
297,5763,8284,6304,6973
83,6306,3938,1105,3652
3358,2382,2943,4490,8457
8184,9208,6149,2584,459
6737,1177,2287,4939,4056
6267,3852,5634,703,3849
3052,1000,9612,1337,7304
6585,1420,3611,524,2526
7263,3883,4908,207,8373
3366,8392,7581,9515,976
8041,6253,2154,328,1193
6210,6596,5045,1845,7299
8894,4898,8300,8507,6235
5605,5093,7656,9216,5617
182,6480,9501,5091,6687
7874,8458,5079,5456,7974
6056,3497,4227,8210,3826
5420,4421,423,466,6266
7722,9360,1165,6022,7868
7400,1628,2961,5057,844
8579,5240,7325,8080,331
4012,5955,8790,9092,1411
6764,5148,4909,992,3359
8736,6412,7781,9159,6878
4048,6882,6239,5213,2905
4107,2613,4533,7069,7671
5378,5648,2911,2703,3728
3243,6716,9683,2033,5808
1095,8798,957,6005,9790
4317,4741,6202,2098,3901
3081,6146,784,9320,1359
3689,3428,3973,8223,497
1645,3601,6146,4557,6305
9874,7800,3022,9558,9834
8830,653,8632,9788,6659
8423,4106,1400,4625,6205
5302,7707,2352,6086,7028
3712,9776,456,7686,7999
954,9331,1601,7100,3888
7906,6975,1688,928,6534
1523,9759,7187,155,9548
3847,8578,3654,5248,3204
9860,550,912,2212,6637
7940,5924,6413,8397,3610
4412,9351,2941,6013,6452
6830,3920,3427,8518,4849
9961,42,4608,7149,198
4157,996,8777,7811,6244
1982,7672,6795,2894,9884
3432,834,5808,9845,9231
9418,4258,8582,2360,272
5035,9190,4192,8463,7709
9041,8425,7752,3650,5575
7950,7807,6572,6727,5619
2817,8709,3291,9612,1603
3175,3045,2437,8984,2891
1669,8403,7149,252,763
7421,5287,9954,1614,3750
7664,655,2175,5416,4305
7751,3366,2113,4323,93
7732,7140,8803,1023,6752
406,4199,9797,2844,3183
2689,4514,1586,9838,4766
2350,7260,53,2305,8874
3804,9969,9530,5980,5385
3835,3731,8752,5949,8054
8846,3681,5194,7649,4705
1947,8056,8904,1745,901
2088,4434,5415,3674,4273
181,6025,1533,235,8330
408,4040,8299,9938,20
3685,3774,3752,2437,9723
1807,1283,3404,7002,8932
8110,8949,6989,7014,695
7890,9103,5129,3305,2777
9402,3486,8803,936,3722
7133,1344,7762,5433,1283
7783,9118,5057,1535,1555
4781,3343,2839,8185,345
1772,6296,9294,8761,3311
9990,6651,2414,5119,9957
5192,4522,3444,3995,5459
7166,1129,6804,4929,6562
8087,2712,5681,3145,4248
7236,7926,7591,76,6112
7936,1848,2408,7231,609
5719,7221,7261,8133,2340
7218,3326,6863,662,7321
2323,7829,8450,9127,2758
5013,7214,5470,694,360
9718,7931,8286,7309,8007
4398,5246,9855,6806,2477
465,2526,9698,7727,660
2039,4945,3986,8903,5608
1308,1226,3437,9759,353
6196,4772,7568,1666,5466
7928,1385,3398,6215,8695
1405,613,3941,1261,7420
6419,1727,9946,6117,9454
606,8157,4400,4593,7060
8,5901,8286,3446,5660
8640,9642,433,6208,1309
5899,4137,2694,9298,352
1390,704,966,5332,1965
8386,1751,3693,8333,7869
3147,8940,6026,7548,3533
3086,7556,9435,1373,1003
5095,13,645,5528,6222
1954,1428,360,4649,726
712,6040,1431,1679,1372
3397,65,3124,7090,8399
993,238,7339,7020,7786
873,106,5343,308,1480
6346,5403,1494,6991,932
7716,8946,2361,8076,3596
3088,8789,9636,4519,468
1008,7916,534,4132,5007
8934,5126,5245,6273,2146
3032,7146,2253,8375,7455
3733,4722,2859,5228,1714
3791,2944,660,6153,1021
4257,9241,9811,3893,3760
280,4901,1677,815,9034
6684,9749,4161,1930,6022
6307,4962,3169,8560,3338
624,2294,8061,3484,7522
9775,7276,467,436,3429
1489,4693,2670,1300,8586
6431,1581,3488,8108,2396
2523,4793,2145,6684,6723
8168,2992,1686,1338,1553
5025,1963,3848,3086,5447
1371,2862,2723,1838,3298
6152,3327,7992,8823,4628
6579,5254,6209,68,3363
8605,2592,8156,751,9276
4880,8919,2269,6567,257
3822,1592,2220,7670,4679
7668,9041,7542,391,880
840,6543,4208,8833,5366
8836,5413,621,5046,5481
3984,3651,8073,2141,4403
7350,7022,3322,9619,3589
3580,3441,5182,5800,1112
9862,3468,154,7404,3860
1034,8245,404,5242,7079
5770,4079,2492,6392,9125
7973,377,2777,6047,2518
7180,3397,9541,502,3017
3131,4083,6458,8313,9884
7571,8176,3353,7725,5580
7213,8759,3826,7617,4002
905,3388,8081,3397,9780
7207,1371,157,9984,7419
2676,7165,816,2217,7668
3833,5348,1751,292,3662
1635,7864,1838,4988,5589
7419,2201,4349,1246,9819
8352,2151,3207,6434,5549
2988,3641,6921,3146,3626
4340,5823,791,5157,8040
8459,8991,3389,210,9284
7051,1845,7148,8890,6833
2738,6310,9035,7088,7556
8854,5440,9708,2062,1874
5257,5051,5515,2178,8197
9142,6519,4020,9933,1676
2061,8392,667,5450,8602
9951,2502,448,7099,1393
7282,9837,7703,6317,6925
5260,5172,2366,4968,7234
4240,226,2285,9756,2405
483,8898,8924,4504,8832
600,6566,7224,1267,2017
5827,1218,4520,6275,8318
5913,3557,8156,3617,9875
5082,8877,5047,7448,3846
2282,1689,4072,4567,1446
6477,5051,345,5401,9556
9177,6002,6122,6401,7269
8139,2229,8488,2659,8505
6806,8573,2062,4962,2190
1938,44,1068,6985,7493
4914,9267,9182,8987,3835
628,5464,8887,973,866
8443,151,6868,4565,6553
4138,2705,8782,2627,5365
7287,9433,3938,9350,4396
6128,1288,4441,7197,8273
1934,2111,7541,1117,1098
1377,1746,6563,264,2720
7430,8707,2871,4299,3273
9424,8438,5979,8206,1065
1344,5494,499,5282,4844
4895,1411,6132,9337,8608
4406,1271,720,1948,2389
1819,3325,4135,8383,3590
6856,5813,2297,9727,113
5571,9152,8551,1550,7358
9616,2895,2853,115,8177
7697,5011,9589,3830,4348
8198,8237,5620,8918,186
8010,738,3511,2146,9121
7101,9002,4935,9399,8729
5048,4971,7881,3600,6522
5240,3217,9417,8093,3333
7595,5791,8344,7184,9622
2693,5383,7859,8313,4301
8045,6323,5040,1557,8469
4161,8659,7472,9096,8059
6202,4145,3030,4084,7745
9553,9324,962,8970,7418
4295,6566,3210,2640,3751
2832,5333,9134,691,3647
3436,8737,9971,8476,294
8441,2637,8954,5913,1734
7013,2116,5879,44,6200
3625,9597,5524,4587,8568
2943,8883,5134,6153,1524
8885,8986,6858,8019,9678
505,1455,8415,477,9931
8710,8919,2569,7664,4833
4303,4677,6949,183,4721
3149,3808,4319,8674,8396
2887,1617,7279,8021,7771
8804,6907,6758,5662,4926
6436,6167,6382,4851,6645
6314,3562,5564,8883,1226
397,3187,5904,7347,3370
626,496,7179,4945,9170
5575,7832,788,2855,5854
8560,1659,2761,5318,7322
7688,1755,3490,4070,6607
135,384,169,5700,9267
1395,6098,2455,7300,3445
5826,7926,3941,3005,2871
3112,8581,704,3900,1437
6558,2461,3097,9320,7780
419,7008,9535,3909,1078
6142,4044,1463,6312,9744
731,7708,5842,3186,5008
9287,9012,2934,3229,2018
5806,6341,599,6510,242
2037,3069,2704,5134,2389
484,5553,9397,20,9462
476,6163,3506,1939,2475
3251,2671,184,9094,5857
5192,8382,4870,8126,1612
6889,3933,7953,7489,443
8196,9526,3512,901,4660
5901,1386,213,5299,1406
9676,5776,7570,3182,7716
46,6434,387,230,5529
6245,5422,3911,1115,3549
5523,8005,7482,3477,5494
7925,1674,5020,1438,2575
9681,7340,3961,9894,2639
5368,9570,8416,2938,2753
6132,2984,9188,6519,3215
4717,2764,8637,8628,3880
2187,4152,1885,9669,7630
7379,7595,9304,2400,9034
1879,2081,6374,5841,1975
9014,1209,1546,7430,4147
4300,3563,7132,3488,82
347,8205,2847,8985,6834
6728,1172,987,8613,842
8617,5993,8438,7921,8393
7472,9801,474,3847,5642
2450,2862,6851,3997,292
999,8297,3855,8132,1786
3938,8480,9991,6786,7465
6826,3514,8638,7813,2127
9480,6431,8120,7919,4352
6514,5392,4154,6989,9239
9796,9440,2102,6648,3437
2395,7648,1735,6250,5780
3521,189,4261,3513,6975
1726,340,489,364,8154
2617,9845,4585,738,7764
8938,7252,3157,3092,4242
2397,2888,3682,4499,9537
7120,6894,7186,8856,3145
2966,2377,3334,7228,5891
310,8954,6232,800,9319
4386,3417,9164,8971,4155
6929,7909,1408,86,1001
5651,2483,3890,9333,6982
3428,6454,3876,614,5310
7021,3581,7688,356,809
3580,666,9763,9812,1467
9082,4198,4884,8247,3170
9040,5176,1079,448,5262
2081,6100,7745,5972,5433
4728,9400,1888,8605,14
7198,5627,3596,4887,5983
4405,8467,6650,4169,8279
8117,3252,2478,3002,1499
5648,2042,6675,6728,2491
1938,8809,8591,9684,4782
4025,4413,4182,5913,3018
4197,3112,8645,7794,7999
4629,2199,6466,1280,6369
4746,9398,9621,7224,2400
1121,2873,4442,7797,9601
6934,9735,8411,5525,9420
3193,9550,3833,7376,5464
6851,1574,8576,5497,9368
6575,126,1568,3041,1406
7937,7788,804,7559,5012
3204,8680,7885,7647,6477
7486,4582,6213,5898,107
5633,9092,9658,9466,6468
5122,6318,8043,3699,1815
7411,274,1942,8980,3316
3348,6918,1104,4153,4477
6116,7358,3158,4002,5006
9635,1489,9588,5849,7387
9696,1482,6479,9354,949
2948,4477,7268,991,8176
9084,8403,8451,1026,7383
1767,4375,4301,2872,8528
8779,8989,5886,1937,2991
893,1573,4481,481,7422
1868,177,8905,8348,9532
9855,1296,4010,7123,2288
2187,6207,691,638,7233
8074,2406,1608,2376,5278
137,1155,4267,6024,3092
7259,6917,4665,1740,7399
2087,3609,7576,992,1957
7109,847,3254,1119,7971
5542,3306,4178,6233,3944
1412,4307,6351,3021,6684
1629,3158,7839,5897,9182
931,3157,6099,5597,4897
3498,7685,8506,1075,8678
464,8184,9526,3718,9304
7497,9260,2610,1676,5493
6555,3088,9801,2906,6109
6485,4536,9268,4324,434
8450,5256,3591,4550,854
8488,8049,8539,6995,9125
7217,7459,7310,6743,1177
6614,4240,438,9225,5917
5931,5781,9005,5732,8688
5115,2218,3224,4384,6543
3658,2835,1800,7249,7386
2654,5738,5435,1193,2734
4561,8411,193,1872,5155
1371,8487,9395,1809,7712
5313,7740,3494,4318,3473
2182,9434,5692,5407,3818
2235,9065,6653,4035,6315
4039,6689,2054,9475,7883
4788,4037,6294,4982,5909
1449,6353,4396,845,8162
2109,6158,5903,5604,477
9377,7786,9912,5069,3193
3731,7305,2259,385,1340
8575,4425,8030,629,3901
5913,5418,7938,2208,400
3848,3658,6754,8245,4504
4916,354,663,820,5959
1141,198,3745,1054,5267
6939,4785,2572,9199,5170
3913,7774,9596,1943,8404
3497,7857,3823,1435,66
4223,5283,3725,977,3528
8230,5894,3883,8893,6715
9842,35,6913,3588,1089
2181,528,5875,4754,9727
1045,8667,7501,641,611
5906,4138,8469,9729,5574
8536,3952,858,2261,4930
4387,492,825,8271,9386
7540,8114,9421,4454,1702
510,6635,2230,6385,1390
1958,7431,58,9459,8073
669,5365,2212,9139,5094
7787,7675,9047,8645,9937
3978,3033,429,4803,1304
9815,2344,9418,9237,6799
1121,9748,3435,3352,6134
4825,5310,3566,4883,4770
1639,5553,136,3852,4692
5231,1639,2368,4278,285
2306,8256,3318,2736,3060
4623,2552,5405,4042,1789
2204,5164,1538,5639,8517
7672,464,3828,1238,5348
8598,2878,901,8734,6730
5593,3965,8370,7962,8244
8655,268,6501,1974,3004
9561,6597,5557,4967,639
7346,7171,5804,8884,2811
4321,6557,3275,8149,7795
8624,6747,674,9525,5482
7405,5119,9448,5775,3081
7692,4431,3349,4194,6406
6354,3756,3003,1911,8723
3643,9258,5895,9447,8143
8706,3769,4701,1982,1918
2497,606,8666,3171,131
4148,576,5250,3597,6352
8331,1289,783,1681,5484
7190,8036,9240,193,9948
7963,3837,9207,3858,3285
7351,2565,7054,2052,4547
8973,4549,5153,7639,7720
5285,1788,8297,536,5385
4649,8868,6675,5433,550
2159,2623,8586,1399,2817
8535,9363,6655,7743,3221
9941,5094,5787,6995,7146
334,5969,1696,5488,3608
9417,774,5396,7714,1310
781,2364,178,7457,7798
729,9616,422,9316,1015
3239,7851,378,9895,5595
3600,9836,689,9387,6832
7836,9722,2801,9532,5211
6409,8950,5985,1806,6664
7296,2588,9029,7475,45
6827,8204,9661,7249,7520
677,489,5372,1056,385
967,4657,221,1656,4044
7054,9493,3767,9855,9026
8978,6265,7976,4964,8071
4641,2260,659,3670,9736
705,498,7940,366,7748
5461,1044,8238,833,2100
8623,1800,6757,8845,3457
802,5899,2950,4569,5754
1977,3548,2019,9953,8513
91,4594,774,751,8265
510,1456,8763,8451,1823
6511,3912,2867,4749,4745
4967,3373,6546,1725,2218
3,2527,8117,2954,7097
3871,4931,646,5891,4885
9160,5982,9480,9934,6733
7745,445,8190,6508,8896
13,3020,2809,2880,7770
7555,7848,1143,4101,9574
3361,4105,2101,1478,7060
9199,5350,1991,9845,1241
6877,9005,7224,6357,8940
3957,4103,9385,2147,611
8282,2161,3632,1091,5042
1402,8646,2891,2546,2748
2465,5907,6853,4566,7386
3913,3766,2736,5905,3612
3977,2783,2617,1201,9140
1558,5159,3243,943,7307
3855,9226,9468,7488,318
4510,8891,8965,7402,1437
1713,9867,7344,8567,4434
4730,2480,8200,7466,8386
1812,1444,1169,4430,2646
310,5988,7806,3554,6932
5113,7409,6159,4582,4898
6477,9093,3789,5442,6495
5226,7155,6362,2570,5723
797,7301,8204,8997,4768
6590,810,6212,7760,5240
8859,8070,1229,6665,1624
8161,1779,9034,4320,6362
3932,798,5455,7721,6240
1951,2947,3396,8314,5518
9119,9111,2819,7323,8109
7587,3914,8919,3800,1675
4160,2660,9745,5389,9326
1370,3551,1105,405,7872
7468,4338,8670,2924,2060
4911,4875,5008,8308,3190
526,7428,2301,3346,4752
411,934,8666,9330,4735
341,3490,7395,87,8880
6721,1458,2431,7827,1863
303,5295,6202,8974,8219
8262,3885,3095,3270,2194
6285,3796,9622,8587,7143
4374,8998,8077,3040,8329
2812,3382,1819,208,3469
700,6929,4928,3131,4757
6792,3435,52,2994,2409
8272,1256,6295,1368,4527
8489,7654,8324,8111,6241
5467,2485,5239,3545,5526
3568,6358,8909,5388,6566
2379,6088,3495,7307,9220
8253,4099,2655,8306,7094
5065,6578,8351,1361,7947
2878,9850,5601,1202,7962
1842,6670,448,7082,215
5975,651,6573,4884,6040
3140,7263,2129,6636,4570
1350,4889,8670,4005,3195
5765,9071,9774,4116,432
7721,6994,283,3323,8197
8246,5166,4868,8694,2248
5084,4669,2900,1658,9554
8941,4798,6817,1070,1434
1388,2420,6323,58,6426
9519,5823,5498,9293,9940
5931,7015,6935,6215,338
5133,4461,5504,1,3156
7753,5085,7826,654,6743
7380,9595,1542,4197,665
2977,5586,3086,9301,5644
9512,8820,1468,5011,8114
1409,942,5129,8344,7157
5468,3477,1618,973,3478
4775,8726,8564,2601,9380
5308,9981,8975,6850,4179
9641,9828,9765,2727,9129
5410,2240,7949,6879,7251
6063,8288,8194,1193,6632
5351,6661,109,6970,7634
3588,1745,6361,2153,4346
5741,7461,4327,4717,4312
8506,4359,4140,8272,7087
3269,3682,9327,1219,561
6579,7282,8849,4773,8476
5481,124,5137,5591,7095
2772,9180,8840,9133,1333
3186,4875,8794,7514,9593
3107,6021,3952,7247,4293
1039,517,7976,367,1736
8537,6946,9019,7386,1720
7495,2868,1845,2633,8460
8940,5405,7640,7781,4539
8973,968,9415,7767,8482
9008,874,4504,2961,8122
8798,4001,8639,6774,4368
376,5311,1315,9395,2698
3036,6891,5567,4881,9525
4027,3822,4931,1667,1603
9470,640,2571,8885,8408
1054,7894,9282,5559,856
7405,4357,4857,6044,1131
9226,6421,6443,542,5817
9142,3578,2709,4709,8460
2234,8736,2282,7165,403
3886,6636,1043,6457,5522
9451,7512,3416,8734,3071
4272,6139,7428,9130,2184
8560,8356,8606,5004,8898
4423,4146,2476,7132,8855
936,9366,7592,3219,6532
7995,7105,3168,9039,3563
8690,8491,1075,2107,7226
4147,6380,3366,1576,5510
5551,137,3866,4157,5141
2765,8580,9288,5241,5713
8144,6178,5080,5736,9398
1612,3732,6503,4781,2772
67,3471,1264,1142,5578
8490,5290,1958,1856,6866
7469,7407,7003,1335,1565
2145,4100,146,1433,9342
5859,9577,5521,940,5314
4919,2552,9047,1423,7333
1819,1490,805,3083,2633
6383,1574,7923,8342,3430
4789,5811,838,1793,7147
2404,3938,1248,2550,5371
590,8410,4949,6112,9350
263,1031,1903,9310,2454
9236,1130,3944,42,4213
6577,6426,5788,4500,4768
9218,9290,580,57,1083
7728,2462,5022,8976,5012
393,9567,3422,5343,5679
2773,5607,6710,4676,4918
9165,3912,6048,3109,3954
262,9687,380,6050,4188
5149,5269,3479,5730,5327
4562,3458,7789,9585,2434
2801,9978,2001,6224,5322
7680,8997,929,4391,3673
5847,3556,7586,1896,6666
1541,2158,6353,1922,8209
542,7072,3478,4021,2802
8806,8584,6261,6595,8169
8695,9397,8148,697,5622
3471,8378,4619,4400,2769
8293,248,6326,5880,2144
2992,7421,4303,9346,9344
2512,9888,6416,5991,3910
9219,4797,2495,5480,1392
665,4176,790,8813,4873
6412,2284,3252,1032,6685
6021,9325,6933,2347,5205
9078,5340,2627,3381,4686
1971,5894,4575,8388,1886
8485,7607,6683,980,3088
8076,1646,7264,8866,459
2138,5279,2744,5390,6311
9430,1412,5636,6364,3760
842,5442,9100,3470,8824
3787,5441,4719,8362,3830
6605,6848,1437,3288,7829
4525,1365,9475,1790,231
9935,3929,5510,2679,9319
1822,2110,732,7459,8474
4493,8301,3917,3594,1771
2741,7381,7213,7461,5743
1043,4066,2591,2481,7355
420,7007,8720,9895,8797
8952,9830,2726,4463,2510
2046,6285,4620,2779,3744
3095,7272,2046,7012,866
3818,9754,8247,1031,7215
3991,2074,1281,6583,4556
8637,7003,1563,7357,6899
360,6309,6730,3087,773
9241,5134,7058,3862,7913
803,6957,5186,2849,3969
6053,6667,3723,4300,7699
939,8292,9774,2221,4875
4330,858,1879,5893,8215
8778,6254,4525,5509,9341
5299,4750,4475,2357,8612
2389,3161,5570,7575,6010
9539,3628,2678,3263,7929
377,4203,6221,151,6424
1097,4481,7282,2976,374
5498,1755,6628,23,7265
5970,5322,2015,446,7680
628,2835,841,6198,411
6852,5738,4039,9530,9002
1969,9908,3205,8191,59
9629,9288,4541,6911,2265
4916,2409,4021,1545,2433
1286,7515,7756,3302,7962
5437,3931,797,6279,130
1209,3132,5869,5249,2663
4871,7218,2571,8077,5409
2631,7707,4698,7172,4618
6964,2089,7028,985,3634
9462,2272,1150,7219,5575
9112,2657,9507,9910,8936
9637,1119,2068,5506,6368
4731,378,3586,7303,8456
8996,9934,6163,3695,7107
782,659,9196,7811,1645
2830,7273,3918,3980,4493
9493,3093,7150,9000,3003
6086,8638,4123,8155,4145
492,2886,4524,4079,189
2980,3075,124,9143,6771
7231,9926,7430,6427,7737
9075,9258,5010,2994,3239
9504,2487,6332,6654,1488
9336,2741,127,3460,896
4273,3952,3783,8797,8031
3973,1778,1107,4097,922
7878,1329,848,5309,7756
8585,4385,7015,3596,7379
254,3100,9867,6587,9754
1356,5924,2495,1483,9384
3392,5756,3337,7175,4554
1369,1148,6332,2477,5246
7255,355,6575,8103,5665
4332,6688,50,1347,284
7429,1601,3384,7296,8189
3139,8653,4113,5634,136
3498,9027,5893,6835,6202
448,8205,7351,6781,682
2597,4036,1037,9172,2139
6702,3504,8828,6753,4852
9112,4182,6453,2497,1479
4642,5637,132,8756,1272
269,2254,299,6163,9090
6501,6611,7295,3852,3392
7977,6450,7429,9015,5622
9568,5718,9127,8396,2471
3979,7509,6654,433,7
8133,5076,5644,8266,3833
6916,8536,6087,7215,4699
5178,3717,1311,2473,7570
4703,451,4020,2132,9466
9643,1701,5184,8771,98
7656,2751,7607,4310,3184
7614,2444,8261,3259,710
2094,176,9246,8182,7392
3945,3360,1109,5256,5833
8680,9960,6285,2700,2093
5751,2344,3794,936,1115
3892,8592,3866,1500,2903
7051,9115,5347,5312,2374
6057,7407,2551,5304,5589
9943,9250,8949,1052,4506
4783,9732,4467,1068,2433
6561,6820,4777,356,7757
5893,4248,6350,9759,5749
9253,6810,4864,4600,2123
7239,658,9530,9790,5962
5120,9733,5212,4069,786
9719,8853,519,4187,9922
2953,748,6742,7730,1104
4499,3623,5353,850,3383
1102,103,194,5967,4703
2317,3206,5362,1848,2996
1324,6968,2730,6537,1037
3517,6256,9891,4036,443
9813,6989,1191,6555,4720
2296,1055,8344,7649,1905
1727,8751,2009,1921,4718
6713,4238,7925,2075,6086
922,3400,3055,3652,9937
4092,7169,6193,3984,1206
6637,3797,8196,7829,353
2916,125,1409,1260,7775
3315,2988,6526,5324,4909
1245,2037,9148,9170,4112
5235,93,7512,8290,3745
7450,2383,915,3644,6367
2122,281,165,318,8111
518,3235,8237,1927,4495
6012,5243,7484,2539,567
2393,3785,2604,1542,2956
6717,6777,3049,4230,5068
6795,1680,7451,7711,5325
3819,9833,5607,3984,152
3718,4503,3387,1956,6431
7883,7968,1674,5367,508
2241,7761,4293,4846,9303
7249,1563,6081,298,5794
1149,7093,7475,8601,4805
2800,2420,4638,8407,6405
4790,2126,908,8178,4082
7339,6061,2050,9013,1429
2559,1255,9190,6852,6101
8494,4102,7665,4575,4401
3459,5725,1495,934,4326
6300,3735,6747,938,2142
3153,5729,4268,4061,3908
8350,1401,9969,401,415
1399,2961,1670,589,9813
7771,9083,3916,5436,3659
8317,8896,9384,9812,9831
3711,6112,3566,458,7051
5709,3611,2781,9977,7673
6689,8328,9075,6659,8730
9490,8058,1691,1160,8648
1505,8932,7732,5421,4369
1391,3739,3265,775,3551
3096,4487,9664,6663,4945
6716,2372,8557,9498,2349
6231,6187,678,5306,2847
9408,4796,906,1099,5957
9554,2605,4889,7286,8026
9258,8677,1765,2523,9453
5317,5620,3940,4982,2283
8886,1698,4655,7444,1196
7005,3676,7384,7684,8982
232,7093,3779,1138,8192
9736,693,798,4625,7979
8824,3884,6657,590,6408
6111,5908,2028,51,890
4312,8938,2588,8968,6383
3785,5974,59,1170,3658
9041,1402,751,2821,2541
8944,2557,3234,9743,7183
1214,8567,1068,7871,9158
7476,3982,5066,9505,4034
5956,3818,2973,8545,2786
9356,2330,8761,9415,3501
2420,8457,4904,3172,1279
7445,2117,3836,680,1860
1020,1894,428,2088,9765
9586,9564,3748,4653,9070
7782,609,2888,756,9155
5675,112,1486,4436,9528
4987,6856,7986,9891,29
9265,7337,2146,3102,8017
4006,4123,9911,4435,6211
9677,4021,5776,3425,8675
4846,1208,9285,7734,1964
8440,3409,2077,9926,7846
1606,4914,4703,9592,4805
4732,8858,2143,6878,1961
160,885,6084,71,5320
2295,9749,9342,8072,3174
8017,2918,4383,7302,653
6348,5743,4063,8425,5669
1909,31,584,6612,9624
5389,1345,8482,7533,8223
444,7693,9109,6528,7765
4430,8824,7514,3772,6896
689,1790,9815,5072,9092
469,1420,4835,4532,9846
505,6442,9877,1089,3055
9501,6479,4400,7984,4012
2624,8428,1706,1734,4957
9471,6164,3782,6985,9936
678,7675,1726,494,2747
819,963,4168,5655,5496
4014,6160,1939,3892,7250
4994,3394,3730,9395,1378
7743,2019,9807,9449,3753
4765,8920,9917,8547,5906
9854,9226,3582,1580,9720
6330,2399,684,498,8054
6181,4513,4215,8120,8405
1466,3115,1799,5196,2510
3178,2940,4529,2985,2389
8283,7751,1310,8201,6298
7217,8055,5524,799,9635
5245,7129,2035,5930,7628
90,2111,2141,4306,231
546,5772,3346,2345,969
5857,5524,3909,387,8510
6299,8670,6261,7609,6872
2559,4826,4927,8084,5626
4563,3329,2755,6599,9260
383,6689,1371,2525,995
1603,3071,6768,4950,5417
7737,807,941,1647,1194
9451,7946,9865,5712,5555
6737,8272,382,1665,6357
6008,6228,9687,8764,2828
8947,9148,9517,318,1673
513,1922,4745,7281,6872
162,5019,7680,1103,6666
8874,555,4612,8740,6268
167,5478,4541,550,7143
898,6559,3372,585,5324
6200,9532,4472,5718,9851
6146,6231,1773,891,3513
8646,1053,8532,6326,2157
5198,5201,2713,9810,3942
8981,9978,9420,3522,529
6563,4421,7088,9936,5006
2412,6136,4539,6885,1854
4391,3031,8085,6165,3922
1599,4811,4976,131,1138
7134,5329,6339,9847,5140
281,8829,5119,9702,2352
5648,6265,6773,2737,6201
1780,5149,2338,6319,2035
4192,710,5066,2278,6875
8989,3877,1687,3965,4009
2825,1100,9338,9165,947
4479,9446,9776,9598,9148
2129,5247,5414,8902,7984
1616,682,3134,3954,7002
5169,8147,7713,236,426
4589,9225,4304,6276,3191
8313,9102,4291,7652,8267
5239,2131,7713,5016,1730
6862,7145,6978,2277,6047
4962,3893,6730,8097,7848
3732,3267,5996,1445,3503
6422,6035,2729,727,2311
5920,9040,1413,212,6693
9680,5451,8825,7394,467
556,4257,7612,7534,6534
3660,2497,427,390,594
8276,4123,3861,4272,5569
7365,695,1604,94,1423
3915,6014,464,5329,6227
7157,5010,1678,5982,2404
2145,6538,6662,9758,4073
3196,3419,6570,3624,3810
7164,1900,7933,1026,6173
3502,8391,6869,5106,8486
8293,9022,4501,8757,4351
728,5914,9361,2406,1897
1766,4552,8436,8428,4311
2509,1625,7730,9079,5249
1540,6244,7150,9473,7271
3324,2976,5663,194,8082
4149,8487,7105,8650,7244
1456,9378,3159,818,1785
5056,2585,6337,3493,1014
648,6002,2639,8379,5082
7889,9920,1327,5039,9394
8598,8364,2370,4262,8558
453,8411,7045,7558,7062
4289,9015,6441,7448,9833
8226,2505,2419,4564,5998
3433,5212,2001,6072,3592
7083,3962,3512,8411,9001
2906,7010,7365,5277,1272
5924,5730,9684,2969,3288
6746,7258,2303,3187,4706
2137,1414,7211,4556,5978
3210,7989,1191,5211,4062
4783,2294,8024,8296,705
7026,1202,7716,4392,6479
8988,316,2210,8672,3285
5498,5419,544,7802,8607
5250,9940,21,2462,4496
5999,5672,2486,7190,883
6548,1974,3178,4573,270
3884,1600,1473,1600,5992
7953,589,6309,163,9261
9595,5662,4681,139,3465
3288,5389,3405,3310,7852
7901,9309,3525,387,6500
4409,6936,8475,7588,1509
8745,1472,3109,218,3073
9102,8172,3662,5411,8335
2924,5006,3998,7606,5145
7463,894,535,868,4205
8388,8770,3514,1913,9157
15,6323,6093,8490,3911
7603,7236,5384,713,7455
8457,9815,5627,2120,5226
3963,5044,233,7961,2650
5379,5425,3545,5914,6293
7750,4303,5063,1265,6217
4221,1281,2540,315,9771
6451,7919,7007,1835,8632
4463,293,8447,90,2413
3674,4053,7458,3907,2015
109,9286,7440,3655,5201
3733,1405,9505,8797,2671
5722,3019,3952,8262,3335
3724,4714,1254,732,6549
9886,5195,6843,8333,5286
9256,2007,9339,6714,5915
1355,6824,5202,8795,479
404,2529,1885,9909,1327
4556,5631,4346,8509,3894
7681,2233,8608,8935,2966
5158,8821,8161,2001,7155
3448,1257,9163,2787,7972
5079,4143,4796,281,2938
5275,685,5467,7160,595
6794,1717,6227,1141,226
121,8822,2460,8730,7758
5426,3888,6580,3588,5889
3736,7036,7147,2899,9824
5120,7978,3967,9916,8260
6906,5192,8946,2373,2353
9541,9168,4070,5769,309
4297,5890,9132,6757,4621
6890,2184,8509,3471,5773
4399,7207,2809,1547,107
2634,6667,8085,6601,6584
6346,3508,1776,5292,5881
4130,4833,5050,8201,602
5359,2498,6493,4492,9256
1114,1383,1441,9624,4854
7214,4023,2062,23,5570
2169,2658,2238,255,9260
8822,6601,2768,599,1893
8649,4729,6727,3700,2930
7330,9059,5429,3823,3552
4685,4938,4935,6126,4562
9789,3341,8586,1852,3364
4157,4022,6022,6395,4277
5282,5218,879,8051,5817
2772,6701,546,9500,401
3476,6830,9461,8906,654
3013,3592,5592,7948,9719
155,7738,3060,8742,9590
6425,2900,3612,2448,9296
7890,7731,4514,8769,5782
331,1542,2483,877,1042
2884,4354,7872,2345,3260
8527,5358,6852,4120,3307
6572,4276,1045,9632,3018
636,6057,5919,4249,8505
5215,2140,6236,9729,909
2018,60,2451,4501,938
3494,7385,5293,1367,9731
8554,9894,5090,5406,4014
8397,1978,8290,9443,1611
1308,79,7668,7227,4329
6173,2443,6469,2410,2172
7379,4428,2233,9831,8930
3172,3325,6316,8465,4692
6047,7019,4586,1137,2426
8601,9535,4405,6891,8978
6016,8200,9058,3684,5428
3387,9858,7871,9857,2268
44,7237,6697,2277,7068
5627,5449,394,1943,3914
5086,7991,934,9673,9128
3360,8274,8663,7765,5166
7642,3781,3366,6700,7466
8794,88,7325,6665,9946
9593,6710,7183,6290,8987
4251,1918,4437,4645,3861
8352,9732,1852,9286,9406
981,2646,7681,9645,412
2847,7287,4194,6214,3988
1660,5008,4076,8985,1674
4022,8579,8384,1205,4870
7372,5457,6788,1810,102
650,162,9835,2502,9449
9242,3484,2096,6924,3129
2508,9771,416,6702,5986
4405,8363,994,8481,7349
2669,2504,5928,1054,3709
799,8426,9166,7587,237
9269,8237,399,9105,740
9849,8347,4224,1945,5272
7353,4454,5043,7770,1157
1029,2175,9521,2024,657
6870,4694,3161,2799,5748
6871,3598,4175,6037,1186
4412,5307,9423,4812,4413
164,4661,2761,4388,6607
8033,1742,1061,3077,9513
2219,4106,1689,1740,6131
2346,8610,825,5508,1410
6574,2379,5008,749,8417
6194,5161,3724,5618,9974
8138,5782,4635,899,170
1243,8932,1913,2304,2009
1426,4523,6116,3115,6264
2248,5462,4874,3074,970
6284,9648,3349,1293,397
1766,7488,5559,5491,3106
5533,3629,8888,169,4529
9059,1412,3461,973,3717
5471,2399,8241,1588,5515
4505,3836,977,9380,6910
1947,5664,6558,5297,6958
6956,7064,4446,2515,2555
7552,8049,6185,6441,8218
714,5501,9631,4176,6474
3348,9648,8874,1589,1236
4389,6095,5073,5366,5475
1984,7314,1140,8543,2611
8098,5499,9676,2545,8015
2231,98,6064,8417,6540
4282,9132,2041,3913,3309
8516,7261,2958,7391,8851
4195,1780,4946,9268,7147
422,1253,4461,1562,9796
7073,9661,5295,6749,2206
3310,8981,2305,9374,7399
8845,3657,6531,887,7570
9841,9403,4832,2799,6794
3684,6994,8575,8631,6262
5722,9054,7516,184,616
7312,7257,278,2608,4007
2485,5918,2989,4790,5293
388,3635,8950,6920,4522
6521,6761,3926,1354,9560
721,5039,6554,9296,3671
2817,5019,2725,333,5203
3342,7646,2461,3620,254
6469,6105,6173,9458,896
1466,9847,4531,417,6767
9054,6939,3528,2980,8294
3089,3702,3333,9644,2999
7005,2462,8019,9730,2796
3222,3072,442,5684,6693
696,2154,2799,6869,1613
3695,8336,1460,8227,8753
8227,7281,5693,1755,262
3987,4845,3964,7321,4489
6964,4326,6951,4983,4057
9747,8206,7129,189,3890
3822,886,6045,6621,7756
7658,317,6092,9118,8544
4846,7345,5825,539,9101
6088,4527,3946,52,1849
8435,7017,6176,5387,2000
233,5134,206,7362,5324
4097,1185,6210,142,7807
3967,7800,8124,59,6919
6668,4906,4264,2494,5446
3366,8582,9973,7312,8635
1823,5748,5652,7999,1135
7652,8232,6270,7859,5594
1594,1956,6780,7805,2099
4587,1772,9900,2712,1832
6819,9381,6738,1084,1875
2184,4450,458,2158,1763
9094,3981,7511,4746,1980
8647,2399,212,4917,258
5807,6512,2215,2587,4318
4314,7175,6090,4214,9887
7923,1033,9268,4662,2118
1144,6846,6568,1603,9005
8332,697,2986,5843,5444
4967,4491,7843,5179,9408
8102,986,5921,318,3574
239,4632,749,6330,8847
636,4253,9881,9905,8915
1999,1049,5762,8568,2652
4767,6900,3349,7754,2744
8793,2721,7235,6637,7901
6644,4740,8888,2565,5058
2462,2804,9691,3211,9134
8538,3848,3388,8419,3753
2303,418,4802,8066,8987
7455,2834,5887,805,588
8631,9599,3309,5867,6237
1210,2511,977,98,5076
6036,2561,7881,5727,5773
7016,4266,9621,404,2685
3375,2708,3104,8178,774
2091,5633,3608,7979,6438
4197,6610,6037,7507,2477
2274,8718,4989,3252,8816
65,9289,1378,7947,5017
7151,4963,9283,6773,5367
1969,148,8075,5073,8326
8850,7165,3959,2459,5144
398,6657,1755,6436,4164
4233,8711,2882,9222,1963
1699,9288,1252,3077,7235
6270,229,2198,5553,7002
7566,7522,7150,5642,2596
5476,4493,9762,9436,6952
4907,9835,3609,6662,6271
7773,895,4983,656,117
6947,2355,9406,8200,5432
6641,4470,5661,8840,23
2663,6406,7546,9814,2048
143,5291,6541,9905,4728
3494,4812,4563,7104,1474
835,4878,2370,5818,5534
2488,2765,7889,1894,965
3322,8535,5435,8984,7375
5459,1648,3782,3005,1462
5831,3148,6753,2373,3053
1481,5867,7866,6045,2972
9340,6880,7850,1711,2699
3384,4199,5465,1274,6093
6430,4596,4629,1866,3581
2005,7325,5229,5787,331
6691,1619,3480,3445,3992
6533,4927,9860,4400,972
2832,3741,7853,683,5452
552,4068,9651,6017,5342
5744,2448,9939,374,4315
3520,2379,1641,8749,8166
1972,5441,9785,5452,8886
3778,1986,3813,3638,6386
4786,6471,127,2639,7154
5579,3191,1222,5231,9209
6564,976,1658,6504,1350
5973,24,3729,7614,8774
1896,9587,4215,1682,5040
3101,5460,7026,6915,9098
3413,1701,5569,3541,4340
2724,9121,7532,3946,4352
6742,511,5329,8400,7015
6679,4374,7040,409,1989
5814,2305,1576,29,3987
6616,3131,9448,3643,47
8546,7057,1748,4116,598
6089,6840,9719,3622,787
4072,364,1298,9401,8765
8314,6080,3139,5354,6490
5129,1169,8795,6705,1199
2783,3322,4331,2231,6966
4378,778,4023,6127,4894
4621,2216,1735,4341,5838
2522,8413,6203,3820,7814
4969,2134,3895,8109,7489
385,3238,8659,9181,9944
9858,1964,3266,4189,4196
233,8567,4974,4256,4694
9869,8878,6911,1604,3219
2750,4126,1633,8954,7947
9447,3923,82,3343,2032
7571,3728,5270,6231,2909
5214,6089,4874,8481,278
9070,8714,8846,4045,2971
3541,3914,1849,452,5518
5069,3202,9645,6702,2156
7592,6150,6080,7674,9493
8112,5246,3221,3383,1477
6131,8598,7567,1005,7079
7845,76,5794,6692,4121
8766,233,8035,615,686
3554,5685,3889,3199,2388
6046,791,8538,2126,8466
8031,238,3712,1253,3622
5190,7384,2220,2757,8390
9300,603,8466,5094,7295
2588,3861,7529,624,4477
8215,4178,162,2105,7377
2550,8151,8169,1088,277
6635,9120,516,347,373
4138,5538,7757,6358,8295
6148,5659,8898,4615,754
6193,7203,4615,3723,7827
9092,1939,2006,9254,4044
9384,1805,2195,7553,2894
2473,4188,2014,2989,4536
2387,7127,74,145,3486
8370,6293,9145,7268,908
9899,3462,8112,4514,7185
5940,3607,9125,7946,2861
3169,7330,4667,5365,4884
7561,7838,9073,9575,828
3610,1963,7955,3684,2108
1442,2055,8401,588,9323
9310,487,2785,7422,5002
9971,3363,8609,9096,1309
1471,2266,8640,6138,7632
3525,3700,5470,2598,3275
6299,6208,5238,4254,9893
7346,5697,1948,5748,6285
1271,5059,6773,4057,2482
1775,4029,5845,385,3126
7155,1857,5393,5795,7995
3025,9320,1696,8496,1919
4971,4795,8127,210,9050
8021,7557,4747,9969,3305
1033,1241,8365,7806,5299
847,9582,9328,6692,9967
2455,3847,1824,7848,9643
9820,873,8964,1516,9369
883,6488,4165,9011,6698
3215,7032,4256,7963,7001
7562,8996,8243,5927,6802
3542,6774,6384,2871,3467
6352,5326,7314,8177,3174
6958,7998,4047,5922,9515
3417,6805,6004,7582,5816
2702,797,2849,6959,8761
9850,4521,7757,8093,448
4560,1636,7222,945,4507
690,7298,9833,8004,5475
3007,4963,3474,7055,885
2989,472,7691,8993,8054
3508,1696,8852,6357,8655
7613,6208,3176,5371,4302
3624,9931,5938,847,876
446,1538,8175,279,9543
3650,3287,4506,7124,342
5391,114,814,3083,9107
8869,6592,804,7721,2949
9459,5335,9158,2636,706
3460,6261,637,9399,7109
1514,9845,8647,9689,125
8190,3340,3412,2696,465
3755,8088,579,4570,1172
9687,3439,7764,491,1161
714,9951,6496,9872,2588
7202,3333,8849,7840,2732
5958,9355,2578,4606,9045
2704,2796,2386,6117,5493
2851,9872,3582,3431,4442
4754,3119,7882,2518,3610
9043,3233,3562,5539,3105
6150,2742,6438,5000,583
9171,959,9938,1750,5565
8984,4454,8362,1370,571
3855,4222,444,7437,7654
4887,2192,773,2769,4710
4384,1813,7943,7946,7352
1049,4097,95,7488,9097
678,6659,56,617,8409
5621,9601,2864,3983,972
3436,7839,5195,3880,5277
2849,8768,7469,3622,1537
2180,8006,3350,123,5953
703,1173,51,798,8661
9148,1477,5321,9205,2094
3731,4827,1696,6595,8811
2669,31,6650,7864,3912
1927,714,2681,9396,4336
4219,1576,2343,7570,1700
8297,8273,2874,8348,9072
